72057594037945259,0,2.878804,9009.641,0,0.38,-0.1,0,0.38,-0.1,0,0.38,-0.1,0,0.38,-0.1,0,0.38,-0.1,0,0.38,-0.1,0,0.38,-0.1,0,0.38,-0.1,0,0.38,-0.1,0,0.38,-0.1,0,0.38,-0.1,0,0.38,-0.1,0,0.38,-0.1,0,0.38,-0.1,0,0.38,-0.1,0,0.38,-0.1,0,0.38,-0.1
72057594037945259,0,0.9386243,9009.645,0.8821747,0.82172,2.472124,0.9115511,1.068583,2.380015,0.8499488,0.8877874,2.427036,0.9447076,0.9782161,2.231661,0.9608783,1.153529,2.222877,0.9674028,1.212674,2.222752,0.9890162,0.8256525,2.346253,0.9574988,0.9880611,2.235507,0.8749869,0.773715,2.311811,0.8594544,0.7139592,2.330645,0.8413876,0.8312379,2.470239,1.042595,0.7292943,2.293422,1.000964,0.6200129,2.618189,0.9047515,0.8030753,2.42088,1.1361,0.9072354,2.319718,1.028201,0.7599946,2.616125,0.896688,0.9354923,2.41125
72057594037945259,0,0.9386243,9009.647,0.8821747,0.82172,2.472124,0.9115511,1.068583,2.380015,0.8499488,0.8877874,2.427036,0.9447076,0.9782161,2.231661,0.9608783,1.153529,2.222877,0.9674028,1.212674,2.222752,0.9890162,0.8256525,2.346253,0.9574988,0.9880611,2.235507,0.8749869,0.773715,2.311811,0.8594544,0.7139592,2.330645,0.8413876,0.8312379,2.470239,1.042595,0.7292943,2.293422,1.000964,0.6200129,2.618189,0.9047515,0.8030753,2.42088,1.1361,0.9072354,2.319718,1.028201,0.7599946,2.616125,0.896688,0.9354923,2.41125
72057594037945259,0,0.9386243,9009.65,0.8821747,0.82172,2.472124,0.9115511,1.068583,2.380015,0.8499488,0.8877874,2.427036,0.9447076,0.9782161,2.231661,0.9608783,1.153529,2.222877,0.9674028,1.212674,2.222752,0.9890162,0.8256525,2.346253,0.9574988,0.9880611,2.235507,0.8749869,0.773715,2.311811,0.8594544,0.7139592,2.330645,0.8413876,0.8312379,2.470239,1.042595,0.7292943,2.293422,1.000964,0.6200129,2.618189,0.9047515,0.8030753,2.42088,1.1361,0.9072354,2.319718,1.028201,0.7599946,2.616125,0.896688,0.9354923,2.41125
72057594037945259,0,0.9386243,9009.653,0.8821747,0.82172,2.472124,0.9115511,1.068583,2.380015,0.8499488,0.8877874,2.427036,0.9447076,0.9782161,2.231661,0.9608783,1.153529,2.222877,0.9674028,1.212674,2.222752,0.9890162,0.8256525,2.346253,0.9574988,0.9880611,2.235507,0.8749869,0.773715,2.311811,0.8594544,0.7139592,2.330645,0.8413876,0.8312379,2.470239,1.042595,0.7292943,2.293422,1.000964,0.6200129,2.618189,0.9047515,0.8030753,2.42088,1.1361,0.9072354,2.319718,1.028201,0.7599946,2.616125,0.896688,0.9354923,2.41125
72057594037945259,0,0.9386243,9009.655,0.8821747,0.82172,2.472124,0.9115511,1.068583,2.380015,0.8499488,0.8877874,2.427036,0.9447076,0.9782161,2.231661,0.9608783,1.153529,2.222877,0.9674028,1.212674,2.222752,0.9890162,0.8256525,2.346253,0.9574988,0.9880611,2.235507,0.8749869,0.773715,2.311811,0.8594544,0.7139592,2.330645,0.8413876,0.8312379,2.470239,1.042595,0.7292943,2.293422,1.000964,0.6200129,2.618189,0.9047515,0.8030753,2.42088,1.1361,0.9072354,2.319718,1.028201,0.7599946,2.616125,0.896688,0.9354923,2.41125
72057594037945259,0,0.9386243,9009.658,0.8821747,0.82172,2.472124,0.9115511,1.068583,2.380015,0.8499488,0.8877874,2.427036,0.9447076,0.9782161,2.231661,0.9608783,1.153529,2.222877,0.9674028,1.212674,2.222752,0.9890162,0.8256525,2.346253,0.9574988,0.9880611,2.235507,0.8749869,0.773715,2.311811,0.8594544,0.7139592,2.330645,0.8413876,0.8312379,2.470239,1.042595,0.7292943,2.293422,1.000964,0.6200129,2.618189,0.9047515,0.8030753,2.42088,1.1361,0.9072354,2.319718,1.028201,0.7599946,2.616125,0.896688,0.9354923,2.41125
72057594037945259,0,0.9386243,9009.661,0.8821747,0.82172,2.472124,0.9115511,1.068583,2.380015,0.8499488,0.8877874,2.427036,0.9447076,0.9782161,2.231661,0.9608783,1.153529,2.222877,0.9674028,1.212674,2.222752,0.9890162,0.8256525,2.346253,0.9574988,0.9880611,2.235507,0.8749869,0.773715,2.311811,0.8594544,0.7139592,2.330645,0.8413876,0.8312379,2.470239,1.042595,0.7292943,2.293422,1.000964,0.6200129,2.618189,0.9047515,0.8030753,2.42088,1.1361,0.9072354,2.319718,1.028201,0.7599946,2.616125,0.896688,0.9354923,2.41125
72057594037945259,0,0.9386243,9009.664,0.8821747,0.82172,2.472124,0.9115511,1.068583,2.380015,0.8499488,0.8877874,2.427036,0.9447076,0.9782161,2.231661,0.9608783,1.153529,2.222877,0.9674028,1.212674,2.222752,0.9890162,0.8256525,2.346253,0.9574988,0.9880611,2.235507,0.8749869,0.773715,2.311811,0.8594544,0.7139592,2.330645,0.8413876,0.8312379,2.470239,1.042595,0.7292943,2.293422,1.000964,0.6200129,2.618189,0.9047515,0.8030753,2.42088,1.1361,0.9072354,2.319718,1.028201,0.7599946,2.616125,0.896688,0.9354923,2.41125
72057594037945259,0,0.9386243,9009.666,0.8821747,0.82172,2.472124,0.9115511,1.068583,2.380015,0.8499488,0.8877874,2.427036,0.9447076,0.9782161,2.231661,0.9608783,1.153529,2.222877,0.9674028,1.212674,2.222752,0.9890162,0.8256525,2.346253,0.9574988,0.9880611,2.235507,0.8749869,0.773715,2.311811,0.8594544,0.7139592,2.330645,0.8413876,0.8312379,2.470239,1.042595,0.7292943,2.293422,1.000964,0.6200129,2.618189,0.9047515,0.8030753,2.42088,1.1361,0.9072354,2.319718,1.028201,0.7599946,2.616125,0.896688,0.9354923,2.41125
72057594037945259,0,0.9386243,9009.669,0.8821747,0.82172,2.472124,0.9115511,1.068583,2.380015,0.8499488,0.8877874,2.427036,0.9447076,0.9782161,2.231661,0.9608783,1.153529,2.222877,0.9674028,1.212674,2.222752,0.9890162,0.8256525,2.346253,0.9574988,0.9880611,2.235507,0.8749869,0.773715,2.311811,0.8594544,0.7139592,2.330645,0.8413876,0.8312379,2.470239,1.042595,0.7292943,2.293422,1.000964,0.6200129,2.618189,0.9047515,0.8030753,2.42088,1.1361,0.9072354,2.319718,1.028201,0.7599946,2.616125,0.896688,0.9354923,2.41125
72057594037945259,0,1.021078,9009.672,0.9478538,0.8450826,2.402678,0.9161795,1.0614,2.371015,0.8546339,0.8872852,2.419648,0.9452213,0.9774942,2.228808,0.9908248,1.141527,2.25288,1.007101,1.196871,2.263562,1.027102,0.8405662,2.329343,0.9615406,0.9932982,2.230194,0.8566741,1.117733,2.310287,0.843765,1.115161,2.31672,0.9043605,0.8497545,2.397696,1.080233,0.7123839,2.245116,0.8476256,0.8112092,2.418715,0.9725565,0.831187,2.358029,1.197894,0.9265463,2.365695,1.092473,0.8038626,2.652451,0.9126443,0.9351673,2.391049
72057594037945259,0,1.021078,9009.674,0.9478538,0.8450826,2.402678,0.9161795,1.0614,2.371015,0.8546339,0.8872852,2.419648,0.9452213,0.9774942,2.228808,0.9908248,1.141527,2.25288,1.007101,1.196871,2.263562,1.027102,0.8405662,2.329343,0.9615406,0.9932982,2.230194,0.8566741,1.117733,2.310287,0.843765,1.115161,2.31672,0.9043605,0.8497545,2.397696,1.080233,0.7123839,2.245116,0.8476256,0.8112092,2.418715,0.9725565,0.831187,2.358029,1.197894,0.9265463,2.365695,1.092473,0.8038626,2.652451,0.9126443,0.9351673,2.391049
72057594037945259,0,1.021078,9009.677,0.9478538,0.8450826,2.402678,0.9161795,1.0614,2.371015,0.8546339,0.8872852,2.419648,0.9452213,0.9774942,2.228808,0.9908248,1.141527,2.25288,1.007101,1.196871,2.263562,1.027102,0.8405662,2.329343,0.9615406,0.9932982,2.230194,0.8566741,1.117733,2.310287,0.843765,1.115161,2.31672,0.9043605,0.8497545,2.397696,1.080233,0.7123839,2.245116,0.8476256,0.8112092,2.418715,0.9725565,0.831187,2.358029,1.197894,0.9265463,2.365695,1.092473,0.8038626,2.652451,0.9126443,0.9351673,2.391049
72057594037945259,0,1.021078,9009.679,0.9478538,0.8450826,2.402678,0.9161795,1.0614,2.371015,0.8546339,0.8872852,2.419648,0.9452213,0.9774942,2.228808,0.9908248,1.141527,2.25288,1.007101,1.196871,2.263562,1.027102,0.8405662,2.329343,0.9615406,0.9932982,2.230194,0.8566741,1.117733,2.310287,0.843765,1.115161,2.31672,0.9043605,0.8497545,2.397696,1.080233,0.7123839,2.245116,0.8476256,0.8112092,2.418715,0.9725565,0.831187,2.358029,1.197894,0.9265463,2.365695,1.092473,0.8038626,2.652451,0.9126443,0.9351673,2.391049
72057594037945259,0,1.021078,9009.682,0.9478538,0.8450826,2.402678,0.9161795,1.0614,2.371015,0.8546339,0.8872852,2.419648,0.9452213,0.9774942,2.228808,0.9908248,1.141527,2.25288,1.007101,1.196871,2.263562,1.027102,0.8405662,2.329343,0.9615406,0.9932982,2.230194,0.8566741,1.117733,2.310287,0.843765,1.115161,2.31672,0.9043605,0.8497545,2.397696,1.080233,0.7123839,2.245116,0.8476256,0.8112092,2.418715,0.9725565,0.831187,2.358029,1.197894,0.9265463,2.365695,1.092473,0.8038626,2.652451,0.9126443,0.9351673,2.391049
72057594037945259,0,1.021078,9009.685,0.9478538,0.8450826,2.402678,0.9161795,1.0614,2.371015,0.8546339,0.8872852,2.419648,0.9452213,0.9774942,2.228808,0.9908248,1.141527,2.25288,1.007101,1.196871,2.263562,1.027102,0.8405662,2.329343,0.9615406,0.9932982,2.230194,0.8566741,1.117733,2.310287,0.843765,1.115161,2.31672,0.9043605,0.8497545,2.397696,1.080233,0.7123839,2.245116,0.8476256,0.8112092,2.418715,0.9725565,0.831187,2.358029,1.197894,0.9265463,2.365695,1.092473,0.8038626,2.652451,0.9126443,0.9351673,2.391049
72057594037945259,0,1.021078,9009.687,0.9478538,0.8450826,2.402678,0.9161795,1.0614,2.371015,0.8546339,0.8872852,2.419648,0.9452213,0.9774942,2.228808,0.9908248,1.141527,2.25288,1.007101,1.196871,2.263562,1.027102,0.8405662,2.329343,0.9615406,0.9932982,2.230194,0.8566741,1.117733,2.310287,0.843765,1.115161,2.31672,0.9043605,0.8497545,2.397696,1.080233,0.7123839,2.245116,0.8476256,0.8112092,2.418715,0.9725565,0.831187,2.358029,1.197894,0.9265463,2.365695,1.092473,0.8038626,2.652451,0.9126443,0.9351673,2.391049
72057594037945259,0,1.021078,9009.689,0.9478538,0.8450826,2.402678,0.9161795,1.0614,2.371015,0.8546339,0.8872852,2.419648,0.9452213,0.9774942,2.228808,0.9908248,1.141527,2.25288,1.007101,1.196871,2.263562,1.027102,0.8405662,2.329343,0.9615406,0.9932982,2.230194,0.8566741,1.117733,2.310287,0.843765,1.115161,2.31672,0.9043605,0.8497545,2.397696,1.080233,0.7123839,2.245116,0.8476256,0.8112092,2.418715,0.9725565,0.831187,2.358029,1.197894,0.9265463,2.365695,1.092473,0.8038626,2.652451,0.9126443,0.9351673,2.391049
72057594037945259,0,1.021078,9009.691,0.9478538,0.8450826,2.402678,0.9161795,1.0614,2.371015,0.8546339,0.8872852,2.419648,0.9452213,0.9774942,2.228808,0.9908248,1.141527,2.25288,1.007101,1.196871,2.263562,1.027102,0.8405662,2.329343,0.9615406,0.9932982,2.230194,0.8566741,1.117733,2.310287,0.843765,1.115161,2.31672,0.9043605,0.8497545,2.397696,1.080233,0.7123839,2.245116,0.8476256,0.8112092,2.418715,0.9725565,0.831187,2.358029,1.197894,0.9265463,2.365695,1.092473,0.8038626,2.652451,0.9126443,0.9351673,2.391049
72057594037945259,0,1.021078,9009.694,0.9478538,0.8450826,2.402678,0.9161795,1.0614,2.371015,0.8546339,0.8872852,2.419648,0.9452213,0.9774942,2.228808,0.9908248,1.141527,2.25288,1.007101,1.196871,2.263562,1.027102,0.8405662,2.329343,0.9615406,0.9932982,2.230194,0.8566741,1.117733,2.310287,0.843765,1.115161,2.31672,0.9043605,0.8497545,2.397696,1.080233,0.7123839,2.245116,0.8476256,0.8112092,2.418715,0.9725565,0.831187,2.358029,1.197894,0.9265463,2.365695,1.092473,0.8038626,2.652451,0.9126443,0.9351673,2.391049
72057594037945259,0,1.021078,9009.696,0.9478538,0.8450826,2.402678,0.9161795,1.0614,2.371015,0.8546339,0.8872852,2.419648,0.9452213,0.9774942,2.228808,0.9908248,1.141527,2.25288,1.007101,1.196871,2.263562,1.027102,0.8405662,2.329343,0.9615406,0.9932982,2.230194,0.8566741,1.117733,2.310287,0.843765,1.115161,2.31672,0.9043605,0.8497545,2.397696,1.080233,0.7123839,2.245116,0.8476256,0.8112092,2.418715,0.9725565,0.831187,2.358029,1.197894,0.9265463,2.365695,1.092473,0.8038626,2.652451,0.9126443,0.9351673,2.391049
72057594037945259,0,1.021078,9009.699,0.9478538,0.8450826,2.402678,0.9161795,1.0614,2.371015,0.8546339,0.8872852,2.419648,0.9452213,0.9774942,2.228808,0.9908248,1.141527,2.25288,1.007101,1.196871,2.263562,1.027102,0.8405662,2.329343,0.9615406,0.9932982,2.230194,0.8566741,1.117733,2.310287,0.843765,1.115161,2.31672,0.9043605,0.8497545,2.397696,1.080233,0.7123839,2.245116,0.8476256,0.8112092,2.418715,0.9725565,0.831187,2.358029,1.197894,0.9265463,2.365695,1.092473,0.8038626,2.652451,0.9126443,0.9351673,2.391049
72057594037945259,0,1.021078,9009.702,0.9478538,0.8450826,2.402678,0.9161795,1.0614,2.371015,0.8546339,0.8872852,2.419648,0.9452213,0.9774942,2.228808,0.9908248,1.141527,2.25288,1.007101,1.196871,2.263562,1.027102,0.8405662,2.329343,0.9615406,0.9932982,2.230194,0.8566741,1.117733,2.310287,0.843765,1.115161,2.31672,0.9043605,0.8497545,2.397696,1.080233,0.7123839,2.245116,0.8476256,0.8112092,2.418715,0.9725565,0.831187,2.358029,1.197894,0.9265463,2.365695,1.092473,0.8038626,2.652451,0.9126443,0.9351673,2.391049
72057594037945259,0,1.021078,9009.706,0.9478538,0.8450826,2.402678,0.9161795,1.0614,2.371015,0.8546339,0.8872852,2.419648,0.9452213,0.9774942,2.228808,0.9908248,1.141527,2.25288,1.007101,1.196871,2.263562,1.027102,0.8405662,2.329343,0.9615406,0.9932982,2.230194,0.8566741,1.117733,2.310287,0.843765,1.115161,2.31672,0.9043605,0.8497545,2.397696,1.080233,0.7123839,2.245116,0.8476256,0.8112092,2.418715,0.9725565,0.831187,2.358029,1.197894,0.9265463,2.365695,1.092473,0.8038626,2.652451,0.9126443,0.9351673,2.391049
72057594037945259,0,0.9366309,9009.709,0.8821802,0.8742076,2.472857,0.9278514,1.060767,2.353316,0.8680039,0.9308121,2.402763,0.9559297,0.9799104,2.219712,0.9957954,1.140277,2.251398,1.010149,1.194387,2.264551,1.027539,0.8434749,2.319554,0.9766326,1.000597,2.215316,0.8638946,1.118963,2.302827,0.8274115,1.159098,2.334564,0.8405375,0.8868964,2.476937,1.003081,0.7996761,2.281731,0.8203105,0.7657715,2.433044,0.9070417,0.852106,2.419795,0.9121447,0.6234711,2.274588,0.8531655,0.5232198,2.571787,0.917783,0.9372659,2.383168
72057594037945259,0,0.9366309,9009.712,0.8821802,0.8742076,2.472857,0.9278514,1.060767,2.353316,0.8680039,0.9308121,2.402763,0.9559297,0.9799104,2.219712,0.9957954,1.140277,2.251398,1.010149,1.194387,2.264551,1.027539,0.8434749,2.319554,0.9766326,1.000597,2.215316,0.8638946,1.118963,2.302827,0.8274115,1.159098,2.334564,0.8405375,0.8868964,2.476937,1.003081,0.7996761,2.281731,0.8203105,0.7657715,2.433044,0.9070417,0.852106,2.419795,0.9121447,0.6234711,2.274588,0.8531655,0.5232198,2.571787,0.917783,0.9372659,2.383168
72057594037945259,0,0.9366309,9009.714,0.8821802,0.8742076,2.472857,0.9278514,1.060767,2.353316,0.8680039,0.9308121,2.402763,0.9559297,0.9799104,2.219712,0.9957954,1.140277,2.251398,1.010149,1.194387,2.264551,1.027539,0.8434749,2.319554,0.9766326,1.000597,2.215316,0.8638946,1.118963,2.302827,0.8274115,1.159098,2.334564,0.8405375,0.8868964,2.476937,1.003081,0.7996761,2.281731,0.8203105,0.7657715,2.433044,0.9070417,0.852106,2.419795,0.9121447,0.6234711,2.274588,0.8531655,0.5232198,2.571787,0.917783,0.9372659,2.383168
72057594037945259,0,0.9366309,9009.717,0.8821802,0.8742076,2.472857,0.9278514,1.060767,2.353316,0.8680039,0.9308121,2.402763,0.9559297,0.9799104,2.219712,0.9957954,1.140277,2.251398,1.010149,1.194387,2.264551,1.027539,0.8434749,2.319554,0.9766326,1.000597,2.215316,0.8638946,1.118963,2.302827,0.8274115,1.159098,2.334564,0.8405375,0.8868964,2.476937,1.003081,0.7996761,2.281731,0.8203105,0.7657715,2.433044,0.9070417,0.852106,2.419795,0.9121447,0.6234711,2.274588,0.8531655,0.5232198,2.571787,0.917783,0.9372659,2.383168
72057594037945259,0,0.9366309,9009.72,0.8821802,0.8742076,2.472857,0.9278514,1.060767,2.353316,0.8680039,0.9308121,2.402763,0.9559297,0.9799104,2.219712,0.9957954,1.140277,2.251398,1.010149,1.194387,2.264551,1.027539,0.8434749,2.319554,0.9766326,1.000597,2.215316,0.8638946,1.118963,2.302827,0.8274115,1.159098,2.334564,0.8405375,0.8868964,2.476937,1.003081,0.7996761,2.281731,0.8203105,0.7657715,2.433044,0.9070417,0.852106,2.419795,0.9121447,0.6234711,2.274588,0.8531655,0.5232198,2.571787,0.917783,0.9372659,2.383168
72057594037945259,0,0.9366309,9009.723,0.8821802,0.8742076,2.472857,0.9278514,1.060767,2.353316,0.8680039,0.9308121,2.402763,0.9559297,0.9799104,2.219712,0.9957954,1.140277,2.251398,1.010149,1.194387,2.264551,1.027539,0.8434749,2.319554,0.9766326,1.000597,2.215316,0.8638946,1.118963,2.302827,0.8274115,1.159098,2.334564,0.8405375,0.8868964,2.476937,1.003081,0.7996761,2.281731,0.8203105,0.7657715,2.433044,0.9070417,0.852106,2.419795,0.9121447,0.6234711,2.274588,0.8531655,0.5232198,2.571787,0.917783,0.9372659,2.383168
72057594037945259,0,0.9366309,9009.725,0.8821802,0.8742076,2.472857,0.9278514,1.060767,2.353316,0.8680039,0.9308121,2.402763,0.9559297,0.9799104,2.219712,0.9957954,1.140277,2.251398,1.010149,1.194387,2.264551,1.027539,0.8434749,2.319554,0.9766326,1.000597,2.215316,0.8638946,1.118963,2.302827,0.8274115,1.159098,2.334564,0.8405375,0.8868964,2.476937,1.003081,0.7996761,2.281731,0.8203105,0.7657715,2.433044,0.9070417,0.852106,2.419795,0.9121447,0.6234711,2.274588,0.8531655,0.5232198,2.571787,0.917783,0.9372659,2.383168
72057594037945259,0,0.9366309,9009.728,0.8821802,0.8742076,2.472857,0.9278514,1.060767,2.353316,0.8680039,0.9308121,2.402763,0.9559297,0.9799104,2.219712,0.9957954,1.140277,2.251398,1.010149,1.194387,2.264551,1.027539,0.8434749,2.319554,0.9766326,1.000597,2.215316,0.8638946,1.118963,2.302827,0.8274115,1.159098,2.334564,0.8405375,0.8868964,2.476937,1.003081,0.7996761,2.281731,0.8203105,0.7657715,2.433044,0.9070417,0.852106,2.419795,0.9121447,0.6234711,2.274588,0.8531655,0.5232198,2.571787,0.917783,0.9372659,2.383168
72057594037945259,0,0.9366309,9009.729,0.8821802,0.8742076,2.472857,0.9278514,1.060767,2.353316,0.8680039,0.9308121,2.402763,0.9559297,0.9799104,2.219712,0.9957954,1.140277,2.251398,1.010149,1.194387,2.264551,1.027539,0.8434749,2.319554,0.9766326,1.000597,2.215316,0.8638946,1.118963,2.302827,0.8274115,1.159098,2.334564,0.8405375,0.8868964,2.476937,1.003081,0.7996761,2.281731,0.8203105,0.7657715,2.433044,0.9070417,0.852106,2.419795,0.9121447,0.6234711,2.274588,0.8531655,0.5232198,2.571787,0.917783,0.9372659,2.383168
72057594037945259,0,0.9366309,9009.732,0.8821802,0.8742076,2.472857,0.9278514,1.060767,2.353316,0.8680039,0.9308121,2.402763,0.9559297,0.9799104,2.219712,0.9957954,1.140277,2.251398,1.010149,1.194387,2.264551,1.027539,0.8434749,2.319554,0.9766326,1.000597,2.215316,0.8638946,1.118963,2.302827,0.8274115,1.159098,2.334564,0.8405375,0.8868964,2.476937,1.003081,0.7996761,2.281731,0.8203105,0.7657715,2.433044,0.9070417,0.852106,2.419795,0.9121447,0.6234711,2.274588,0.8531655,0.5232198,2.571787,0.917783,0.9372659,2.383168
72057594037945259,0,0.9366309,9009.734,0.8821802,0.8742076,2.472857,0.9278514,1.060767,2.353316,0.8680039,0.9308121,2.402763,0.9559297,0.9799104,2.219712,0.9957954,1.140277,2.251398,1.010149,1.194387,2.264551,1.027539,0.8434749,2.319554,0.9766326,1.000597,2.215316,0.8638946,1.118963,2.302827,0.8274115,1.159098,2.334564,0.8405375,0.8868964,2.476937,1.003081,0.7996761,2.281731,0.8203105,0.7657715,2.433044,0.9070417,0.852106,2.419795,0.9121447,0.6234711,2.274588,0.8531655,0.5232198,2.571787,0.917783,0.9372659,2.383168
72057594037945259,0,0.9366309,9009.737,0.8821802,0.8742076,2.472857,0.9278514,1.060767,2.353316,0.8680039,0.9308121,2.402763,0.9559297,0.9799104,2.219712,0.9957954,1.140277,2.251398,1.010149,1.194387,2.264551,1.027539,0.8434749,2.319554,0.9766326,1.000597,2.215316,0.8638946,1.118963,2.302827,0.8274115,1.159098,2.334564,0.8405375,0.8868964,2.476937,1.003081,0.7996761,2.281731,0.8203105,0.7657715,2.433044,0.9070417,0.852106,2.419795,0.9121447,0.6234711,2.274588,0.8531655,0.5232198,2.571787,0.917783,0.9372659,2.383168
72057594037945259,0,0.9733917,9009.74,0.9040915,0.8533853,2.421355,0.9402264,1.064437,2.335871,0.8833638,0.9299129,2.387233,0.9511582,0.9846017,2.228076,1.011815,1.141252,2.227912,1.033096,1.194133,2.230467,1.059508,0.8222875,2.276707,0.9977252,1.022143,2.198922,0.8859613,1.008945,2.32322,0.8669743,0.9879722,2.333437,0.8627053,0.8694414,2.420464,0.9343699,1.085742,2.293941,0.7503863,1.037151,2.442855,0.927871,0.8281003,2.373112,0.83829,0.5909163,2.418523,0.7797918,0.4921346,2.718265,0.9283656,0.938036,2.365769
72057594037945259,0,0.9733917,9009.743,0.9040915,0.8533853,2.421355,0.9402264,1.064437,2.335871,0.8833638,0.9299129,2.387233,0.9511582,0.9846017,2.228076,1.011815,1.141252,2.227912,1.033096,1.194133,2.230467,1.059508,0.8222875,2.276707,0.9977252,1.022143,2.198922,0.8859613,1.008945,2.32322,0.8669743,0.9879722,2.333437,0.8627053,0.8694414,2.420464,0.9343699,1.085742,2.293941,0.7503863,1.037151,2.442855,0.927871,0.8281003,2.373112,0.83829,0.5909163,2.418523,0.7797918,0.4921346,2.718265,0.9283656,0.938036,2.365769
72057594037945259,0,0.9733917,9009.745,0.9040915,0.8533853,2.421355,0.9402264,1.064437,2.335871,0.8833638,0.9299129,2.387233,0.9511582,0.9846017,2.228076,1.011815,1.141252,2.227912,1.033096,1.194133,2.230467,1.059508,0.8222875,2.276707,0.9977252,1.022143,2.198922,0.8859613,1.008945,2.32322,0.8669743,0.9879722,2.333437,0.8627053,0.8694414,2.420464,0.9343699,1.085742,2.293941,0.7503863,1.037151,2.442855,0.927871,0.8281003,2.373112,0.83829,0.5909163,2.418523,0.7797918,0.4921346,2.718265,0.9283656,0.938036,2.365769
72057594037945259,0,0.9733917,9009.748,0.9040915,0.8533853,2.421355,0.9402264,1.064437,2.335871,0.8833638,0.9299129,2.387233,0.9511582,0.9846017,2.228076,1.011815,1.141252,2.227912,1.033096,1.194133,2.230467,1.059508,0.8222875,2.276707,0.9977252,1.022143,2.198922,0.8859613,1.008945,2.32322,0.8669743,0.9879722,2.333437,0.8627053,0.8694414,2.420464,0.9343699,1.085742,2.293941,0.7503863,1.037151,2.442855,0.927871,0.8281003,2.373112,0.83829,0.5909163,2.418523,0.7797918,0.4921346,2.718265,0.9283656,0.938036,2.365769
72057594037945259,0,0.9733917,9009.751,0.9040915,0.8533853,2.421355,0.9402264,1.064437,2.335871,0.8833638,0.9299129,2.387233,0.9511582,0.9846017,2.228076,1.011815,1.141252,2.227912,1.033096,1.194133,2.230467,1.059508,0.8222875,2.276707,0.9977252,1.022143,2.198922,0.8859613,1.008945,2.32322,0.8669743,0.9879722,2.333437,0.8627053,0.8694414,2.420464,0.9343699,1.085742,2.293941,0.7503863,1.037151,2.442855,0.927871,0.8281003,2.373112,0.83829,0.5909163,2.418523,0.7797918,0.4921346,2.718265,0.9283656,0.938036,2.365769
72057594037945259,0,0.9733917,9009.754,0.9040915,0.8533853,2.421355,0.9402264,1.064437,2.335871,0.8833638,0.9299129,2.387233,0.9511582,0.9846017,2.228076,1.011815,1.141252,2.227912,1.033096,1.194133,2.230467,1.059508,0.8222875,2.276707,0.9977252,1.022143,2.198922,0.8859613,1.008945,2.32322,0.8669743,0.9879722,2.333437,0.8627053,0.8694414,2.420464,0.9343699,1.085742,2.293941,0.7503863,1.037151,2.442855,0.927871,0.8281003,2.373112,0.83829,0.5909163,2.418523,0.7797918,0.4921346,2.718265,0.9283656,0.938036,2.365769
72057594037945259,0,0.9733917,9009.757,0.9040915,0.8533853,2.421355,0.9402264,1.064437,2.335871,0.8833638,0.9299129,2.387233,0.9511582,0.9846017,2.228076,1.011815,1.141252,2.227912,1.033096,1.194133,2.230467,1.059508,0.8222875,2.276707,0.9977252,1.022143,2.198922,0.8859613,1.008945,2.32322,0.8669743,0.9879722,2.333437,0.8627053,0.8694414,2.420464,0.9343699,1.085742,2.293941,0.7503863,1.037151,2.442855,0.927871,0.8281003,2.373112,0.83829,0.5909163,2.418523,0.7797918,0.4921346,2.718265,0.9283656,0.938036,2.365769
72057594037945259,0,0.9733917,9009.759,0.9040915,0.8533853,2.421355,0.9402264,1.064437,2.335871,0.8833638,0.9299129,2.387233,0.9511582,0.9846017,2.228076,1.011815,1.141252,2.227912,1.033096,1.194133,2.230467,1.059508,0.8222875,2.276707,0.9977252,1.022143,2.198922,0.8859613,1.008945,2.32322,0.8669743,0.9879722,2.333437,0.8627053,0.8694414,2.420464,0.9343699,1.085742,2.293941,0.7503863,1.037151,2.442855,0.927871,0.8281003,2.373112,0.83829,0.5909163,2.418523,0.7797918,0.4921346,2.718265,0.9283656,0.938036,2.365769
72057594037945259,0,0.9733917,9009.762,0.9040915,0.8533853,2.421355,0.9402264,1.064437,2.335871,0.8833638,0.9299129,2.387233,0.9511582,0.9846017,2.228076,1.011815,1.141252,2.227912,1.033096,1.194133,2.230467,1.059508,0.8222875,2.276707,0.9977252,1.022143,2.198922,0.8859613,1.008945,2.32322,0.8669743,0.9879722,2.333437,0.8627053,0.8694414,2.420464,0.9343699,1.085742,2.293941,0.7503863,1.037151,2.442855,0.927871,0.8281003,2.373112,0.83829,0.5909163,2.418523,0.7797918,0.4921346,2.718265,0.9283656,0.938036,2.365769
72057594037945259,0,0.9733917,9009.765,0.9040915,0.8533853,2.421355,0.9402264,1.064437,2.335871,0.8833638,0.9299129,2.387233,0.9511582,0.9846017,2.228076,1.011815,1.141252,2.227912,1.033096,1.194133,2.230467,1.059508,0.8222875,2.276707,0.9977252,1.022143,2.198922,0.8859613,1.008945,2.32322,0.8669743,0.9879722,2.333437,0.8627053,0.8694414,2.420464,0.9343699,1.085742,2.293941,0.7503863,1.037151,2.442855,0.927871,0.8281003,2.373112,0.83829,0.5909163,2.418523,0.7797918,0.4921346,2.718265,0.9283656,0.938036,2.365769
72057594037945259,0,0.9733917,9009.768,0.9040915,0.8533853,2.421355,0.9402264,1.064437,2.335871,0.8833638,0.9299129,2.387233,0.9511582,0.9846017,2.228076,1.011815,1.141252,2.227912,1.033096,1.194133,2.230467,1.059508,0.8222875,2.276707,0.9977252,1.022143,2.198922,0.8859613,1.008945,2.32322,0.8669743,0.9879722,2.333437,0.8627053,0.8694414,2.420464,0.9343699,1.085742,2.293941,0.7503863,1.037151,2.442855,0.927871,0.8281003,2.373112,0.83829,0.5909163,2.418523,0.7797918,0.4921346,2.718265,0.9283656,0.938036,2.365769
72057594037945259,0,0.9733917,9009.77,0.9040915,0.8533853,2.421355,0.9402264,1.064437,2.335871,0.8833638,0.9299129,2.387233,0.9511582,0.9846017,2.228076,1.011815,1.141252,2.227912,1.033096,1.194133,2.230467,1.059508,0.8222875,2.276707,0.9977252,1.022143,2.198922,0.8859613,1.008945,2.32322,0.8669743,0.9879722,2.333437,0.8627053,0.8694414,2.420464,0.9343699,1.085742,2.293941,0.7503863,1.037151,2.442855,0.927871,0.8281003,2.373112,0.83829,0.5909163,2.418523,0.7797918,0.4921346,2.718265,0.9283656,0.938036,2.365769
72057594037945259,0,0.9786195,9009.772,0.907097,0.8500751,2.414305,0.9483559,1.060323,2.324512,0.8949602,0.9134414,2.388779,0.9609951,1.002954,2.219607,0.941319,1.108659,2.332106,0.9358251,1.144568,2.372155,1.063672,0.8207303,2.271376,0.9983623,1.021667,2.196552,0.892592,1.00643,2.314662,0.8789256,0.9795524,2.332866,0.8645118,0.8660216,2.418832,1.040044,0.7799214,2.243709,0.8996034,0.9175822,2.37332,0.9339226,0.8253168,2.356102,0.8407701,0.6035042,2.42337,0.8434616,0.8394649,2.446778,0.9385268,0.935454,2.351366
72057594037945259,0,0.9786195,9009.774,0.907097,0.8500751,2.414305,0.9483559,1.060323,2.324512,0.8949602,0.9134414,2.388779,0.9609951,1.002954,2.219607,0.941319,1.108659,2.332106,0.9358251,1.144568,2.372155,1.063672,0.8207303,2.271376,0.9983623,1.021667,2.196552,0.892592,1.00643,2.314662,0.8789256,0.9795524,2.332866,0.8645118,0.8660216,2.418832,1.040044,0.7799214,2.243709,0.8996034,0.9175822,2.37332,0.9339226,0.8253168,2.356102,0.8407701,0.6035042,2.42337,0.8434616,0.8394649,2.446778,0.9385268,0.935454,2.351366
72057594037945259,0,0.9786195,9009.777,0.907097,0.8500751,2.414305,0.9483559,1.060323,2.324512,0.8949602,0.9134414,2.388779,0.9609951,1.002954,2.219607,0.941319,1.108659,2.332106,0.9358251,1.144568,2.372155,1.063672,0.8207303,2.271376,0.9983623,1.021667,2.196552,0.892592,1.00643,2.314662,0.8789256,0.9795524,2.332866,0.8645118,0.8660216,2.418832,1.040044,0.7799214,2.243709,0.8996034,0.9175822,2.37332,0.9339226,0.8253168,2.356102,0.8407701,0.6035042,2.42337,0.8434616,0.8394649,2.446778,0.9385268,0.935454,2.351366
72057594037945259,0,0.9786195,9009.779,0.907097,0.8500751,2.414305,0.9483559,1.060323,2.324512,0.8949602,0.9134414,2.388779,0.9609951,1.002954,2.219607,0.941319,1.108659,2.332106,0.9358251,1.144568,2.372155,1.063672,0.8207303,2.271376,0.9983623,1.021667,2.196552,0.892592,1.00643,2.314662,0.8789256,0.9795524,2.332866,0.8645118,0.8660216,2.418832,1.040044,0.7799214,2.243709,0.8996034,0.9175822,2.37332,0.9339226,0.8253168,2.356102,0.8407701,0.6035042,2.42337,0.8434616,0.8394649,2.446778,0.9385268,0.935454,2.351366
72057594037945259,0,0.9786195,9009.782,0.907097,0.8500751,2.414305,0.9483559,1.060323,2.324512,0.8949602,0.9134414,2.388779,0.9609951,1.002954,2.219607,0.941319,1.108659,2.332106,0.9358251,1.144568,2.372155,1.063672,0.8207303,2.271376,0.9983623,1.021667,2.196552,0.892592,1.00643,2.314662,0.8789256,0.9795524,2.332866,0.8645118,0.8660216,2.418832,1.040044,0.7799214,2.243709,0.8996034,0.9175822,2.37332,0.9339226,0.8253168,2.356102,0.8407701,0.6035042,2.42337,0.8434616,0.8394649,2.446778,0.9385268,0.935454,2.351366
72057594037945259,0,0.9786195,9009.786,0.907097,0.8500751,2.414305,0.9483559,1.060323,2.324512,0.8949602,0.9134414,2.388779,0.9609951,1.002954,2.219607,0.941319,1.108659,2.332106,0.9358251,1.144568,2.372155,1.063672,0.8207303,2.271376,0.9983623,1.021667,2.196552,0.892592,1.00643,2.314662,0.8789256,0.9795524,2.332866,0.8645118,0.8660216,2.418832,1.040044,0.7799214,2.243709,0.8996034,0.9175822,2.37332,0.9339226,0.8253168,2.356102,0.8407701,0.6035042,2.42337,0.8434616,0.8394649,2.446778,0.9385268,0.935454,2.351366
72057594037945259,0,0.9786195,9009.788,0.907097,0.8500751,2.414305,0.9483559,1.060323,2.324512,0.8949602,0.9134414,2.388779,0.9609951,1.002954,2.219607,0.941319,1.108659,2.332106,0.9358251,1.144568,2.372155,1.063672,0.8207303,2.271376,0.9983623,1.021667,2.196552,0.892592,1.00643,2.314662,0.8789256,0.9795524,2.332866,0.8645118,0.8660216,2.418832,1.040044,0.7799214,2.243709,0.8996034,0.9175822,2.37332,0.9339226,0.8253168,2.356102,0.8407701,0.6035042,2.42337,0.8434616,0.8394649,2.446778,0.9385268,0.935454,2.351366
72057594037945259,0,0.9786195,9009.791,0.907097,0.8500751,2.414305,0.9483559,1.060323,2.324512,0.8949602,0.9134414,2.388779,0.9609951,1.002954,2.219607,0.941319,1.108659,2.332106,0.9358251,1.144568,2.372155,1.063672,0.8207303,2.271376,0.9983623,1.021667,2.196552,0.892592,1.00643,2.314662,0.8789256,0.9795524,2.332866,0.8645118,0.8660216,2.418832,1.040044,0.7799214,2.243709,0.8996034,0.9175822,2.37332,0.9339226,0.8253168,2.356102,0.8407701,0.6035042,2.42337,0.8434616,0.8394649,2.446778,0.9385268,0.935454,2.351366
72057594037945259,0,0.9786195,9009.794,0.907097,0.8500751,2.414305,0.9483559,1.060323,2.324512,0.8949602,0.9134414,2.388779,0.9609951,1.002954,2.219607,0.941319,1.108659,2.332106,0.9358251,1.144568,2.372155,1.063672,0.8207303,2.271376,0.9983623,1.021667,2.196552,0.892592,1.00643,2.314662,0.8789256,0.9795524,2.332866,0.8645118,0.8660216,2.418832,1.040044,0.7799214,2.243709,0.8996034,0.9175822,2.37332,0.9339226,0.8253168,2.356102,0.8407701,0.6035042,2.42337,0.8434616,0.8394649,2.446778,0.9385268,0.935454,2.351366
72057594037945259,0,0.9786195,9009.796,0.907097,0.8500751,2.414305,0.9483559,1.060323,2.324512,0.8949602,0.9134414,2.388779,0.9609951,1.002954,2.219607,0.941319,1.108659,2.332106,0.9358251,1.144568,2.372155,1.063672,0.8207303,2.271376,0.9983623,1.021667,2.196552,0.892592,1.00643,2.314662,0.8789256,0.9795524,2.332866,0.8645118,0.8660216,2.418832,1.040044,0.7799214,2.243709,0.8996034,0.9175822,2.37332,0.9339226,0.8253168,2.356102,0.8407701,0.6035042,2.42337,0.8434616,0.8394649,2.446778,0.9385268,0.935454,2.351366
72057594037945259,0,0.9786195,9009.799,0.907097,0.8500751,2.414305,0.9483559,1.060323,2.324512,0.8949602,0.9134414,2.388779,0.9609951,1.002954,2.219607,0.941319,1.108659,2.332106,0.9358251,1.144568,2.372155,1.063672,0.8207303,2.271376,0.9983623,1.021667,2.196552,0.892592,1.00643,2.314662,0.8789256,0.9795524,2.332866,0.8645118,0.8660216,2.418832,1.040044,0.7799214,2.243709,0.8996034,0.9175822,2.37332,0.9339226,0.8253168,2.356102,0.8407701,0.6035042,2.42337,0.8434616,0.8394649,2.446778,0.9385268,0.935454,2.351366
72057594037945259,0,0.9786195,9009.801,0.907097,0.8500751,2.414305,0.9483559,1.060323,2.324512,0.8949602,0.9134414,2.388779,0.9609951,1.002954,2.219607,0.941319,1.108659,2.332106,0.9358251,1.144568,2.372155,1.063672,0.8207303,2.271376,0.9983623,1.021667,2.196552,0.892592,1.00643,2.314662,0.8789256,0.9795524,2.332866,0.8645118,0.8660216,2.418832,1.040044,0.7799214,2.243709,0.8996034,0.9175822,2.37332,0.9339226,0.8253168,2.356102,0.8407701,0.6035042,2.42337,0.8434616,0.8394649,2.446778,0.9385268,0.935454,2.351366
72057594037945259,0,0.9786195,9009.804,0.907097,0.8500751,2.414305,0.9483559,1.060323,2.324512,0.8949602,0.9134414,2.388779,0.9609951,1.002954,2.219607,0.941319,1.108659,2.332106,0.9358251,1.144568,2.372155,1.063672,0.8207303,2.271376,0.9983623,1.021667,2.196552,0.892592,1.00643,2.314662,0.8789256,0.9795524,2.332866,0.8645118,0.8660216,2.418832,1.040044,0.7799214,2.243709,0.8996034,0.9175822,2.37332,0.9339226,0.8253168,2.356102,0.8407701,0.6035042,2.42337,0.8434616,0.8394649,2.446778,0.9385268,0.935454,2.351366
72057594037945259,0,0.9786195,9009.807,0.907097,0.8500751,2.414305,0.9483559,1.060323,2.324512,0.8949602,0.9134414,2.388779,0.9609951,1.002954,2.219607,0.941319,1.108659,2.332106,0.9358251,1.144568,2.372155,1.063672,0.8207303,2.271376,0.9983623,1.021667,2.196552,0.892592,1.00643,2.314662,0.8789256,0.9795524,2.332866,0.8645118,0.8660216,2.418832,1.040044,0.7799214,2.243709,0.8996034,0.9175822,2.37332,0.9339226,0.8253168,2.356102,0.8407701,0.6035042,2.42337,0.8434616,0.8394649,2.446778,0.9385268,0.935454,2.351366
72057594037945259,0,0.9973744,9009.81,0.9196103,0.8509231,2.393428,0.9603921,1.057155,2.311801,0.9014306,0.9090914,2.383195,0.9982295,0.971226,2.193825,0.9392494,1.106056,2.243043,0.9194353,1.112907,2.238242,1.07235,0.8190686,2.259286,1.005851,1.014137,2.188322,0.9037417,1.000767,2.303806,0.8956437,0.9775929,2.319715,0.8735662,0.8650916,2.407443,0.957327,1.051286,2.251326,0.9218854,0.8392614,2.350169,0.9468875,0.8282756,2.331387,0.860168,0.599835,2.384057,0.8665863,0.4891125,2.584775,0.9478261,0.9346378,2.337106
72057594037945259,0,0.9973744,9009.812,0.9196103,0.8509231,2.393428,0.9603921,1.057155,2.311801,0.9014306,0.9090914,2.383195,0.9982295,0.971226,2.193825,0.9392494,1.106056,2.243043,0.9194353,1.112907,2.238242,1.07235,0.8190686,2.259286,1.005851,1.014137,2.188322,0.9037417,1.000767,2.303806,0.8956437,0.9775929,2.319715,0.8735662,0.8650916,2.407443,0.957327,1.051286,2.251326,0.9218854,0.8392614,2.350169,0.9468875,0.8282756,2.331387,0.860168,0.599835,2.384057,0.8665863,0.4891125,2.584775,0.9478261,0.9346378,2.337106
72057594037945259,0,0.9973744,9009.814,0.9196103,0.8509231,2.393428,0.9603921,1.057155,2.311801,0.9014306,0.9090914,2.383195,0.9982295,0.971226,2.193825,0.9392494,1.106056,2.243043,0.9194353,1.112907,2.238242,1.07235,0.8190686,2.259286,1.005851,1.014137,2.188322,0.9037417,1.000767,2.303806,0.8956437,0.9775929,2.319715,0.8735662,0.8650916,2.407443,0.957327,1.051286,2.251326,0.9218854,0.8392614,2.350169,0.9468875,0.8282756,2.331387,0.860168,0.599835,2.384057,0.8665863,0.4891125,2.584775,0.9478261,0.9346378,2.337106
72057594037945259,0,0.9973744,9009.817,0.9196103,0.8509231,2.393428,0.9603921,1.057155,2.311801,0.9014306,0.9090914,2.383195,0.9982295,0.971226,2.193825,0.9392494,1.106056,2.243043,0.9194353,1.112907,2.238242,1.07235,0.8190686,2.259286,1.005851,1.014137,2.188322,0.9037417,1.000767,2.303806,0.8956437,0.9775929,2.319715,0.8735662,0.8650916,2.407443,0.957327,1.051286,2.251326,0.9218854,0.8392614,2.350169,0.9468875,0.8282756,2.331387,0.860168,0.599835,2.384057,0.8665863,0.4891125,2.584775,0.9478261,0.9346378,2.337106
72057594037945259,0,0.9973744,9009.82,0.9196103,0.8509231,2.393428,0.9603921,1.057155,2.311801,0.9014306,0.9090914,2.383195,0.9982295,0.971226,2.193825,0.9392494,1.106056,2.243043,0.9194353,1.112907,2.238242,1.07235,0.8190686,2.259286,1.005851,1.014137,2.188322,0.9037417,1.000767,2.303806,0.8956437,0.9775929,2.319715,0.8735662,0.8650916,2.407443,0.957327,1.051286,2.251326,0.9218854,0.8392614,2.350169,0.9468875,0.8282756,2.331387,0.860168,0.599835,2.384057,0.8665863,0.4891125,2.584775,0.9478261,0.9346378,2.337106
72057594037945259,0,0.9973744,9009.823,0.9196103,0.8509231,2.393428,0.9603921,1.057155,2.311801,0.9014306,0.9090914,2.383195,0.9982295,0.971226,2.193825,0.9392494,1.106056,2.243043,0.9194353,1.112907,2.238242,1.07235,0.8190686,2.259286,1.005851,1.014137,2.188322,0.9037417,1.000767,2.303806,0.8956437,0.9775929,2.319715,0.8735662,0.8650916,2.407443,0.957327,1.051286,2.251326,0.9218854,0.8392614,2.350169,0.9468875,0.8282756,2.331387,0.860168,0.599835,2.384057,0.8665863,0.4891125,2.584775,0.9478261,0.9346378,2.337106
72057594037945259,0,0.9973744,9009.826,0.9196103,0.8509231,2.393428,0.9603921,1.057155,2.311801,0.9014306,0.9090914,2.383195,0.9982295,0.971226,2.193825,0.9392494,1.106056,2.243043,0.9194353,1.112907,2.238242,1.07235,0.8190686,2.259286,1.005851,1.014137,2.188322,0.9037417,1.000767,2.303806,0.8956437,0.9775929,2.319715,0.8735662,0.8650916,2.407443,0.957327,1.051286,2.251326,0.9218854,0.8392614,2.350169,0.9468875,0.8282756,2.331387,0.860168,0.599835,2.384057,0.8665863,0.4891125,2.584775,0.9478261,0.9346378,2.337106
72057594037945259,0,0.9973744,9009.828,0.9196103,0.8509231,2.393428,0.9603921,1.057155,2.311801,0.9014306,0.9090914,2.383195,0.9982295,0.971226,2.193825,0.9392494,1.106056,2.243043,0.9194353,1.112907,2.238242,1.07235,0.8190686,2.259286,1.005851,1.014137,2.188322,0.9037417,1.000767,2.303806,0.8956437,0.9775929,2.319715,0.8735662,0.8650916,2.407443,0.957327,1.051286,2.251326,0.9218854,0.8392614,2.350169,0.9468875,0.8282756,2.331387,0.860168,0.599835,2.384057,0.8665863,0.4891125,2.584775,0.9478261,0.9346378,2.337106
72057594037945259,0,0.9973744,9009.831,0.9196103,0.8509231,2.393428,0.9603921,1.057155,2.311801,0.9014306,0.9090914,2.383195,0.9982295,0.971226,2.193825,0.9392494,1.106056,2.243043,0.9194353,1.112907,2.238242,1.07235,0.8190686,2.259286,1.005851,1.014137,2.188322,0.9037417,1.000767,2.303806,0.8956437,0.9775929,2.319715,0.8735662,0.8650916,2.407443,0.957327,1.051286,2.251326,0.9218854,0.8392614,2.350169,0.9468875,0.8282756,2.331387,0.860168,0.599835,2.384057,0.8665863,0.4891125,2.584775,0.9478261,0.9346378,2.337106
72057594037945259,0,0.9973744,9009.834,0.9196103,0.8509231,2.393428,0.9603921,1.057155,2.311801,0.9014306,0.9090914,2.383195,0.9982295,0.971226,2.193825,0.9392494,1.106056,2.243043,0.9194353,1.112907,2.238242,1.07235,0.8190686,2.259286,1.005851,1.014137,2.188322,0.9037417,1.000767,2.303806,0.8956437,0.9775929,2.319715,0.8735662,0.8650916,2.407443,0.957327,1.051286,2.251326,0.9218854,0.8392614,2.350169,0.9468875,0.8282756,2.331387,0.860168,0.599835,2.384057,0.8665863,0.4891125,2.584775,0.9478261,0.9346378,2.337106
72057594037945259,0,0.9973744,9009.836,0.9196103,0.8509231,2.393428,0.9603921,1.057155,2.311801,0.9014306,0.9090914,2.383195,0.9982295,0.971226,2.193825,0.9392494,1.106056,2.243043,0.9194353,1.112907,2.238242,1.07235,0.8190686,2.259286,1.005851,1.014137,2.188322,0.9037417,1.000767,2.303806,0.8956437,0.9775929,2.319715,0.8735662,0.8650916,2.407443,0.957327,1.051286,2.251326,0.9218854,0.8392614,2.350169,0.9468875,0.8282756,2.331387,0.860168,0.599835,2.384057,0.8665863,0.4891125,2.584775,0.9478261,0.9346378,2.337106
72057594037945259,0,0.9973744,9009.839,0.9196103,0.8509231,2.393428,0.9603921,1.057155,2.311801,0.9014306,0.9090914,2.383195,0.9982295,0.971226,2.193825,0.9392494,1.106056,2.243043,0.9194353,1.112907,2.238242,1.07235,0.8190686,2.259286,1.005851,1.014137,2.188322,0.9037417,1.000767,2.303806,0.8956437,0.9775929,2.319715,0.8735662,0.8650916,2.407443,0.957327,1.051286,2.251326,0.9218854,0.8392614,2.350169,0.9468875,0.8282756,2.331387,0.860168,0.599835,2.384057,0.8665863,0.4891125,2.584775,0.9478261,0.9346378,2.337106
72057594037945259,0,1.024513,9009.842,0.9422591,0.8505709,2.376417,0.9748762,1.048184,2.29967,0.9267339,0.9040002,2.367183,1.053163,0.879217,2.235103,0.9794443,1.029195,2.221573,0.9934937,1.086751,2.185301,1.096945,0.8172545,2.240786,1.028511,1.014084,2.168908,0.9151449,0.9930688,2.283875,0.9140021,0.9657946,2.315089,0.8982,0.8640438,2.38938,0.9470892,1.070937,2.243879,0.9527991,0.8492341,2.295596,0.9683958,0.8281292,2.315315,1.02627,0.5835316,2.268167,0.9184497,0.5831139,2.368919,0.9719089,0.9334933,2.318635
72057594037945259,0,1.024513,9009.845,0.9422591,0.8505709,2.376417,0.9748762,1.048184,2.29967,0.9267339,0.9040002,2.367183,1.053163,0.879217,2.235103,0.9794443,1.029195,2.221573,0.9934937,1.086751,2.185301,1.096945,0.8172545,2.240786,1.028511,1.014084,2.168908,0.9151449,0.9930688,2.283875,0.9140021,0.9657946,2.315089,0.8982,0.8640438,2.38938,0.9470892,1.070937,2.243879,0.9527991,0.8492341,2.295596,0.9683958,0.8281292,2.315315,1.02627,0.5835316,2.268167,0.9184497,0.5831139,2.368919,0.9719089,0.9334933,2.318635
72057594037945259,0,1.024513,9009.848,0.9422591,0.8505709,2.376417,0.9748762,1.048184,2.29967,0.9267339,0.9040002,2.367183,1.053163,0.879217,2.235103,0.9794443,1.029195,2.221573,0.9934937,1.086751,2.185301,1.096945,0.8172545,2.240786,1.028511,1.014084,2.168908,0.9151449,0.9930688,2.283875,0.9140021,0.9657946,2.315089,0.8982,0.8640438,2.38938,0.9470892,1.070937,2.243879,0.9527991,0.8492341,2.295596,0.9683958,0.8281292,2.315315,1.02627,0.5835316,2.268167,0.9184497,0.5831139,2.368919,0.9719089,0.9334933,2.318635
72057594037945259,0,1.024513,9009.85,0.9422591,0.8505709,2.376417,0.9748762,1.048184,2.29967,0.9267339,0.9040002,2.367183,1.053163,0.879217,2.235103,0.9794443,1.029195,2.221573,0.9934937,1.086751,2.185301,1.096945,0.8172545,2.240786,1.028511,1.014084,2.168908,0.9151449,0.9930688,2.283875,0.9140021,0.9657946,2.315089,0.8982,0.8640438,2.38938,0.9470892,1.070937,2.243879,0.9527991,0.8492341,2.295596,0.9683958,0.8281292,2.315315,1.02627,0.5835316,2.268167,0.9184497,0.5831139,2.368919,0.9719089,0.9334933,2.318635
72057594037945259,0,1.024513,9009.854,0.9422591,0.8505709,2.376417,0.9748762,1.048184,2.29967,0.9267339,0.9040002,2.367183,1.053163,0.879217,2.235103,0.9794443,1.029195,2.221573,0.9934937,1.086751,2.185301,1.096945,0.8172545,2.240786,1.028511,1.014084,2.168908,0.9151449,0.9930688,2.283875,0.9140021,0.9657946,2.315089,0.8982,0.8640438,2.38938,0.9470892,1.070937,2.243879,0.9527991,0.8492341,2.295596,0.9683958,0.8281292,2.315315,1.02627,0.5835316,2.268167,0.9184497,0.5831139,2.368919,0.9719089,0.9334933,2.318635
72057594037945259,0,1.024513,9009.856,0.9422591,0.8505709,2.376417,0.9748762,1.048184,2.29967,0.9267339,0.9040002,2.367183,1.053163,0.879217,2.235103,0.9794443,1.029195,2.221573,0.9934937,1.086751,2.185301,1.096945,0.8172545,2.240786,1.028511,1.014084,2.168908,0.9151449,0.9930688,2.283875,0.9140021,0.9657946,2.315089,0.8982,0.8640438,2.38938,0.9470892,1.070937,2.243879,0.9527991,0.8492341,2.295596,0.9683958,0.8281292,2.315315,1.02627,0.5835316,2.268167,0.9184497,0.5831139,2.368919,0.9719089,0.9334933,2.318635
72057594037945259,0,1.024513,9009.858,0.9422591,0.8505709,2.376417,0.9748762,1.048184,2.29967,0.9267339,0.9040002,2.367183,1.053163,0.879217,2.235103,0.9794443,1.029195,2.221573,0.9934937,1.086751,2.185301,1.096945,0.8172545,2.240786,1.028511,1.014084,2.168908,0.9151449,0.9930688,2.283875,0.9140021,0.9657946,2.315089,0.8982,0.8640438,2.38938,0.9470892,1.070937,2.243879,0.9527991,0.8492341,2.295596,0.9683958,0.8281292,2.315315,1.02627,0.5835316,2.268167,0.9184497,0.5831139,2.368919,0.9719089,0.9334933,2.318635
72057594037945259,0,1.024513,9009.861,0.9422591,0.8505709,2.376417,0.9748762,1.048184,2.29967,0.9267339,0.9040002,2.367183,1.053163,0.879217,2.235103,0.9794443,1.029195,2.221573,0.9934937,1.086751,2.185301,1.096945,0.8172545,2.240786,1.028511,1.014084,2.168908,0.9151449,0.9930688,2.283875,0.9140021,0.9657946,2.315089,0.8982,0.8640438,2.38938,0.9470892,1.070937,2.243879,0.9527991,0.8492341,2.295596,0.9683958,0.8281292,2.315315,1.02627,0.5835316,2.268167,0.9184497,0.5831139,2.368919,0.9719089,0.9334933,2.318635
72057594037945259,0,1.024513,9009.864,0.9422591,0.8505709,2.376417,0.9748762,1.048184,2.29967,0.9267339,0.9040002,2.367183,1.053163,0.879217,2.235103,0.9794443,1.029195,2.221573,0.9934937,1.086751,2.185301,1.096945,0.8172545,2.240786,1.028511,1.014084,2.168908,0.9151449,0.9930688,2.283875,0.9140021,0.9657946,2.315089,0.8982,0.8640438,2.38938,0.9470892,1.070937,2.243879,0.9527991,0.8492341,2.295596,0.9683958,0.8281292,2.315315,1.02627,0.5835316,2.268167,0.9184497,0.5831139,2.368919,0.9719089,0.9334933,2.318635
72057594037945259,0,1.024513,9009.867,0.9422591,0.8505709,2.376417,0.9748762,1.048184,2.29967,0.9267339,0.9040002,2.367183,1.053163,0.879217,2.235103,0.9794443,1.029195,2.221573,0.9934937,1.086751,2.185301,1.096945,0.8172545,2.240786,1.028511,1.014084,2.168908,0.9151449,0.9930688,2.283875,0.9140021,0.9657946,2.315089,0.8982,0.8640438,2.38938,0.9470892,1.070937,2.243879,0.9527991,0.8492341,2.295596,0.9683958,0.8281292,2.315315,1.02627,0.5835316,2.268167,0.9184497,0.5831139,2.368919,0.9719089,0.9334933,2.318635
72057594037945259,0,1.024513,9009.869,0.9422591,0.8505709,2.376417,0.9748762,1.048184,2.29967,0.9267339,0.9040002,2.367183,1.053163,0.879217,2.235103,0.9794443,1.029195,2.221573,0.9934937,1.086751,2.185301,1.096945,0.8172545,2.240786,1.028511,1.014084,2.168908,0.9151449,0.9930688,2.283875,0.9140021,0.9657946,2.315089,0.8982,0.8640438,2.38938,0.9470892,1.070937,2.243879,0.9527991,0.8492341,2.295596,0.9683958,0.8281292,2.315315,1.02627,0.5835316,2.268167,0.9184497,0.5831139,2.368919,0.9719089,0.9334933,2.318635
72057594037945259,0,1.024513,9009.872,0.9422591,0.8505709,2.376417,0.9748762,1.048184,2.29967,0.9267339,0.9040002,2.367183,1.053163,0.879217,2.235103,0.9794443,1.029195,2.221573,0.9934937,1.086751,2.185301,1.096945,0.8172545,2.240786,1.028511,1.014084,2.168908,0.9151449,0.9930688,2.283875,0.9140021,0.9657946,2.315089,0.8982,0.8640438,2.38938,0.9470892,1.070937,2.243879,0.9527991,0.8492341,2.295596,0.9683958,0.8281292,2.315315,1.02627,0.5835316,2.268167,0.9184497,0.5831139,2.368919,0.9719089,0.9334933,2.318635
72057594037945259,0,1.076111,9009.875,0.9734529,0.9270227,2.316901,1.006848,1.007693,2.282157,0.9942359,0.8511103,2.310539,1.11298,0.828003,2.183163,0.9960626,1.004432,2.212268,0.9722269,1.068737,2.200949,1.164036,0.7652863,2.183472,1.006931,0.7878021,2.247204,0.9380875,0.986712,2.258111,0.9457551,1.030714,2.230058,0.9278773,0.9397084,2.336673,1.002922,1.132505,2.183406,1.021823,0.9108516,2.240311,1.000061,0.9036574,2.249963,1.047473,0.6544318,2.240017,0.9172029,0.618799,2.419682,1.034784,0.8974152,2.260979
72057594037945259,0,1.076111,9009.878,0.9734529,0.9270227,2.316901,1.006848,1.007693,2.282157,0.9942359,0.8511103,2.310539,1.11298,0.828003,2.183163,0.9960626,1.004432,2.212268,0.9722269,1.068737,2.200949,1.164036,0.7652863,2.183472,1.006931,0.7878021,2.247204,0.9380875,0.986712,2.258111,0.9457551,1.030714,2.230058,0.9278773,0.9397084,2.336673,1.002922,1.132505,2.183406,1.021823,0.9108516,2.240311,1.000061,0.9036574,2.249963,1.047473,0.6544318,2.240017,0.9172029,0.618799,2.419682,1.034784,0.8974152,2.260979
72057594037945259,0,1.076111,9009.881,0.9734529,0.9270227,2.316901,1.006848,1.007693,2.282157,0.9942359,0.8511103,2.310539,1.11298,0.828003,2.183163,0.9960626,1.004432,2.212268,0.9722269,1.068737,2.200949,1.164036,0.7652863,2.183472,1.006931,0.7878021,2.247204,0.9380875,0.986712,2.258111,0.9457551,1.030714,2.230058,0.9278773,0.9397084,2.336673,1.002922,1.132505,2.183406,1.021823,0.9108516,2.240311,1.000061,0.9036574,2.249963,1.047473,0.6544318,2.240017,0.9172029,0.618799,2.419682,1.034784,0.8974152,2.260979
72057594037945259,0,1.076111,9009.884,0.9734529,0.9270227,2.316901,1.006848,1.007693,2.282157,0.9942359,0.8511103,2.310539,1.11298,0.828003,2.183163,0.9960626,1.004432,2.212268,0.9722269,1.068737,2.200949,1.164036,0.7652863,2.183472,1.006931,0.7878021,2.247204,0.9380875,0.986712,2.258111,0.9457551,1.030714,2.230058,0.9278773,0.9397084,2.336673,1.002922,1.132505,2.183406,1.021823,0.9108516,2.240311,1.000061,0.9036574,2.249963,1.047473,0.6544318,2.240017,0.9172029,0.618799,2.419682,1.034784,0.8974152,2.260979
72057594037945259,0,1.076111,9009.887,0.9734529,0.9270227,2.316901,1.006848,1.007693,2.282157,0.9942359,0.8511103,2.310539,1.11298,0.828003,2.183163,0.9960626,1.004432,2.212268,0.9722269,1.068737,2.200949,1.164036,0.7652863,2.183472,1.006931,0.7878021,2.247204,0.9380875,0.986712,2.258111,0.9457551,1.030714,2.230058,0.9278773,0.9397084,2.336673,1.002922,1.132505,2.183406,1.021823,0.9108516,2.240311,1.000061,0.9036574,2.249963,1.047473,0.6544318,2.240017,0.9172029,0.618799,2.419682,1.034784,0.8974152,2.260979
72057594037945259,0,1.076111,9009.889,0.9734529,0.9270227,2.316901,1.006848,1.007693,2.282157,0.9942359,0.8511103,2.310539,1.11298,0.828003,2.183163,0.9960626,1.004432,2.212268,0.9722269,1.068737,2.200949,1.164036,0.7652863,2.183472,1.006931,0.7878021,2.247204,0.9380875,0.986712,2.258111,0.9457551,1.030714,2.230058,0.9278773,0.9397084,2.336673,1.002922,1.132505,2.183406,1.021823,0.9108516,2.240311,1.000061,0.9036574,2.249963,1.047473,0.6544318,2.240017,0.9172029,0.618799,2.419682,1.034784,0.8974152,2.260979
72057594037945259,0,1.076111,9009.892,0.9734529,0.9270227,2.316901,1.006848,1.007693,2.282157,0.9942359,0.8511103,2.310539,1.11298,0.828003,2.183163,0.9960626,1.004432,2.212268,0.9722269,1.068737,2.200949,1.164036,0.7652863,2.183472,1.006931,0.7878021,2.247204,0.9380875,0.986712,2.258111,0.9457551,1.030714,2.230058,0.9278773,0.9397084,2.336673,1.002922,1.132505,2.183406,1.021823,0.9108516,2.240311,1.000061,0.9036574,2.249963,1.047473,0.6544318,2.240017,0.9172029,0.618799,2.419682,1.034784,0.8974152,2.260979
72057594037945259,0,1.076111,9009.895,0.9734529,0.9270227,2.316901,1.006848,1.007693,2.282157,0.9942359,0.8511103,2.310539,1.11298,0.828003,2.183163,0.9960626,1.004432,2.212268,0.9722269,1.068737,2.200949,1.164036,0.7652863,2.183472,1.006931,0.7878021,2.247204,0.9380875,0.986712,2.258111,0.9457551,1.030714,2.230058,0.9278773,0.9397084,2.336673,1.002922,1.132505,2.183406,1.021823,0.9108516,2.240311,1.000061,0.9036574,2.249963,1.047473,0.6544318,2.240017,0.9172029,0.618799,2.419682,1.034784,0.8974152,2.260979
72057594037945259,0,1.076111,9009.897,0.9734529,0.9270227,2.316901,1.006848,1.007693,2.282157,0.9942359,0.8511103,2.310539,1.11298,0.828003,2.183163,0.9960626,1.004432,2.212268,0.9722269,1.068737,2.200949,1.164036,0.7652863,2.183472,1.006931,0.7878021,2.247204,0.9380875,0.986712,2.258111,0.9457551,1.030714,2.230058,0.9278773,0.9397084,2.336673,1.002922,1.132505,2.183406,1.021823,0.9108516,2.240311,1.000061,0.9036574,2.249963,1.047473,0.6544318,2.240017,0.9172029,0.618799,2.419682,1.034784,0.8974152,2.260979
72057594037945259,0,1.076111,9009.899,0.9734529,0.9270227,2.316901,1.006848,1.007693,2.282157,0.9942359,0.8511103,2.310539,1.11298,0.828003,2.183163,0.9960626,1.004432,2.212268,0.9722269,1.068737,2.200949,1.164036,0.7652863,2.183472,1.006931,0.7878021,2.247204,0.9380875,0.986712,2.258111,0.9457551,1.030714,2.230058,0.9278773,0.9397084,2.336673,1.002922,1.132505,2.183406,1.021823,0.9108516,2.240311,1.000061,0.9036574,2.249963,1.047473,0.6544318,2.240017,0.9172029,0.618799,2.419682,1.034784,0.8974152,2.260979
72057594037945259,0,1.076111,9009.903,0.9734529,0.9270227,2.316901,1.006848,1.007693,2.282157,0.9942359,0.8511103,2.310539,1.11298,0.828003,2.183163,0.9960626,1.004432,2.212268,0.9722269,1.068737,2.200949,1.164036,0.7652863,2.183472,1.006931,0.7878021,2.247204,0.9380875,0.986712,2.258111,0.9457551,1.030714,2.230058,0.9278773,0.9397084,2.336673,1.002922,1.132505,2.183406,1.021823,0.9108516,2.240311,1.000061,0.9036574,2.249963,1.047473,0.6544318,2.240017,0.9172029,0.618799,2.419682,1.034784,0.8974152,2.260979
72057594037945259,0,1.076111,9009.906,0.9734529,0.9270227,2.316901,1.006848,1.007693,2.282157,0.9942359,0.8511103,2.310539,1.11298,0.828003,2.183163,0.9960626,1.004432,2.212268,0.9722269,1.068737,2.200949,1.164036,0.7652863,2.183472,1.006931,0.7878021,2.247204,0.9380875,0.986712,2.258111,0.9457551,1.030714,2.230058,0.9278773,0.9397084,2.336673,1.002922,1.132505,2.183406,1.021823,0.9108516,2.240311,1.000061,0.9036574,2.249963,1.047473,0.6544318,2.240017,0.9172029,0.618799,2.419682,1.034784,0.8974152,2.260979
72057594037945259,0,0.8546261,9009.909,0.7835917,1.014681,2.46798,1.019513,1.0076,2.265512,0.9982207,0.8492535,2.303747,0.950973,0.9903008,2.24699,0.9613181,1.032119,2.217333,0.9727919,1.069159,2.190327,1.167968,0.763448,2.176692,1.076382,0.9237412,2.176828,0.9675621,1.027113,2.21534,0.9674115,1.064862,2.196178,0.7401062,1.027018,2.475752,0.9525174,0.989535,2.260904,0.9861231,0.772732,2.317837,0.8126308,0.9906245,2.412807,1.014651,0.7566444,2.238817,1.044753,0.979996,2.220858,1.030059,0.8994518,2.261756
72057594037945259,0,0.8546261,9009.911,0.7835917,1.014681,2.46798,1.019513,1.0076,2.265512,0.9982207,0.8492535,2.303747,0.950973,0.9903008,2.24699,0.9613181,1.032119,2.217333,0.9727919,1.069159,2.190327,1.167968,0.763448,2.176692,1.076382,0.9237412,2.176828,0.9675621,1.027113,2.21534,0.9674115,1.064862,2.196178,0.7401062,1.027018,2.475752,0.9525174,0.989535,2.260904,0.9861231,0.772732,2.317837,0.8126308,0.9906245,2.412807,1.014651,0.7566444,2.238817,1.044753,0.979996,2.220858,1.030059,0.8994518,2.261756
72057594037945259,0,0.8546261,9009.914,0.7835917,1.014681,2.46798,1.019513,1.0076,2.265512,0.9982207,0.8492535,2.303747,0.950973,0.9903008,2.24699,0.9613181,1.032119,2.217333,0.9727919,1.069159,2.190327,1.167968,0.763448,2.176692,1.076382,0.9237412,2.176828,0.9675621,1.027113,2.21534,0.9674115,1.064862,2.196178,0.7401062,1.027018,2.475752,0.9525174,0.989535,2.260904,0.9861231,0.772732,2.317837,0.8126308,0.9906245,2.412807,1.014651,0.7566444,2.238817,1.044753,0.979996,2.220858,1.030059,0.8994518,2.261756
72057594037945259,0,0.8546261,9009.917,0.7835917,1.014681,2.46798,1.019513,1.0076,2.265512,0.9982207,0.8492535,2.303747,0.950973,0.9903008,2.24699,0.9613181,1.032119,2.217333,0.9727919,1.069159,2.190327,1.167968,0.763448,2.176692,1.076382,0.9237412,2.176828,0.9675621,1.027113,2.21534,0.9674115,1.064862,2.196178,0.7401062,1.027018,2.475752,0.9525174,0.989535,2.260904,0.9861231,0.772732,2.317837,0.8126308,0.9906245,2.412807,1.014651,0.7566444,2.238817,1.044753,0.979996,2.220858,1.030059,0.8994518,2.261756
72057594037945259,0,0.8546261,9009.92,0.7835917,1.014681,2.46798,1.019513,1.0076,2.265512,0.9982207,0.8492535,2.303747,0.950973,0.9903008,2.24699,0.9613181,1.032119,2.217333,0.9727919,1.069159,2.190327,1.167968,0.763448,2.176692,1.076382,0.9237412,2.176828,0.9675621,1.027113,2.21534,0.9674115,1.064862,2.196178,0.7401062,1.027018,2.475752,0.9525174,0.989535,2.260904,0.9861231,0.772732,2.317837,0.8126308,0.9906245,2.412807,1.014651,0.7566444,2.238817,1.044753,0.979996,2.220858,1.030059,0.8994518,2.261756
72057594037945259,0,0.8546261,9009.923,0.7835917,1.014681,2.46798,1.019513,1.0076,2.265512,0.9982207,0.8492535,2.303747,0.950973,0.9903008,2.24699,0.9613181,1.032119,2.217333,0.9727919,1.069159,2.190327,1.167968,0.763448,2.176692,1.076382,0.9237412,2.176828,0.9675621,1.027113,2.21534,0.9674115,1.064862,2.196178,0.7401062,1.027018,2.475752,0.9525174,0.989535,2.260904,0.9861231,0.772732,2.317837,0.8126308,0.9906245,2.412807,1.014651,0.7566444,2.238817,1.044753,0.979996,2.220858,1.030059,0.8994518,2.261756
72057594037945259,0,0.8546261,9009.926,0.7835917,1.014681,2.46798,1.019513,1.0076,2.265512,0.9982207,0.8492535,2.303747,0.950973,0.9903008,2.24699,0.9613181,1.032119,2.217333,0.9727919,1.069159,2.190327,1.167968,0.763448,2.176692,1.076382,0.9237412,2.176828,0.9675621,1.027113,2.21534,0.9674115,1.064862,2.196178,0.7401062,1.027018,2.475752,0.9525174,0.989535,2.260904,0.9861231,0.772732,2.317837,0.8126308,0.9906245,2.412807,1.014651,0.7566444,2.238817,1.044753,0.979996,2.220858,1.030059,0.8994518,2.261756
72057594037945259,0,0.8546261,9009.929,0.7835917,1.014681,2.46798,1.019513,1.0076,2.265512,0.9982207,0.8492535,2.303747,0.950973,0.9903008,2.24699,0.9613181,1.032119,2.217333,0.9727919,1.069159,2.190327,1.167968,0.763448,2.176692,1.076382,0.9237412,2.176828,0.9675621,1.027113,2.21534,0.9674115,1.064862,2.196178,0.7401062,1.027018,2.475752,0.9525174,0.989535,2.260904,0.9861231,0.772732,2.317837,0.8126308,0.9906245,2.412807,1.014651,0.7566444,2.238817,1.044753,0.979996,2.220858,1.030059,0.8994518,2.261756
72057594037945259,0,0.8546261,9009.931,0.7835917,1.014681,2.46798,1.019513,1.0076,2.265512,0.9982207,0.8492535,2.303747,0.950973,0.9903008,2.24699,0.9613181,1.032119,2.217333,0.9727919,1.069159,2.190327,1.167968,0.763448,2.176692,1.076382,0.9237412,2.176828,0.9675621,1.027113,2.21534,0.9674115,1.064862,2.196178,0.7401062,1.027018,2.475752,0.9525174,0.989535,2.260904,0.9861231,0.772732,2.317837,0.8126308,0.9906245,2.412807,1.014651,0.7566444,2.238817,1.044753,0.979996,2.220858,1.030059,0.8994518,2.261756
72057594037945259,0,0.8546261,9009.933,0.7835917,1.014681,2.46798,1.019513,1.0076,2.265512,0.9982207,0.8492535,2.303747,0.950973,0.9903008,2.24699,0.9613181,1.032119,2.217333,0.9727919,1.069159,2.190327,1.167968,0.763448,2.176692,1.076382,0.9237412,2.176828,0.9675621,1.027113,2.21534,0.9674115,1.064862,2.196178,0.7401062,1.027018,2.475752,0.9525174,0.989535,2.260904,0.9861231,0.772732,2.317837,0.8126308,0.9906245,2.412807,1.014651,0.7566444,2.238817,1.044753,0.979996,2.220858,1.030059,0.8994518,2.261756
72057594037945259,0,0.8546261,9009.936,0.7835917,1.014681,2.46798,1.019513,1.0076,2.265512,0.9982207,0.8492535,2.303747,0.950973,0.9903008,2.24699,0.9613181,1.032119,2.217333,0.9727919,1.069159,2.190327,1.167968,0.763448,2.176692,1.076382,0.9237412,2.176828,0.9675621,1.027113,2.21534,0.9674115,1.064862,2.196178,0.7401062,1.027018,2.475752,0.9525174,0.989535,2.260904,0.9861231,0.772732,2.317837,0.8126308,0.9906245,2.412807,1.014651,0.7566444,2.238817,1.044753,0.979996,2.220858,1.030059,0.8994518,2.261756
72057594037945259,0,0.8546261,9009.938,0.7835917,1.014681,2.46798,1.019513,1.0076,2.265512,0.9982207,0.8492535,2.303747,0.950973,0.9903008,2.24699,0.9613181,1.032119,2.217333,0.9727919,1.069159,2.190327,1.167968,0.763448,2.176692,1.076382,0.9237412,2.176828,0.9675621,1.027113,2.21534,0.9674115,1.064862,2.196178,0.7401062,1.027018,2.475752,0.9525174,0.989535,2.260904,0.9861231,0.772732,2.317837,0.8126308,0.9906245,2.412807,1.014651,0.7566444,2.238817,1.044753,0.979996,2.220858,1.030059,0.8994518,2.261756
