72057594037941341,0,2.878804,9888.402,0,0.38,-0.1,0,0.38,-0.1,0,0.38,-0.1,0,0.38,-0.1,0,0.38,-0.1,0,0.38,-0.1,0,0.38,-0.1,0,0.38,-0.1,0,0.38,-0.1,0,0.38,-0.1,0,0.38,-0.1,0,0.38,-0.1,0,0.38,-0.1,0,0.38,-0.1,0,0.38,-0.1,0,0.38,-0.1,0,0.38,-0.1
72057594037941341,0,1.826449,9888.408,0.5484802,0.1058922,1.18036,0.4980578,0.7661259,1.199669,0.4179803,0.5457029,1.268027,0.4034192,0.4297613,1.342048,0.3650893,0.3502439,1.158759,0.379758,0.3303778,1.14088,0.5738889,0.5127181,1.104458,0.5896971,0.3146519,1.091042,0.547273,0.1320402,1.064009,0.5380552,0.07881981,1.073686,0.5001487,0.1199346,1.18165,0.5594654,-0.1008754,1.077363,0.4865172,-0.3292887,1.066031,0.571928,0.1042961,1.120865,0.6456037,-0.1799788,1.220294,0.5154625,-0.1809151,1.076773,0.51685,0.5873231,1.18798
72057594037941341,0,1.826449,9888.412,0.5484802,0.1058922,1.18036,0.4980578,0.7661259,1.199669,0.4179803,0.5457029,1.268027,0.4034192,0.4297613,1.342048,0.3650893,0.3502439,1.158759,0.379758,0.3303778,1.14088,0.5738889,0.5127181,1.104458,0.5896971,0.3146519,1.091042,0.547273,0.1320402,1.064009,0.5380552,0.07881981,1.073686,0.5001487,0.1199346,1.18165,0.5594654,-0.1008754,1.077363,0.4865172,-0.3292887,1.066031,0.571928,0.1042961,1.120865,0.6456037,-0.1799788,1.220294,0.5154625,-0.1809151,1.076773,0.51685,0.5873231,1.18798
72057594037941341,0,1.826449,9888.416,0.5484802,0.1058922,1.18036,0.4980578,0.7661259,1.199669,0.4179803,0.5457029,1.268027,0.4034192,0.4297613,1.342048,0.3650893,0.3502439,1.158759,0.379758,0.3303778,1.14088,0.5738889,0.5127181,1.104458,0.5896971,0.3146519,1.091042,0.547273,0.1320402,1.064009,0.5380552,0.07881981,1.073686,0.5001487,0.1199346,1.18165,0.5594654,-0.1008754,1.077363,0.4865172,-0.3292887,1.066031,0.571928,0.1042961,1.120865,0.6456037,-0.1799788,1.220294,0.5154625,-0.1809151,1.076773,0.51685,0.5873231,1.18798
72057594037941341,0,1.826449,9888.42,0.5484802,0.1058922,1.18036,0.4980578,0.7661259,1.199669,0.4179803,0.5457029,1.268027,0.4034192,0.4297613,1.342048,0.3650893,0.3502439,1.158759,0.379758,0.3303778,1.14088,0.5738889,0.5127181,1.104458,0.5896971,0.3146519,1.091042,0.547273,0.1320402,1.064009,0.5380552,0.07881981,1.073686,0.5001487,0.1199346,1.18165,0.5594654,-0.1008754,1.077363,0.4865172,-0.3292887,1.066031,0.571928,0.1042961,1.120865,0.6456037,-0.1799788,1.220294,0.5154625,-0.1809151,1.076773,0.51685,0.5873231,1.18798
72057594037941341,0,1.826449,9888.426,0.5484802,0.1058922,1.18036,0.4980578,0.7661259,1.199669,0.4179803,0.5457029,1.268027,0.4034192,0.4297613,1.342048,0.3650893,0.3502439,1.158759,0.379758,0.3303778,1.14088,0.5738889,0.5127181,1.104458,0.5896971,0.3146519,1.091042,0.547273,0.1320402,1.064009,0.5380552,0.07881981,1.073686,0.5001487,0.1199346,1.18165,0.5594654,-0.1008754,1.077363,0.4865172,-0.3292887,1.066031,0.571928,0.1042961,1.120865,0.6456037,-0.1799788,1.220294,0.5154625,-0.1809151,1.076773,0.51685,0.5873231,1.18798
72057594037941341,0,1.826449,9888.43,0.5484802,0.1058922,1.18036,0.4980578,0.7661259,1.199669,0.4179803,0.5457029,1.268027,0.4034192,0.4297613,1.342048,0.3650893,0.3502439,1.158759,0.379758,0.3303778,1.14088,0.5738889,0.5127181,1.104458,0.5896971,0.3146519,1.091042,0.547273,0.1320402,1.064009,0.5380552,0.07881981,1.073686,0.5001487,0.1199346,1.18165,0.5594654,-0.1008754,1.077363,0.4865172,-0.3292887,1.066031,0.571928,0.1042961,1.120865,0.6456037,-0.1799788,1.220294,0.5154625,-0.1809151,1.076773,0.51685,0.5873231,1.18798
72057594037941341,0,1.826449,9888.434,0.5484802,0.1058922,1.18036,0.4980578,0.7661259,1.199669,0.4179803,0.5457029,1.268027,0.4034192,0.4297613,1.342048,0.3650893,0.3502439,1.158759,0.379758,0.3303778,1.14088,0.5738889,0.5127181,1.104458,0.5896971,0.3146519,1.091042,0.547273,0.1320402,1.064009,0.5380552,0.07881981,1.073686,0.5001487,0.1199346,1.18165,0.5594654,-0.1008754,1.077363,0.4865172,-0.3292887,1.066031,0.571928,0.1042961,1.120865,0.6456037,-0.1799788,1.220294,0.5154625,-0.1809151,1.076773,0.51685,0.5873231,1.18798
72057594037941341,0,1.828422,9888.438,0.5442742,0.1053987,1.176767,0.4946114,0.7676708,1.193952,0.4134027,0.5436857,1.263424,0.3972162,0.4300553,1.339882,0.3519538,0.3618228,1.159066,0.3632791,0.3546297,1.13503,0.572308,0.5136081,1.100396,0.5864976,0.3154523,1.086482,0.4237954,0.2160182,1.067858,0.4134884,0.1799579,1.073165,0.495592,0.1187838,1.178289,0.5245219,-0.1359645,1.087977,0.461199,-0.4123701,1.066992,0.5680744,0.1045185,1.116886,0.5902857,-0.2117928,1.138846,0.6118741,-0.4295498,1.167711,0.5127106,0.5878588,1.183745
72057594037941341,0,1.828422,9888.441,0.5442742,0.1053987,1.176767,0.4946114,0.7676708,1.193952,0.4134027,0.5436857,1.263424,0.3972162,0.4300553,1.339882,0.3519538,0.3618228,1.159066,0.3632791,0.3546297,1.13503,0.572308,0.5136081,1.100396,0.5864976,0.3154523,1.086482,0.4237954,0.2160182,1.067858,0.4134884,0.1799579,1.073165,0.495592,0.1187838,1.178289,0.5245219,-0.1359645,1.087977,0.461199,-0.4123701,1.066992,0.5680744,0.1045185,1.116886,0.5902857,-0.2117928,1.138846,0.6118741,-0.4295498,1.167711,0.5127106,0.5878588,1.183745
72057594037941341,0,1.828422,9888.444,0.5442742,0.1053987,1.176767,0.4946114,0.7676708,1.193952,0.4134027,0.5436857,1.263424,0.3972162,0.4300553,1.339882,0.3519538,0.3618228,1.159066,0.3632791,0.3546297,1.13503,0.572308,0.5136081,1.100396,0.5864976,0.3154523,1.086482,0.4237954,0.2160182,1.067858,0.4134884,0.1799579,1.073165,0.495592,0.1187838,1.178289,0.5245219,-0.1359645,1.087977,0.461199,-0.4123701,1.066992,0.5680744,0.1045185,1.116886,0.5902857,-0.2117928,1.138846,0.6118741,-0.4295498,1.167711,0.5127106,0.5878588,1.183745
72057594037941341,0,1.828422,9888.449,0.5442742,0.1053987,1.176767,0.4946114,0.7676708,1.193952,0.4134027,0.5436857,1.263424,0.3972162,0.4300553,1.339882,0.3519538,0.3618228,1.159066,0.3632791,0.3546297,1.13503,0.572308,0.5136081,1.100396,0.5864976,0.3154523,1.086482,0.4237954,0.2160182,1.067858,0.4134884,0.1799579,1.073165,0.495592,0.1187838,1.178289,0.5245219,-0.1359645,1.087977,0.461199,-0.4123701,1.066992,0.5680744,0.1045185,1.116886,0.5902857,-0.2117928,1.138846,0.6118741,-0.4295498,1.167711,0.5127106,0.5878588,1.183745
72057594037941341,0,1.828422,9888.452,0.5442742,0.1053987,1.176767,0.4946114,0.7676708,1.193952,0.4134027,0.5436857,1.263424,0.3972162,0.4300553,1.339882,0.3519538,0.3618228,1.159066,0.3632791,0.3546297,1.13503,0.572308,0.5136081,1.100396,0.5864976,0.3154523,1.086482,0.4237954,0.2160182,1.067858,0.4134884,0.1799579,1.073165,0.495592,0.1187838,1.178289,0.5245219,-0.1359645,1.087977,0.461199,-0.4123701,1.066992,0.5680744,0.1045185,1.116886,0.5902857,-0.2117928,1.138846,0.6118741,-0.4295498,1.167711,0.5127106,0.5878588,1.183745
72057594037941341,0,1.828422,9888.457,0.5442742,0.1053987,1.176767,0.4946114,0.7676708,1.193952,0.4134027,0.5436857,1.263424,0.3972162,0.4300553,1.339882,0.3519538,0.3618228,1.159066,0.3632791,0.3546297,1.13503,0.572308,0.5136081,1.100396,0.5864976,0.3154523,1.086482,0.4237954,0.2160182,1.067858,0.4134884,0.1799579,1.073165,0.495592,0.1187838,1.178289,0.5245219,-0.1359645,1.087977,0.461199,-0.4123701,1.066992,0.5680744,0.1045185,1.116886,0.5902857,-0.2117928,1.138846,0.6118741,-0.4295498,1.167711,0.5127106,0.5878588,1.183745
72057594037941341,0,1.828422,9888.46,0.5442742,0.1053987,1.176767,0.4946114,0.7676708,1.193952,0.4134027,0.5436857,1.263424,0.3972162,0.4300553,1.339882,0.3519538,0.3618228,1.159066,0.3632791,0.3546297,1.13503,0.572308,0.5136081,1.100396,0.5864976,0.3154523,1.086482,0.4237954,0.2160182,1.067858,0.4134884,0.1799579,1.073165,0.495592,0.1187838,1.178289,0.5245219,-0.1359645,1.087977,0.461199,-0.4123701,1.066992,0.5680744,0.1045185,1.116886,0.5902857,-0.2117928,1.138846,0.6118741,-0.4295498,1.167711,0.5127106,0.5878588,1.183745
72057594037941341,0,1.828422,9888.465,0.5442742,0.1053987,1.176767,0.4946114,0.7676708,1.193952,0.4134027,0.5436857,1.263424,0.3972162,0.4300553,1.339882,0.3519538,0.3618228,1.159066,0.3632791,0.3546297,1.13503,0.572308,0.5136081,1.100396,0.5864976,0.3154523,1.086482,0.4237954,0.2160182,1.067858,0.4134884,0.1799579,1.073165,0.495592,0.1187838,1.178289,0.5245219,-0.1359645,1.087977,0.461199,-0.4123701,1.066992,0.5680744,0.1045185,1.116886,0.5902857,-0.2117928,1.138846,0.6118741,-0.4295498,1.167711,0.5127106,0.5878588,1.183745
72057594037941341,0,1.828422,9888.469,0.5442742,0.1053987,1.176767,0.4946114,0.7676708,1.193952,0.4134027,0.5436857,1.263424,0.3972162,0.4300553,1.339882,0.3519538,0.3618228,1.159066,0.3632791,0.3546297,1.13503,0.572308,0.5136081,1.100396,0.5864976,0.3154523,1.086482,0.4237954,0.2160182,1.067858,0.4134884,0.1799579,1.073165,0.495592,0.1187838,1.178289,0.5245219,-0.1359645,1.087977,0.461199,-0.4123701,1.066992,0.5680744,0.1045185,1.116886,0.5902857,-0.2117928,1.138846,0.6118741,-0.4295498,1.167711,0.5127106,0.5878588,1.183745
72057594037941341,0,1.83017,9888.473,0.5335565,0.1050546,1.171073,0.4857929,0.770989,1.181505,0.402598,0.5448743,1.252648,0.3538487,0.3578688,1.141223,0.4285272,0.509259,0.9941367,0.4631853,0.4959742,1.008812,0.5651811,0.5185683,1.088316,0.5740224,0.2969215,1.070567,0.4039424,0.1550021,1.050836,0.3916139,0.1451695,1.055856,0.4837702,0.1175769,1.170853,0.5244014,-0.1355576,1.088123,0.444433,-0.4355646,1.06365,0.5586942,0.1050325,1.112579,0.6081827,-0.2159079,1.166249,0.6489412,-0.4392307,1.21788,0.5014107,0.5898184,1.172033
72057594037941341,0,1.83017,9888.478,0.5335565,0.1050546,1.171073,0.4857929,0.770989,1.181505,0.402598,0.5448743,1.252648,0.3538487,0.3578688,1.141223,0.4285272,0.509259,0.9941367,0.4631853,0.4959742,1.008812,0.5651811,0.5185683,1.088316,0.5740224,0.2969215,1.070567,0.4039424,0.1550021,1.050836,0.3916139,0.1451695,1.055856,0.4837702,0.1175769,1.170853,0.5244014,-0.1355576,1.088123,0.444433,-0.4355646,1.06365,0.5586942,0.1050325,1.112579,0.6081827,-0.2159079,1.166249,0.6489412,-0.4392307,1.21788,0.5014107,0.5898184,1.172033
72057594037941341,0,1.83017,9888.482,0.5335565,0.1050546,1.171073,0.4857929,0.770989,1.181505,0.402598,0.5448743,1.252648,0.3538487,0.3578688,1.141223,0.4285272,0.509259,0.9941367,0.4631853,0.4959742,1.008812,0.5651811,0.5185683,1.088316,0.5740224,0.2969215,1.070567,0.4039424,0.1550021,1.050836,0.3916139,0.1451695,1.055856,0.4837702,0.1175769,1.170853,0.5244014,-0.1355576,1.088123,0.444433,-0.4355646,1.06365,0.5586942,0.1050325,1.112579,0.6081827,-0.2159079,1.166249,0.6489412,-0.4392307,1.21788,0.5014107,0.5898184,1.172033
72057594037941341,0,1.83017,9888.486,0.5335565,0.1050546,1.171073,0.4857929,0.770989,1.181505,0.402598,0.5448743,1.252648,0.3538487,0.3578688,1.141223,0.4285272,0.509259,0.9941367,0.4631853,0.4959742,1.008812,0.5651811,0.5185683,1.088316,0.5740224,0.2969215,1.070567,0.4039424,0.1550021,1.050836,0.3916139,0.1451695,1.055856,0.4837702,0.1175769,1.170853,0.5244014,-0.1355576,1.088123,0.444433,-0.4355646,1.06365,0.5586942,0.1050325,1.112579,0.6081827,-0.2159079,1.166249,0.6489412,-0.4392307,1.21788,0.5014107,0.5898184,1.172033
72057594037941341,0,1.83017,9888.491,0.5335565,0.1050546,1.171073,0.4857929,0.770989,1.181505,0.402598,0.5448743,1.252648,0.3538487,0.3578688,1.141223,0.4285272,0.509259,0.9941367,0.4631853,0.4959742,1.008812,0.5651811,0.5185683,1.088316,0.5740224,0.2969215,1.070567,0.4039424,0.1550021,1.050836,0.3916139,0.1451695,1.055856,0.4837702,0.1175769,1.170853,0.5244014,-0.1355576,1.088123,0.444433,-0.4355646,1.06365,0.5586942,0.1050325,1.112579,0.6081827,-0.2159079,1.166249,0.6489412,-0.4392307,1.21788,0.5014107,0.5898184,1.172033
72057594037941341,0,1.83017,9888.495,0.5335565,0.1050546,1.171073,0.4857929,0.770989,1.181505,0.402598,0.5448743,1.252648,0.3538487,0.3578688,1.141223,0.4285272,0.509259,0.9941367,0.4631853,0.4959742,1.008812,0.5651811,0.5185683,1.088316,0.5740224,0.2969215,1.070567,0.4039424,0.1550021,1.050836,0.3916139,0.1451695,1.055856,0.4837702,0.1175769,1.170853,0.5244014,-0.1355576,1.088123,0.444433,-0.4355646,1.06365,0.5586942,0.1050325,1.112579,0.6081827,-0.2159079,1.166249,0.6489412,-0.4392307,1.21788,0.5014107,0.5898184,1.172033
72057594037941341,0,1.83017,9888.499,0.5335565,0.1050546,1.171073,0.4857929,0.770989,1.181505,0.402598,0.5448743,1.252648,0.3538487,0.3578688,1.141223,0.4285272,0.509259,0.9941367,0.4631853,0.4959742,1.008812,0.5651811,0.5185683,1.088316,0.5740224,0.2969215,1.070567,0.4039424,0.1550021,1.050836,0.3916139,0.1451695,1.055856,0.4837702,0.1175769,1.170853,0.5244014,-0.1355576,1.088123,0.444433,-0.4355646,1.06365,0.5586942,0.1050325,1.112579,0.6081827,-0.2159079,1.166249,0.6489412,-0.4392307,1.21788,0.5014107,0.5898184,1.172033
72057594037941341,0,1.823162,9888.506,0.5153718,0.1064974,1.172248,0.4772235,0.7738916,1.168584,0.3914363,0.5488909,1.242365,0.3485347,0.3609301,1.13212,0.4302772,0.5182093,0.9841987,0.4499607,0.5036991,1.001626,0.5589924,0.5242627,1.075837,0.5689656,0.2908365,1.062613,0.3919262,0.1491866,1.046532,0.3765957,0.1452494,1.047335,0.4658908,0.1184821,1.170035,0.519878,-0.1409929,1.087009,0.4618786,-0.4439585,1.072951,0.5408519,0.1071087,1.115547,0.5269366,-0.1655581,1.087746,0.5235071,-0.4727574,1.083875,0.4921227,0.5928789,1.161459
72057594037941341,0,1.823162,9888.511,0.5153718,0.1064974,1.172248,0.4772235,0.7738916,1.168584,0.3914363,0.5488909,1.242365,0.3485347,0.3609301,1.13212,0.4302772,0.5182093,0.9841987,0.4499607,0.5036991,1.001626,0.5589924,0.5242627,1.075837,0.5689656,0.2908365,1.062613,0.3919262,0.1491866,1.046532,0.3765957,0.1452494,1.047335,0.4658908,0.1184821,1.170035,0.519878,-0.1409929,1.087009,0.4618786,-0.4439585,1.072951,0.5408519,0.1071087,1.115547,0.5269366,-0.1655581,1.087746,0.5235071,-0.4727574,1.083875,0.4921227,0.5928789,1.161459
72057594037941341,0,1.823162,9888.514,0.5153718,0.1064974,1.172248,0.4772235,0.7738916,1.168584,0.3914363,0.5488909,1.242365,0.3485347,0.3609301,1.13212,0.4302772,0.5182093,0.9841987,0.4499607,0.5036991,1.001626,0.5589924,0.5242627,1.075837,0.5689656,0.2908365,1.062613,0.3919262,0.1491866,1.046532,0.3765957,0.1452494,1.047335,0.4658908,0.1184821,1.170035,0.519878,-0.1409929,1.087009,0.4618786,-0.4439585,1.072951,0.5408519,0.1071087,1.115547,0.5269366,-0.1655581,1.087746,0.5235071,-0.4727574,1.083875,0.4921227,0.5928789,1.161459
72057594037941341,0,1.823162,9888.518,0.5153718,0.1064974,1.172248,0.4772235,0.7738916,1.168584,0.3914363,0.5488909,1.242365,0.3485347,0.3609301,1.13212,0.4302772,0.5182093,0.9841987,0.4499607,0.5036991,1.001626,0.5589924,0.5242627,1.075837,0.5689656,0.2908365,1.062613,0.3919262,0.1491866,1.046532,0.3765957,0.1452494,1.047335,0.4658908,0.1184821,1.170035,0.519878,-0.1409929,1.087009,0.4618786,-0.4439585,1.072951,0.5408519,0.1071087,1.115547,0.5269366,-0.1655581,1.087746,0.5235071,-0.4727574,1.083875,0.4921227,0.5928789,1.161459
72057594037941341,0,1.823162,9888.521,0.5153718,0.1064974,1.172248,0.4772235,0.7738916,1.168584,0.3914363,0.5488909,1.242365,0.3485347,0.3609301,1.13212,0.4302772,0.5182093,0.9841987,0.4499607,0.5036991,1.001626,0.5589924,0.5242627,1.075837,0.5689656,0.2908365,1.062613,0.3919262,0.1491866,1.046532,0.3765957,0.1452494,1.047335,0.4658908,0.1184821,1.170035,0.519878,-0.1409929,1.087009,0.4618786,-0.4439585,1.072951,0.5408519,0.1071087,1.115547,0.5269366,-0.1655581,1.087746,0.5235071,-0.4727574,1.083875,0.4921227,0.5928789,1.161459
72057594037941341,0,1.823162,9888.525,0.5153718,0.1064974,1.172248,0.4772235,0.7738916,1.168584,0.3914363,0.5488909,1.242365,0.3485347,0.3609301,1.13212,0.4302772,0.5182093,0.9841987,0.4499607,0.5036991,1.001626,0.5589924,0.5242627,1.075837,0.5689656,0.2908365,1.062613,0.3919262,0.1491866,1.046532,0.3765957,0.1452494,1.047335,0.4658908,0.1184821,1.170035,0.519878,-0.1409929,1.087009,0.4618786,-0.4439585,1.072951,0.5408519,0.1071087,1.115547,0.5269366,-0.1655581,1.087746,0.5235071,-0.4727574,1.083875,0.4921227,0.5928789,1.161459
72057594037941341,0,1.823162,9888.529,0.5153718,0.1064974,1.172248,0.4772235,0.7738916,1.168584,0.3914363,0.5488909,1.242365,0.3485347,0.3609301,1.13212,0.4302772,0.5182093,0.9841987,0.4499607,0.5036991,1.001626,0.5589924,0.5242627,1.075837,0.5689656,0.2908365,1.062613,0.3919262,0.1491866,1.046532,0.3765957,0.1452494,1.047335,0.4658908,0.1184821,1.170035,0.519878,-0.1409929,1.087009,0.4618786,-0.4439585,1.072951,0.5408519,0.1071087,1.115547,0.5269366,-0.1655581,1.087746,0.5235071,-0.4727574,1.083875,0.4921227,0.5928789,1.161459
72057594037941341,0,1.823162,9888.534,0.5153718,0.1064974,1.172248,0.4772235,0.7738916,1.168584,0.3914363,0.5488909,1.242365,0.3485347,0.3609301,1.13212,0.4302772,0.5182093,0.9841987,0.4499607,0.5036991,1.001626,0.5589924,0.5242627,1.075837,0.5689656,0.2908365,1.062613,0.3919262,0.1491866,1.046532,0.3765957,0.1452494,1.047335,0.4658908,0.1184821,1.170035,0.519878,-0.1409929,1.087009,0.4618786,-0.4439585,1.072951,0.5408519,0.1071087,1.115547,0.5269366,-0.1655581,1.087746,0.5235071,-0.4727574,1.083875,0.4921227,0.5928789,1.161459
72057594037941341,0,1.821953,9888.538,0.4947073,0.0990237,1.170473,0.4694082,0.7769879,1.155476,0.3810457,0.5524086,1.232217,0.3278339,0.3712624,1.098093,0.4259243,0.5202181,0.9728587,0.4442596,0.5023759,0.9940791,0.5527163,0.5251626,1.064805,0.5560228,0.2828887,1.046599,0.383298,0.1513585,1.03565,0.3698409,0.1469354,1.038798,0.4451454,0.1117818,1.166851,0.4989232,-0.1599978,1.094625,0.5143552,-0.4525182,1.043287,0.5211905,0.09938732,1.114748,0.4756487,-0.1186627,1.163958,0.602021,-0.09778365,0.9341111,0.4832044,0.5946078,1.151797
72057594037941341,0,1.821953,9888.542,0.4947073,0.0990237,1.170473,0.4694082,0.7769879,1.155476,0.3810457,0.5524086,1.232217,0.3278339,0.3712624,1.098093,0.4259243,0.5202181,0.9728587,0.4442596,0.5023759,0.9940791,0.5527163,0.5251626,1.064805,0.5560228,0.2828887,1.046599,0.383298,0.1513585,1.03565,0.3698409,0.1469354,1.038798,0.4451454,0.1117818,1.166851,0.4989232,-0.1599978,1.094625,0.5143552,-0.4525182,1.043287,0.5211905,0.09938732,1.114748,0.4756487,-0.1186627,1.163958,0.602021,-0.09778365,0.9341111,0.4832044,0.5946078,1.151797
72057594037941341,0,1.821953,9888.546,0.4947073,0.0990237,1.170473,0.4694082,0.7769879,1.155476,0.3810457,0.5524086,1.232217,0.3278339,0.3712624,1.098093,0.4259243,0.5202181,0.9728587,0.4442596,0.5023759,0.9940791,0.5527163,0.5251626,1.064805,0.5560228,0.2828887,1.046599,0.383298,0.1513585,1.03565,0.3698409,0.1469354,1.038798,0.4451454,0.1117818,1.166851,0.4989232,-0.1599978,1.094625,0.5143552,-0.4525182,1.043287,0.5211905,0.09938732,1.114748,0.4756487,-0.1186627,1.163958,0.602021,-0.09778365,0.9341111,0.4832044,0.5946078,1.151797
72057594037941341,0,1.821953,9888.551,0.4947073,0.0990237,1.170473,0.4694082,0.7769879,1.155476,0.3810457,0.5524086,1.232217,0.3278339,0.3712624,1.098093,0.4259243,0.5202181,0.9728587,0.4442596,0.5023759,0.9940791,0.5527163,0.5251626,1.064805,0.5560228,0.2828887,1.046599,0.383298,0.1513585,1.03565,0.3698409,0.1469354,1.038798,0.4451454,0.1117818,1.166851,0.4989232,-0.1599978,1.094625,0.5143552,-0.4525182,1.043287,0.5211905,0.09938732,1.114748,0.4756487,-0.1186627,1.163958,0.602021,-0.09778365,0.9341111,0.4832044,0.5946078,1.151797
72057594037941341,0,1.821953,9888.555,0.4947073,0.0990237,1.170473,0.4694082,0.7769879,1.155476,0.3810457,0.5524086,1.232217,0.3278339,0.3712624,1.098093,0.4259243,0.5202181,0.9728587,0.4442596,0.5023759,0.9940791,0.5527163,0.5251626,1.064805,0.5560228,0.2828887,1.046599,0.383298,0.1513585,1.03565,0.3698409,0.1469354,1.038798,0.4451454,0.1117818,1.166851,0.4989232,-0.1599978,1.094625,0.5143552,-0.4525182,1.043287,0.5211905,0.09938732,1.114748,0.4756487,-0.1186627,1.163958,0.602021,-0.09778365,0.9341111,0.4832044,0.5946078,1.151797
72057594037941341,0,1.821953,9888.559,0.4947073,0.0990237,1.170473,0.4694082,0.7769879,1.155476,0.3810457,0.5524086,1.232217,0.3278339,0.3712624,1.098093,0.4259243,0.5202181,0.9728587,0.4442596,0.5023759,0.9940791,0.5527163,0.5251626,1.064805,0.5560228,0.2828887,1.046599,0.383298,0.1513585,1.03565,0.3698409,0.1469354,1.038798,0.4451454,0.1117818,1.166851,0.4989232,-0.1599978,1.094625,0.5143552,-0.4525182,1.043287,0.5211905,0.09938732,1.114748,0.4756487,-0.1186627,1.163958,0.602021,-0.09778365,0.9341111,0.4832044,0.5946078,1.151797
72057594037941341,0,1.821953,9888.563,0.4947073,0.0990237,1.170473,0.4694082,0.7769879,1.155476,0.3810457,0.5524086,1.232217,0.3278339,0.3712624,1.098093,0.4259243,0.5202181,0.9728587,0.4442596,0.5023759,0.9940791,0.5527163,0.5251626,1.064805,0.5560228,0.2828887,1.046599,0.383298,0.1513585,1.03565,0.3698409,0.1469354,1.038798,0.4451454,0.1117818,1.166851,0.4989232,-0.1599978,1.094625,0.5143552,-0.4525182,1.043287,0.5211905,0.09938732,1.114748,0.4756487,-0.1186627,1.163958,0.602021,-0.09778365,0.9341111,0.4832044,0.5946078,1.151797
72057594037941341,0,1.821953,9888.567,0.4947073,0.0990237,1.170473,0.4694082,0.7769879,1.155476,0.3810457,0.5524086,1.232217,0.3278339,0.3712624,1.098093,0.4259243,0.5202181,0.9728587,0.4442596,0.5023759,0.9940791,0.5527163,0.5251626,1.064805,0.5560228,0.2828887,1.046599,0.383298,0.1513585,1.03565,0.3698409,0.1469354,1.038798,0.4451454,0.1117818,1.166851,0.4989232,-0.1599978,1.094625,0.5143552,-0.4525182,1.043287,0.5211905,0.09938732,1.114748,0.4756487,-0.1186627,1.163958,0.602021,-0.09778365,0.9341111,0.4832044,0.5946078,1.151797
72057594037941341,0,1.825389,9888.571,0.4847049,0.09244996,1.166529,0.4618737,0.7792591,1.143656,0.37064,0.5565333,1.218656,0.3246077,0.3712792,1.093383,0.4177611,0.5211813,0.9592844,0.4246472,0.5252189,0.9525181,0.5457731,0.5267112,1.052284,0.5553674,0.2788495,1.04021,0.4483784,0.1337561,1.001632,0.459442,0.101897,1.036277,0.4348998,0.1058399,1.16267,0.5040706,-0.1809216,1.081816,0.5734881,-0.4436018,1.029756,0.5116987,0.09260213,1.11071,0.3991615,-0.09449291,1.17244,0.5840546,-0.1621221,0.9944073,0.4741988,0.5954599,1.141245
72057594037941341,0,1.825389,9888.575,0.4847049,0.09244996,1.166529,0.4618737,0.7792591,1.143656,0.37064,0.5565333,1.218656,0.3246077,0.3712792,1.093383,0.4177611,0.5211813,0.9592844,0.4246472,0.5252189,0.9525181,0.5457731,0.5267112,1.052284,0.5553674,0.2788495,1.04021,0.4483784,0.1337561,1.001632,0.459442,0.101897,1.036277,0.4348998,0.1058399,1.16267,0.5040706,-0.1809216,1.081816,0.5734881,-0.4436018,1.029756,0.5116987,0.09260213,1.11071,0.3991615,-0.09449291,1.17244,0.5840546,-0.1621221,0.9944073,0.4741988,0.5954599,1.141245
72057594037941341,0,1.825389,9888.579,0.4847049,0.09244996,1.166529,0.4618737,0.7792591,1.143656,0.37064,0.5565333,1.218656,0.3246077,0.3712792,1.093383,0.4177611,0.5211813,0.9592844,0.4246472,0.5252189,0.9525181,0.5457731,0.5267112,1.052284,0.5553674,0.2788495,1.04021,0.4483784,0.1337561,1.001632,0.459442,0.101897,1.036277,0.4348998,0.1058399,1.16267,0.5040706,-0.1809216,1.081816,0.5734881,-0.4436018,1.029756,0.5116987,0.09260213,1.11071,0.3991615,-0.09449291,1.17244,0.5840546,-0.1621221,0.9944073,0.4741988,0.5954599,1.141245
72057594037941341,0,1.825389,9888.584,0.4847049,0.09244996,1.166529,0.4618737,0.7792591,1.143656,0.37064,0.5565333,1.218656,0.3246077,0.3712792,1.093383,0.4177611,0.5211813,0.9592844,0.4246472,0.5252189,0.9525181,0.5457731,0.5267112,1.052284,0.5553674,0.2788495,1.04021,0.4483784,0.1337561,1.001632,0.459442,0.101897,1.036277,0.4348998,0.1058399,1.16267,0.5040706,-0.1809216,1.081816,0.5734881,-0.4436018,1.029756,0.5116987,0.09260213,1.11071,0.3991615,-0.09449291,1.17244,0.5840546,-0.1621221,0.9944073,0.4741988,0.5954599,1.141245
72057594037941341,0,1.825389,9888.588,0.4847049,0.09244996,1.166529,0.4618737,0.7792591,1.143656,0.37064,0.5565333,1.218656,0.3246077,0.3712792,1.093383,0.4177611,0.5211813,0.9592844,0.4246472,0.5252189,0.9525181,0.5457731,0.5267112,1.052284,0.5553674,0.2788495,1.04021,0.4483784,0.1337561,1.001632,0.459442,0.101897,1.036277,0.4348998,0.1058399,1.16267,0.5040706,-0.1809216,1.081816,0.5734881,-0.4436018,1.029756,0.5116987,0.09260213,1.11071,0.3991615,-0.09449291,1.17244,0.5840546,-0.1621221,0.9944073,0.4741988,0.5954599,1.141245
72057594037941341,0,1.825389,9888.592,0.4847049,0.09244996,1.166529,0.4618737,0.7792591,1.143656,0.37064,0.5565333,1.218656,0.3246077,0.3712792,1.093383,0.4177611,0.5211813,0.9592844,0.4246472,0.5252189,0.9525181,0.5457731,0.5267112,1.052284,0.5553674,0.2788495,1.04021,0.4483784,0.1337561,1.001632,0.459442,0.101897,1.036277,0.4348998,0.1058399,1.16267,0.5040706,-0.1809216,1.081816,0.5734881,-0.4436018,1.029756,0.5116987,0.09260213,1.11071,0.3991615,-0.09449291,1.17244,0.5840546,-0.1621221,0.9944073,0.4741988,0.5954599,1.141245
72057594037941341,0,1.825389,9888.596,0.4847049,0.09244996,1.166529,0.4618737,0.7792591,1.143656,0.37064,0.5565333,1.218656,0.3246077,0.3712792,1.093383,0.4177611,0.5211813,0.9592844,0.4246472,0.5252189,0.9525181,0.5457731,0.5267112,1.052284,0.5553674,0.2788495,1.04021,0.4483784,0.1337561,1.001632,0.459442,0.101897,1.036277,0.4348998,0.1058399,1.16267,0.5040706,-0.1809216,1.081816,0.5734881,-0.4436018,1.029756,0.5116987,0.09260213,1.11071,0.3991615,-0.09449291,1.17244,0.5840546,-0.1621221,0.9944073,0.4741988,0.5954599,1.141245
72057594037941341,0,1.825389,9888.6,0.4847049,0.09244996,1.166529,0.4618737,0.7792591,1.143656,0.37064,0.5565333,1.218656,0.3246077,0.3712792,1.093383,0.4177611,0.5211813,0.9592844,0.4246472,0.5252189,0.9525181,0.5457731,0.5267112,1.052284,0.5553674,0.2788495,1.04021,0.4483784,0.1337561,1.001632,0.459442,0.101897,1.036277,0.4348998,0.1058399,1.16267,0.5040706,-0.1809216,1.081816,0.5734881,-0.4436018,1.029756,0.5116987,0.09260213,1.11071,0.3991615,-0.09449291,1.17244,0.5840546,-0.1621221,0.9944073,0.4741988,0.5954599,1.141245
72057594037941341,0,1.832955,9888.604,0.470716,0.0850299,1.157065,0.4542251,0.7808604,1.131917,0.3613574,0.5577384,1.206686,0.3242063,0.3686654,1.094694,0.4091095,0.5210037,0.9472603,0.4072593,0.5271175,0.9355073,0.5391023,0.526529,1.04161,0.5528485,0.2751018,1.033151,0.4210939,0.1469823,0.9948938,0.3911956,0.1462765,1.002151,0.4198574,0.09885284,1.151643,0.5041529,-0.1821271,1.080315,0.5892633,-0.4462445,1.036428,0.4990473,0.08532137,1.102333,0.4960557,-0.1482868,1.097584,0.600845,0.04216567,0.9363399,0.4654293,0.596092,1.130791
72057594037941341,0,1.832955,9888.608,0.470716,0.0850299,1.157065,0.4542251,0.7808604,1.131917,0.3613574,0.5577384,1.206686,0.3242063,0.3686654,1.094694,0.4091095,0.5210037,0.9472603,0.4072593,0.5271175,0.9355073,0.5391023,0.526529,1.04161,0.5528485,0.2751018,1.033151,0.4210939,0.1469823,0.9948938,0.3911956,0.1462765,1.002151,0.4198574,0.09885284,1.151643,0.5041529,-0.1821271,1.080315,0.5892633,-0.4462445,1.036428,0.4990473,0.08532137,1.102333,0.4960557,-0.1482868,1.097584,0.600845,0.04216567,0.9363399,0.4654293,0.596092,1.130791
72057594037941341,0,1.832955,9888.611,0.470716,0.0850299,1.157065,0.4542251,0.7808604,1.131917,0.3613574,0.5577384,1.206686,0.3242063,0.3686654,1.094694,0.4091095,0.5210037,0.9472603,0.4072593,0.5271175,0.9355073,0.5391023,0.526529,1.04161,0.5528485,0.2751018,1.033151,0.4210939,0.1469823,0.9948938,0.3911956,0.1462765,1.002151,0.4198574,0.09885284,1.151643,0.5041529,-0.1821271,1.080315,0.5892633,-0.4462445,1.036428,0.4990473,0.08532137,1.102333,0.4960557,-0.1482868,1.097584,0.600845,0.04216567,0.9363399,0.4654293,0.596092,1.130791
72057594037941341,0,1.832955,9888.615,0.470716,0.0850299,1.157065,0.4542251,0.7808604,1.131917,0.3613574,0.5577384,1.206686,0.3242063,0.3686654,1.094694,0.4091095,0.5210037,0.9472603,0.4072593,0.5271175,0.9355073,0.5391023,0.526529,1.04161,0.5528485,0.2751018,1.033151,0.4210939,0.1469823,0.9948938,0.3911956,0.1462765,1.002151,0.4198574,0.09885284,1.151643,0.5041529,-0.1821271,1.080315,0.5892633,-0.4462445,1.036428,0.4990473,0.08532137,1.102333,0.4960557,-0.1482868,1.097584,0.600845,0.04216567,0.9363399,0.4654293,0.596092,1.130791
72057594037941341,0,1.832955,9888.62,0.470716,0.0850299,1.157065,0.4542251,0.7808604,1.131917,0.3613574,0.5577384,1.206686,0.3242063,0.3686654,1.094694,0.4091095,0.5210037,0.9472603,0.4072593,0.5271175,0.9355073,0.5391023,0.526529,1.04161,0.5528485,0.2751018,1.033151,0.4210939,0.1469823,0.9948938,0.3911956,0.1462765,1.002151,0.4198574,0.09885284,1.151643,0.5041529,-0.1821271,1.080315,0.5892633,-0.4462445,1.036428,0.4990473,0.08532137,1.102333,0.4960557,-0.1482868,1.097584,0.600845,0.04216567,0.9363399,0.4654293,0.596092,1.130791
72057594037941341,0,1.832955,9888.626,0.470716,0.0850299,1.157065,0.4542251,0.7808604,1.131917,0.3613574,0.5577384,1.206686,0.3242063,0.3686654,1.094694,0.4091095,0.5210037,0.9472603,0.4072593,0.5271175,0.9355073,0.5391023,0.526529,1.04161,0.5528485,0.2751018,1.033151,0.4210939,0.1469823,0.9948938,0.3911956,0.1462765,1.002151,0.4198574,0.09885284,1.151643,0.5041529,-0.1821271,1.080315,0.5892633,-0.4462445,1.036428,0.4990473,0.08532137,1.102333,0.4960557,-0.1482868,1.097584,0.600845,0.04216567,0.9363399,0.4654293,0.596092,1.130791
72057594037941341,0,1.832955,9888.63,0.470716,0.0850299,1.157065,0.4542251,0.7808604,1.131917,0.3613574,0.5577384,1.206686,0.3242063,0.3686654,1.094694,0.4091095,0.5210037,0.9472603,0.4072593,0.5271175,0.9355073,0.5391023,0.526529,1.04161,0.5528485,0.2751018,1.033151,0.4210939,0.1469823,0.9948938,0.3911956,0.1462765,1.002151,0.4198574,0.09885284,1.151643,0.5041529,-0.1821271,1.080315,0.5892633,-0.4462445,1.036428,0.4990473,0.08532137,1.102333,0.4960557,-0.1482868,1.097584,0.600845,0.04216567,0.9363399,0.4654293,0.596092,1.130791
72057594037941341,0,1.837183,9888.634,0.4598345,0.08271372,1.150006,0.4461354,0.7832658,1.121143,0.3524554,0.5594841,1.195231,0.331493,0.3647372,1.109765,0.4024171,0.5203648,0.9354327,0.4270535,0.5723196,0.8806133,0.5316505,0.528388,1.032908,0.5655138,0.2971668,1.031621,0.5347965,0.1190922,0.9881042,0.5131025,0.08276391,1.008326,0.4089302,0.09686249,1.144898,0.5074861,-0.1818573,1.074878,0.604642,-0.4412897,1.0328,0.4885423,0.0829488,1.094643,0.4934734,-0.1468951,1.097073,0.603328,0.04447746,0.9364587,0.4561982,0.5972908,1.122277
72057594037941341,0,1.837183,9888.638,0.4598345,0.08271372,1.150006,0.4461354,0.7832658,1.121143,0.3524554,0.5594841,1.195231,0.331493,0.3647372,1.109765,0.4024171,0.5203648,0.9354327,0.4270535,0.5723196,0.8806133,0.5316505,0.528388,1.032908,0.5655138,0.2971668,1.031621,0.5347965,0.1190922,0.9881042,0.5131025,0.08276391,1.008326,0.4089302,0.09686249,1.144898,0.5074861,-0.1818573,1.074878,0.604642,-0.4412897,1.0328,0.4885423,0.0829488,1.094643,0.4934734,-0.1468951,1.097073,0.603328,0.04447746,0.9364587,0.4561982,0.5972908,1.122277
72057594037941341,0,1.837183,9888.642,0.4598345,0.08271372,1.150006,0.4461354,0.7832658,1.121143,0.3524554,0.5594841,1.195231,0.331493,0.3647372,1.109765,0.4024171,0.5203648,0.9354327,0.4270535,0.5723196,0.8806133,0.5316505,0.528388,1.032908,0.5655138,0.2971668,1.031621,0.5347965,0.1190922,0.9881042,0.5131025,0.08276391,1.008326,0.4089302,0.09686249,1.144898,0.5074861,-0.1818573,1.074878,0.604642,-0.4412897,1.0328,0.4885423,0.0829488,1.094643,0.4934734,-0.1468951,1.097073,0.603328,0.04447746,0.9364587,0.4561982,0.5972908,1.122277
72057594037941341,0,1.837183,9888.646,0.4598345,0.08271372,1.150006,0.4461354,0.7832658,1.121143,0.3524554,0.5594841,1.195231,0.331493,0.3647372,1.109765,0.4024171,0.5203648,0.9354327,0.4270535,0.5723196,0.8806133,0.5316505,0.528388,1.032908,0.5655138,0.2971668,1.031621,0.5347965,0.1190922,0.9881042,0.5131025,0.08276391,1.008326,0.4089302,0.09686249,1.144898,0.5074861,-0.1818573,1.074878,0.604642,-0.4412897,1.0328,0.4885423,0.0829488,1.094643,0.4934734,-0.1468951,1.097073,0.603328,0.04447746,0.9364587,0.4561982,0.5972908,1.122277
72057594037941341,0,1.837183,9888.649,0.4598345,0.08271372,1.150006,0.4461354,0.7832658,1.121143,0.3524554,0.5594841,1.195231,0.331493,0.3647372,1.109765,0.4024171,0.5203648,0.9354327,0.4270535,0.5723196,0.8806133,0.5316505,0.528388,1.032908,0.5655138,0.2971668,1.031621,0.5347965,0.1190922,0.9881042,0.5131025,0.08276391,1.008326,0.4089302,0.09686249,1.144898,0.5074861,-0.1818573,1.074878,0.604642,-0.4412897,1.0328,0.4885423,0.0829488,1.094643,0.4934734,-0.1468951,1.097073,0.603328,0.04447746,0.9364587,0.4561982,0.5972908,1.122277
72057594037941341,0,1.837183,9888.653,0.4598345,0.08271372,1.150006,0.4461354,0.7832658,1.121143,0.3524554,0.5594841,1.195231,0.331493,0.3647372,1.109765,0.4024171,0.5203648,0.9354327,0.4270535,0.5723196,0.8806133,0.5316505,0.528388,1.032908,0.5655138,0.2971668,1.031621,0.5347965,0.1190922,0.9881042,0.5131025,0.08276391,1.008326,0.4089302,0.09686249,1.144898,0.5074861,-0.1818573,1.074878,0.604642,-0.4412897,1.0328,0.4885423,0.0829488,1.094643,0.4934734,-0.1468951,1.097073,0.603328,0.04447746,0.9364587,0.4561982,0.5972908,1.122277
72057594037941341,0,1.837183,9888.657,0.4598345,0.08271372,1.150006,0.4461354,0.7832658,1.121143,0.3524554,0.5594841,1.195231,0.331493,0.3647372,1.109765,0.4024171,0.5203648,0.9354327,0.4270535,0.5723196,0.8806133,0.5316505,0.528388,1.032908,0.5655138,0.2971668,1.031621,0.5347965,0.1190922,0.9881042,0.5131025,0.08276391,1.008326,0.4089302,0.09686249,1.144898,0.5074861,-0.1818573,1.074878,0.604642,-0.4412897,1.0328,0.4885423,0.0829488,1.094643,0.4934734,-0.1468951,1.097073,0.603328,0.04447746,0.9364587,0.4561982,0.5972908,1.122277
72057594037941341,0,1.837183,9888.662,0.4598345,0.08271372,1.150006,0.4461354,0.7832658,1.121143,0.3524554,0.5594841,1.195231,0.331493,0.3647372,1.109765,0.4024171,0.5203648,0.9354327,0.4270535,0.5723196,0.8806133,0.5316505,0.528388,1.032908,0.5655138,0.2971668,1.031621,0.5347965,0.1190922,0.9881042,0.5131025,0.08276391,1.008326,0.4089302,0.09686249,1.144898,0.5074861,-0.1818573,1.074878,0.604642,-0.4412897,1.0328,0.4885423,0.0829488,1.094643,0.4934734,-0.1468951,1.097073,0.603328,0.04447746,0.9364587,0.4561982,0.5972908,1.122277
72057594037941341,0,1.837183,9888.667,0.4598345,0.08271372,1.150006,0.4461354,0.7832658,1.121143,0.3524554,0.5594841,1.195231,0.331493,0.3647372,1.109765,0.4024171,0.5203648,0.9354327,0.4270535,0.5723196,0.8806133,0.5316505,0.528388,1.032908,0.5655138,0.2971668,1.031621,0.5347965,0.1190922,0.9881042,0.5131025,0.08276391,1.008326,0.4089302,0.09686249,1.144898,0.5074861,-0.1818573,1.074878,0.604642,-0.4412897,1.0328,0.4885423,0.0829488,1.094643,0.4934734,-0.1468951,1.097073,0.603328,0.04447746,0.9364587,0.4561982,0.5972908,1.122277
72057594037941341,0,1.843488,9888.671,0.448858,0.08734694,1.13715,0.4367035,0.7864965,1.110104,0.3429232,0.5616036,1.183477,0.3318321,0.3646728,1.111106,0.3921777,0.5203902,0.9233606,0.4133018,0.5723997,0.8640742,0.523882,0.5294912,1.022801,0.5316529,0.2747147,1.005289,0.5101207,0.02592233,1.010861,0.4977631,-0.05148646,1.022265,0.3975775,0.1018607,1.132433,0.4963827,-0.1935042,1.070903,0.5835617,-0.4400702,1.039445,0.478131,0.08720362,1.081088,0.4856726,-0.1453381,1.093478,0.478445,0.09250626,0.9555907,0.4454231,0.5998842,1.110739
72057594037941341,0,1.843488,9888.675,0.448858,0.08734694,1.13715,0.4367035,0.7864965,1.110104,0.3429232,0.5616036,1.183477,0.3318321,0.3646728,1.111106,0.3921777,0.5203902,0.9233606,0.4133018,0.5723997,0.8640742,0.523882,0.5294912,1.022801,0.5316529,0.2747147,1.005289,0.5101207,0.02592233,1.010861,0.4977631,-0.05148646,1.022265,0.3975775,0.1018607,1.132433,0.4963827,-0.1935042,1.070903,0.5835617,-0.4400702,1.039445,0.478131,0.08720362,1.081088,0.4856726,-0.1453381,1.093478,0.478445,0.09250626,0.9555907,0.4454231,0.5998842,1.110739
72057594037941341,0,1.843488,9888.679,0.448858,0.08734694,1.13715,0.4367035,0.7864965,1.110104,0.3429232,0.5616036,1.183477,0.3318321,0.3646728,1.111106,0.3921777,0.5203902,0.9233606,0.4133018,0.5723997,0.8640742,0.523882,0.5294912,1.022801,0.5316529,0.2747147,1.005289,0.5101207,0.02592233,1.010861,0.4977631,-0.05148646,1.022265,0.3975775,0.1018607,1.132433,0.4963827,-0.1935042,1.070903,0.5835617,-0.4400702,1.039445,0.478131,0.08720362,1.081088,0.4856726,-0.1453381,1.093478,0.478445,0.09250626,0.9555907,0.4454231,0.5998842,1.110739
72057594037941341,0,1.843488,9888.683,0.448858,0.08734694,1.13715,0.4367035,0.7864965,1.110104,0.3429232,0.5616036,1.183477,0.3318321,0.3646728,1.111106,0.3921777,0.5203902,0.9233606,0.4133018,0.5723997,0.8640742,0.523882,0.5294912,1.022801,0.5316529,0.2747147,1.005289,0.5101207,0.02592233,1.010861,0.4977631,-0.05148646,1.022265,0.3975775,0.1018607,1.132433,0.4963827,-0.1935042,1.070903,0.5835617,-0.4400702,1.039445,0.478131,0.08720362,1.081088,0.4856726,-0.1453381,1.093478,0.478445,0.09250626,0.9555907,0.4454231,0.5998842,1.110739
72057594037941341,0,1.843488,9888.687,0.448858,0.08734694,1.13715,0.4367035,0.7864965,1.110104,0.3429232,0.5616036,1.183477,0.3318321,0.3646728,1.111106,0.3921777,0.5203902,0.9233606,0.4133018,0.5723997,0.8640742,0.523882,0.5294912,1.022801,0.5316529,0.2747147,1.005289,0.5101207,0.02592233,1.010861,0.4977631,-0.05148646,1.022265,0.3975775,0.1018607,1.132433,0.4963827,-0.1935042,1.070903,0.5835617,-0.4400702,1.039445,0.478131,0.08720362,1.081088,0.4856726,-0.1453381,1.093478,0.478445,0.09250626,0.9555907,0.4454231,0.5998842,1.110739
72057594037941341,0,1.843488,9888.69,0.448858,0.08734694,1.13715,0.4367035,0.7864965,1.110104,0.3429232,0.5616036,1.183477,0.3318321,0.3646728,1.111106,0.3921777,0.5203902,0.9233606,0.4133018,0.5723997,0.8640742,0.523882,0.5294912,1.022801,0.5316529,0.2747147,1.005289,0.5101207,0.02592233,1.010861,0.4977631,-0.05148646,1.022265,0.3975775,0.1018607,1.132433,0.4963827,-0.1935042,1.070903,0.5835617,-0.4400702,1.039445,0.478131,0.08720362,1.081088,0.4856726,-0.1453381,1.093478,0.478445,0.09250626,0.9555907,0.4454231,0.5998842,1.110739
72057594037941341,0,1.843488,9888.694,0.448858,0.08734694,1.13715,0.4367035,0.7864965,1.110104,0.3429232,0.5616036,1.183477,0.3318321,0.3646728,1.111106,0.3921777,0.5203902,0.9233606,0.4133018,0.5723997,0.8640742,0.523882,0.5294912,1.022801,0.5316529,0.2747147,1.005289,0.5101207,0.02592233,1.010861,0.4977631,-0.05148646,1.022265,0.3975775,0.1018607,1.132433,0.4963827,-0.1935042,1.070903,0.5835617,-0.4400702,1.039445,0.478131,0.08720362,1.081088,0.4856726,-0.1453381,1.093478,0.478445,0.09250626,0.9555907,0.4454231,0.5998842,1.110739
72057594037941341,0,1.843488,9888.698,0.448858,0.08734694,1.13715,0.4367035,0.7864965,1.110104,0.3429232,0.5616036,1.183477,0.3318321,0.3646728,1.111106,0.3921777,0.5203902,0.9233606,0.4133018,0.5723997,0.8640742,0.523882,0.5294912,1.022801,0.5316529,0.2747147,1.005289,0.5101207,0.02592233,1.010861,0.4977631,-0.05148646,1.022265,0.3975775,0.1018607,1.132433,0.4963827,-0.1935042,1.070903,0.5835617,-0.4400702,1.039445,0.478131,0.08720362,1.081088,0.4856726,-0.1453381,1.093478,0.478445,0.09250626,0.9555907,0.4454231,0.5998842,1.110739
72057594037941341,0,1.846393,9888.703,0.4367411,0.08848512,1.129762,0.426726,0.7891378,1.100801,0.3338257,0.5623053,1.174931,0.3276798,0.3610626,1.107976,0.374187,0.5169998,0.9099224,0.3906991,0.5690994,0.84721,0.5121864,0.5316285,1.011012,0.5296032,0.2754416,1.003852,0.4941913,0.0259715,1.011887,0.4817339,-0.05068699,1.019507,0.3853727,0.1010934,1.123843,0.3920765,-0.1249176,1.113451,0.5947265,-0.3950099,1.033009,0.4662375,0.0903053,1.074441,0.4798382,-0.153559,1.088273,0.5133625,0.07127133,0.93073,0.4347994,0.6018238,1.10115
72057594037941341,0,1.846393,9888.707,0.4367411,0.08848512,1.129762,0.426726,0.7891378,1.100801,0.3338257,0.5623053,1.174931,0.3276798,0.3610626,1.107976,0.374187,0.5169998,0.9099224,0.3906991,0.5690994,0.84721,0.5121864,0.5316285,1.011012,0.5296032,0.2754416,1.003852,0.4941913,0.0259715,1.011887,0.4817339,-0.05068699,1.019507,0.3853727,0.1010934,1.123843,0.3920765,-0.1249176,1.113451,0.5947265,-0.3950099,1.033009,0.4662375,0.0903053,1.074441,0.4798382,-0.153559,1.088273,0.5133625,0.07127133,0.93073,0.4347994,0.6018238,1.10115
72057594037941341,0,1.846393,9888.711,0.4367411,0.08848512,1.129762,0.426726,0.7891378,1.100801,0.3338257,0.5623053,1.174931,0.3276798,0.3610626,1.107976,0.374187,0.5169998,0.9099224,0.3906991,0.5690994,0.84721,0.5121864,0.5316285,1.011012,0.5296032,0.2754416,1.003852,0.4941913,0.0259715,1.011887,0.4817339,-0.05068699,1.019507,0.3853727,0.1010934,1.123843,0.3920765,-0.1249176,1.113451,0.5947265,-0.3950099,1.033009,0.4662375,0.0903053,1.074441,0.4798382,-0.153559,1.088273,0.5133625,0.07127133,0.93073,0.4347994,0.6018238,1.10115
72057594037941341,0,1.846393,9888.714,0.4367411,0.08848512,1.129762,0.426726,0.7891378,1.100801,0.3338257,0.5623053,1.174931,0.3276798,0.3610626,1.107976,0.374187,0.5169998,0.9099224,0.3906991,0.5690994,0.84721,0.5121864,0.5316285,1.011012,0.5296032,0.2754416,1.003852,0.4941913,0.0259715,1.011887,0.4817339,-0.05068699,1.019507,0.3853727,0.1010934,1.123843,0.3920765,-0.1249176,1.113451,0.5947265,-0.3950099,1.033009,0.4662375,0.0903053,1.074441,0.4798382,-0.153559,1.088273,0.5133625,0.07127133,0.93073,0.4347994,0.6018238,1.10115
72057594037941341,0,1.846393,9888.718,0.4367411,0.08848512,1.129762,0.426726,0.7891378,1.100801,0.3338257,0.5623053,1.174931,0.3276798,0.3610626,1.107976,0.374187,0.5169998,0.9099224,0.3906991,0.5690994,0.84721,0.5121864,0.5316285,1.011012,0.5296032,0.2754416,1.003852,0.4941913,0.0259715,1.011887,0.4817339,-0.05068699,1.019507,0.3853727,0.1010934,1.123843,0.3920765,-0.1249176,1.113451,0.5947265,-0.3950099,1.033009,0.4662375,0.0903053,1.074441,0.4798382,-0.153559,1.088273,0.5133625,0.07127133,0.93073,0.4347994,0.6018238,1.10115
72057594037941341,0,1.846393,9888.722,0.4367411,0.08848512,1.129762,0.426726,0.7891378,1.100801,0.3338257,0.5623053,1.174931,0.3276798,0.3610626,1.107976,0.374187,0.5169998,0.9099224,0.3906991,0.5690994,0.84721,0.5121864,0.5316285,1.011012,0.5296032,0.2754416,1.003852,0.4941913,0.0259715,1.011887,0.4817339,-0.05068699,1.019507,0.3853727,0.1010934,1.123843,0.3920765,-0.1249176,1.113451,0.5947265,-0.3950099,1.033009,0.4662375,0.0903053,1.074441,0.4798382,-0.153559,1.088273,0.5133625,0.07127133,0.93073,0.4347994,0.6018238,1.10115
72057594037941341,0,1.846393,9888.726,0.4367411,0.08848512,1.129762,0.426726,0.7891378,1.100801,0.3338257,0.5623053,1.174931,0.3276798,0.3610626,1.107976,0.374187,0.5169998,0.9099224,0.3906991,0.5690994,0.84721,0.5121864,0.5316285,1.011012,0.5296032,0.2754416,1.003852,0.4941913,0.0259715,1.011887,0.4817339,-0.05068699,1.019507,0.3853727,0.1010934,1.123843,0.3920765,-0.1249176,1.113451,0.5947265,-0.3950099,1.033009,0.4662375,0.0903053,1.074441,0.4798382,-0.153559,1.088273,0.5133625,0.07127133,0.93073,0.4347994,0.6018238,1.10115
72057594037941341,0,1.846393,9888.73,0.4367411,0.08848512,1.129762,0.426726,0.7891378,1.100801,0.3338257,0.5623053,1.174931,0.3276798,0.3610626,1.107976,0.374187,0.5169998,0.9099224,0.3906991,0.5690994,0.84721,0.5121864,0.5316285,1.011012,0.5296032,0.2754416,1.003852,0.4941913,0.0259715,1.011887,0.4817339,-0.05068699,1.019507,0.3853727,0.1010934,1.123843,0.3920765,-0.1249176,1.113451,0.5947265,-0.3950099,1.033009,0.4662375,0.0903053,1.074441,0.4798382,-0.153559,1.088273,0.5133625,0.07127133,0.93073,0.4347994,0.6018238,1.10115
72057594037941341,0,1.846393,9888.734,0.4367411,0.08848512,1.129762,0.426726,0.7891378,1.100801,0.3338257,0.5623053,1.174931,0.3276798,0.3610626,1.107976,0.374187,0.5169998,0.9099224,0.3906991,0.5690994,0.84721,0.5121864,0.5316285,1.011012,0.5296032,0.2754416,1.003852,0.4941913,0.0259715,1.011887,0.4817339,-0.05068699,1.019507,0.3853727,0.1010934,1.123843,0.3920765,-0.1249176,1.113451,0.5947265,-0.3950099,1.033009,0.4662375,0.0903053,1.074441,0.4798382,-0.153559,1.088273,0.5133625,0.07127133,0.93073,0.4347994,0.6018238,1.10115
72057594037941341,0,1.844855,9888.738,0.4042635,0.2131737,1.067256,0.4081755,0.7863738,1.073744,0.3182741,0.5776162,1.153196,0.2956497,0.3926543,1.074289,0.2269371,0.3596788,0.9441824,0.1920586,0.3628207,0.9108962,0.4928122,0.5678119,0.9873019,0.5506799,0.4351074,0.9745438,0.3835106,0.4979699,0.8988652,0.3677635,0.5146021,0.9085585,0.3546637,0.2201514,1.073188,0.3243202,-0.009134024,1.059614,0.3952718,-0.2069338,1.102741,0.436114,0.2135408,1.009851,0.4723533,-0.00998652,1.027018,0.4776864,-0.2169213,1.062976,0.413906,0.6153236,1.07533
72057594037941341,0,1.844855,9888.743,0.4042635,0.2131737,1.067256,0.4081755,0.7863738,1.073744,0.3182741,0.5776162,1.153196,0.2956497,0.3926543,1.074289,0.2269371,0.3596788,0.9441824,0.1920586,0.3628207,0.9108962,0.4928122,0.5678119,0.9873019,0.5506799,0.4351074,0.9745438,0.3835106,0.4979699,0.8988652,0.3677635,0.5146021,0.9085585,0.3546637,0.2201514,1.073188,0.3243202,-0.009134024,1.059614,0.3952718,-0.2069338,1.102741,0.436114,0.2135408,1.009851,0.4723533,-0.00998652,1.027018,0.4776864,-0.2169213,1.062976,0.413906,0.6153236,1.07533
72057594037941341,0,1.844855,9888.747,0.4042635,0.2131737,1.067256,0.4081755,0.7863738,1.073744,0.3182741,0.5776162,1.153196,0.2956497,0.3926543,1.074289,0.2269371,0.3596788,0.9441824,0.1920586,0.3628207,0.9108962,0.4928122,0.5678119,0.9873019,0.5506799,0.4351074,0.9745438,0.3835106,0.4979699,0.8988652,0.3677635,0.5146021,0.9085585,0.3546637,0.2201514,1.073188,0.3243202,-0.009134024,1.059614,0.3952718,-0.2069338,1.102741,0.436114,0.2135408,1.009851,0.4723533,-0.00998652,1.027018,0.4776864,-0.2169213,1.062976,0.413906,0.6153236,1.07533
72057594037941341,0,1.844855,9888.75,0.4042635,0.2131737,1.067256,0.4081755,0.7863738,1.073744,0.3182741,0.5776162,1.153196,0.2956497,0.3926543,1.074289,0.2269371,0.3596788,0.9441824,0.1920586,0.3628207,0.9108962,0.4928122,0.5678119,0.9873019,0.5506799,0.4351074,0.9745438,0.3835106,0.4979699,0.8988652,0.3677635,0.5146021,0.9085585,0.3546637,0.2201514,1.073188,0.3243202,-0.009134024,1.059614,0.3952718,-0.2069338,1.102741,0.436114,0.2135408,1.009851,0.4723533,-0.00998652,1.027018,0.4776864,-0.2169213,1.062976,0.413906,0.6153236,1.07533
72057594037941341,0,1.844855,9888.755,0.4042635,0.2131737,1.067256,0.4081755,0.7863738,1.073744,0.3182741,0.5776162,1.153196,0.2956497,0.3926543,1.074289,0.2269371,0.3596788,0.9441824,0.1920586,0.3628207,0.9108962,0.4928122,0.5678119,0.9873019,0.5506799,0.4351074,0.9745438,0.3835106,0.4979699,0.8988652,0.3677635,0.5146021,0.9085585,0.3546637,0.2201514,1.073188,0.3243202,-0.009134024,1.059614,0.3952718,-0.2069338,1.102741,0.436114,0.2135408,1.009851,0.4723533,-0.00998652,1.027018,0.4776864,-0.2169213,1.062976,0.413906,0.6153236,1.07533
72057594037941341,0,1.844855,9888.759,0.4042635,0.2131737,1.067256,0.4081755,0.7863738,1.073744,0.3182741,0.5776162,1.153196,0.2956497,0.3926543,1.074289,0.2269371,0.3596788,0.9441824,0.1920586,0.3628207,0.9108962,0.4928122,0.5678119,0.9873019,0.5506799,0.4351074,0.9745438,0.3835106,0.4979699,0.8988652,0.3677635,0.5146021,0.9085585,0.3546637,0.2201514,1.073188,0.3243202,-0.009134024,1.059614,0.3952718,-0.2069338,1.102741,0.436114,0.2135408,1.009851,0.4723533,-0.00998652,1.027018,0.4776864,-0.2169213,1.062976,0.413906,0.6153236,1.07533
72057594037941341,0,1.844855,9888.763,0.4042635,0.2131737,1.067256,0.4081755,0.7863738,1.073744,0.3182741,0.5776162,1.153196,0.2956497,0.3926543,1.074289,0.2269371,0.3596788,0.9441824,0.1920586,0.3628207,0.9108962,0.4928122,0.5678119,0.9873019,0.5506799,0.4351074,0.9745438,0.3835106,0.4979699,0.8988652,0.3677635,0.5146021,0.9085585,0.3546637,0.2201514,1.073188,0.3243202,-0.009134024,1.059614,0.3952718,-0.2069338,1.102741,0.436114,0.2135408,1.009851,0.4723533,-0.00998652,1.027018,0.4776864,-0.2169213,1.062976,0.413906,0.6153236,1.07533
72057594037941341,0,1.844855,9888.768,0.4042635,0.2131737,1.067256,0.4081755,0.7863738,1.073744,0.3182741,0.5776162,1.153196,0.2956497,0.3926543,1.074289,0.2269371,0.3596788,0.9441824,0.1920586,0.3628207,0.9108962,0.4928122,0.5678119,0.9873019,0.5506799,0.4351074,0.9745438,0.3835106,0.4979699,0.8988652,0.3677635,0.5146021,0.9085585,0.3546637,0.2201514,1.073188,0.3243202,-0.009134024,1.059614,0.3952718,-0.2069338,1.102741,0.436114,0.2135408,1.009851,0.4723533,-0.00998652,1.027018,0.4776864,-0.2169213,1.062976,0.413906,0.6153236,1.07533
72057594037941341,0,1.846864,9888.771,0.4006944,0.212008,1.064604,0.3956441,0.7877858,1.064902,0.3106749,0.5814514,1.145349,0.2918848,0.3940873,1.068864,0.2236595,0.3554149,0.9392713,0.1865229,0.3607029,0.9083434,0.487255,0.5682397,0.9836797,0.5466888,0.4354461,0.9715629,0.3779934,0.4986192,0.8967248,0.3517884,0.5111709,0.8987366,0.351106,0.2192935,1.070688,0.3150288,-0.01696032,1.051821,0.3518289,-0.22655,1.081229,0.4326133,0.2121334,1.006947,0.4710686,-0.01237592,1.026118,0.4778071,-0.2167309,1.062034,0.405305,0.617484,1.068188
72057594037941341,0,1.846864,9888.776,0.4006944,0.212008,1.064604,0.3956441,0.7877858,1.064902,0.3106749,0.5814514,1.145349,0.2918848,0.3940873,1.068864,0.2236595,0.3554149,0.9392713,0.1865229,0.3607029,0.9083434,0.487255,0.5682397,0.9836797,0.5466888,0.4354461,0.9715629,0.3779934,0.4986192,0.8967248,0.3517884,0.5111709,0.8987366,0.351106,0.2192935,1.070688,0.3150288,-0.01696032,1.051821,0.3518289,-0.22655,1.081229,0.4326133,0.2121334,1.006947,0.4710686,-0.01237592,1.026118,0.4778071,-0.2167309,1.062034,0.405305,0.617484,1.068188
72057594037941341,0,1.846864,9888.78,0.4006944,0.212008,1.064604,0.3956441,0.7877858,1.064902,0.3106749,0.5814514,1.145349,0.2918848,0.3940873,1.068864,0.2236595,0.3554149,0.9392713,0.1865229,0.3607029,0.9083434,0.487255,0.5682397,0.9836797,0.5466888,0.4354461,0.9715629,0.3779934,0.4986192,0.8967248,0.3517884,0.5111709,0.8987366,0.351106,0.2192935,1.070688,0.3150288,-0.01696032,1.051821,0.3518289,-0.22655,1.081229,0.4326133,0.2121334,1.006947,0.4710686,-0.01237592,1.026118,0.4778071,-0.2167309,1.062034,0.405305,0.617484,1.068188
72057594037941341,0,1.846864,9888.786,0.4006944,0.212008,1.064604,0.3956441,0.7877858,1.064902,0.3106749,0.5814514,1.145349,0.2918848,0.3940873,1.068864,0.2236595,0.3554149,0.9392713,0.1865229,0.3607029,0.9083434,0.487255,0.5682397,0.9836797,0.5466888,0.4354461,0.9715629,0.3779934,0.4986192,0.8967248,0.3517884,0.5111709,0.8987366,0.351106,0.2192935,1.070688,0.3150288,-0.01696032,1.051821,0.3518289,-0.22655,1.081229,0.4326133,0.2121334,1.006947,0.4710686,-0.01237592,1.026118,0.4778071,-0.2167309,1.062034,0.405305,0.617484,1.068188
72057594037941341,0,1.846864,9888.79,0.4006944,0.212008,1.064604,0.3956441,0.7877858,1.064902,0.3106749,0.5814514,1.145349,0.2918848,0.3940873,1.068864,0.2236595,0.3554149,0.9392713,0.1865229,0.3607029,0.9083434,0.487255,0.5682397,0.9836797,0.5466888,0.4354461,0.9715629,0.3779934,0.4986192,0.8967248,0.3517884,0.5111709,0.8987366,0.351106,0.2192935,1.070688,0.3150288,-0.01696032,1.051821,0.3518289,-0.22655,1.081229,0.4326133,0.2121334,1.006947,0.4710686,-0.01237592,1.026118,0.4778071,-0.2167309,1.062034,0.405305,0.617484,1.068188
72057594037941341,0,1.846864,9888.794,0.4006944,0.212008,1.064604,0.3956441,0.7877858,1.064902,0.3106749,0.5814514,1.145349,0.2918848,0.3940873,1.068864,0.2236595,0.3554149,0.9392713,0.1865229,0.3607029,0.9083434,0.487255,0.5682397,0.9836797,0.5466888,0.4354461,0.9715629,0.3779934,0.4986192,0.8967248,0.3517884,0.5111709,0.8987366,0.351106,0.2192935,1.070688,0.3150288,-0.01696032,1.051821,0.3518289,-0.22655,1.081229,0.4326133,0.2121334,1.006947,0.4710686,-0.01237592,1.026118,0.4778071,-0.2167309,1.062034,0.405305,0.617484,1.068188
72057594037941341,0,1.846864,9888.798,0.4006944,0.212008,1.064604,0.3956441,0.7877858,1.064902,0.3106749,0.5814514,1.145349,0.2918848,0.3940873,1.068864,0.2236595,0.3554149,0.9392713,0.1865229,0.3607029,0.9083434,0.487255,0.5682397,0.9836797,0.5466888,0.4354461,0.9715629,0.3779934,0.4986192,0.8967248,0.3517884,0.5111709,0.8987366,0.351106,0.2192935,1.070688,0.3150288,-0.01696032,1.051821,0.3518289,-0.22655,1.081229,0.4326133,0.2121334,1.006947,0.4710686,-0.01237592,1.026118,0.4778071,-0.2167309,1.062034,0.405305,0.617484,1.068188
72057594037941341,0,1.851855,9888.802,0.3906001,0.208202,1.058123,0.3827506,0.7881427,1.055585,0.2991317,0.5823284,1.136058,0.2807345,0.3944939,1.059143,0.2182366,0.3462979,0.9294757,0.17996,0.3517819,0.8997566,0.4771816,0.5695065,0.977353,0.536097,0.4359617,0.9631766,0.3583443,0.4985534,0.8915331,0.3324348,0.5093995,0.8909263,0.3409269,0.215438,1.065048,0.2931688,-0.02725312,1.03562,0.2999452,-0.2268658,1.058924,0.4228537,0.2086149,0.999354,0.4665107,-0.01421121,1.022838,0.4773186,-0.2168906,1.060768,0.3921659,0.61822,1.058458
72057594037941341,0,1.851855,9888.806,0.3906001,0.208202,1.058123,0.3827506,0.7881427,1.055585,0.2991317,0.5823284,1.136058,0.2807345,0.3944939,1.059143,0.2182366,0.3462979,0.9294757,0.17996,0.3517819,0.8997566,0.4771816,0.5695065,0.977353,0.536097,0.4359617,0.9631766,0.3583443,0.4985534,0.8915331,0.3324348,0.5093995,0.8909263,0.3409269,0.215438,1.065048,0.2931688,-0.02725312,1.03562,0.2999452,-0.2268658,1.058924,0.4228537,0.2086149,0.999354,0.4665107,-0.01421121,1.022838,0.4773186,-0.2168906,1.060768,0.3921659,0.61822,1.058458
72057594037941341,0,1.851855,9888.81,0.3906001,0.208202,1.058123,0.3827506,0.7881427,1.055585,0.2991317,0.5823284,1.136058,0.2807345,0.3944939,1.059143,0.2182366,0.3462979,0.9294757,0.17996,0.3517819,0.8997566,0.4771816,0.5695065,0.977353,0.536097,0.4359617,0.9631766,0.3583443,0.4985534,0.8915331,0.3324348,0.5093995,0.8909263,0.3409269,0.215438,1.065048,0.2931688,-0.02725312,1.03562,0.2999452,-0.2268658,1.058924,0.4228537,0.2086149,0.999354,0.4665107,-0.01421121,1.022838,0.4773186,-0.2168906,1.060768,0.3921659,0.61822,1.058458
72057594037941341,0,1.851855,9888.813,0.3906001,0.208202,1.058123,0.3827506,0.7881427,1.055585,0.2991317,0.5823284,1.136058,0.2807345,0.3944939,1.059143,0.2182366,0.3462979,0.9294757,0.17996,0.3517819,0.8997566,0.4771816,0.5695065,0.977353,0.536097,0.4359617,0.9631766,0.3583443,0.4985534,0.8915331,0.3324348,0.5093995,0.8909263,0.3409269,0.215438,1.065048,0.2931688,-0.02725312,1.03562,0.2999452,-0.2268658,1.058924,0.4228537,0.2086149,0.999354,0.4665107,-0.01421121,1.022838,0.4773186,-0.2168906,1.060768,0.3921659,0.61822,1.058458
72057594037941341,0,1.851855,9888.817,0.3906001,0.208202,1.058123,0.3827506,0.7881427,1.055585,0.2991317,0.5823284,1.136058,0.2807345,0.3944939,1.059143,0.2182366,0.3462979,0.9294757,0.17996,0.3517819,0.8997566,0.4771816,0.5695065,0.977353,0.536097,0.4359617,0.9631766,0.3583443,0.4985534,0.8915331,0.3324348,0.5093995,0.8909263,0.3409269,0.215438,1.065048,0.2931688,-0.02725312,1.03562,0.2999452,-0.2268658,1.058924,0.4228537,0.2086149,0.999354,0.4665107,-0.01421121,1.022838,0.4773186,-0.2168906,1.060768,0.3921659,0.61822,1.058458
72057594037941341,0,1.851855,9888.821,0.3906001,0.208202,1.058123,0.3827506,0.7881427,1.055585,0.2991317,0.5823284,1.136058,0.2807345,0.3944939,1.059143,0.2182366,0.3462979,0.9294757,0.17996,0.3517819,0.8997566,0.4771816,0.5695065,0.977353,0.536097,0.4359617,0.9631766,0.3583443,0.4985534,0.8915331,0.3324348,0.5093995,0.8909263,0.3409269,0.215438,1.065048,0.2931688,-0.02725312,1.03562,0.2999452,-0.2268658,1.058924,0.4228537,0.2086149,0.999354,0.4665107,-0.01421121,1.022838,0.4773186,-0.2168906,1.060768,0.3921659,0.61822,1.058458
72057594037941341,0,1.851855,9888.826,0.3906001,0.208202,1.058123,0.3827506,0.7881427,1.055585,0.2991317,0.5823284,1.136058,0.2807345,0.3944939,1.059143,0.2182366,0.3462979,0.9294757,0.17996,0.3517819,0.8997566,0.4771816,0.5695065,0.977353,0.536097,0.4359617,0.9631766,0.3583443,0.4985534,0.8915331,0.3324348,0.5093995,0.8909263,0.3409269,0.215438,1.065048,0.2931688,-0.02725312,1.03562,0.2999452,-0.2268658,1.058924,0.4228537,0.2086149,0.999354,0.4665107,-0.01421121,1.022838,0.4773186,-0.2168906,1.060768,0.3921659,0.61822,1.058458
72057594037941341,0,1.851855,9888.829,0.3906001,0.208202,1.058123,0.3827506,0.7881427,1.055585,0.2991317,0.5823284,1.136058,0.2807345,0.3944939,1.059143,0.2182366,0.3462979,0.9294757,0.17996,0.3517819,0.8997566,0.4771816,0.5695065,0.977353,0.536097,0.4359617,0.9631766,0.3583443,0.4985534,0.8915331,0.3324348,0.5093995,0.8909263,0.3409269,0.215438,1.065048,0.2931688,-0.02725312,1.03562,0.2999452,-0.2268658,1.058924,0.4228537,0.2086149,0.999354,0.4665107,-0.01421121,1.022838,0.4773186,-0.2168906,1.060768,0.3921659,0.61822,1.058458
72057594037941341,0,1.851855,9888.833,0.3906001,0.208202,1.058123,0.3827506,0.7881427,1.055585,0.2991317,0.5823284,1.136058,0.2807345,0.3944939,1.059143,0.2182366,0.3462979,0.9294757,0.17996,0.3517819,0.8997566,0.4771816,0.5695065,0.977353,0.536097,0.4359617,0.9631766,0.3583443,0.4985534,0.8915331,0.3324348,0.5093995,0.8909263,0.3409269,0.215438,1.065048,0.2931688,-0.02725312,1.03562,0.2999452,-0.2268658,1.058924,0.4228537,0.2086149,0.999354,0.4665107,-0.01421121,1.022838,0.4773186,-0.2168906,1.060768,0.3921659,0.61822,1.058458
72057594037941341,0,1.857803,9888.837,0.3783067,0.204172,1.050238,0.3679002,0.788501,1.047048,0.2874471,0.5829514,1.128452,0.27219,0.3945533,1.056387,0.211367,0.3445434,0.9268734,0.1726795,0.3406133,0.8975386,0.4610844,0.5697572,0.9681201,0.5205371,0.4365967,0.9541879,0.3409916,0.4959278,0.8867896,0.3136007,0.505061,0.8863012,0.3291015,0.2116365,1.057326,0.2754561,-0.03455853,1.025978,0.2504851,-0.2291399,1.03952,0.4105045,0.2046463,0.9911187,0.4599364,-0.01562899,1.018866,0.4761133,-0.2162137,1.059017,0.379364,0.617638,1.049695
72057594037941341,0,1.857803,9888.841,0.3783067,0.204172,1.050238,0.3679002,0.788501,1.047048,0.2874471,0.5829514,1.128452,0.27219,0.3945533,1.056387,0.211367,0.3445434,0.9268734,0.1726795,0.3406133,0.8975386,0.4610844,0.5697572,0.9681201,0.5205371,0.4365967,0.9541879,0.3409916,0.4959278,0.8867896,0.3136007,0.505061,0.8863012,0.3291015,0.2116365,1.057326,0.2754561,-0.03455853,1.025978,0.2504851,-0.2291399,1.03952,0.4105045,0.2046463,0.9911187,0.4599364,-0.01562899,1.018866,0.4761133,-0.2162137,1.059017,0.379364,0.617638,1.049695
72057594037941341,0,1.857803,9888.845,0.3783067,0.204172,1.050238,0.3679002,0.788501,1.047048,0.2874471,0.5829514,1.128452,0.27219,0.3945533,1.056387,0.211367,0.3445434,0.9268734,0.1726795,0.3406133,0.8975386,0.4610844,0.5697572,0.9681201,0.5205371,0.4365967,0.9541879,0.3409916,0.4959278,0.8867896,0.3136007,0.505061,0.8863012,0.3291015,0.2116365,1.057326,0.2754561,-0.03455853,1.025978,0.2504851,-0.2291399,1.03952,0.4105045,0.2046463,0.9911187,0.4599364,-0.01562899,1.018866,0.4761133,-0.2162137,1.059017,0.379364,0.617638,1.049695
72057594037941341,0,1.857803,9888.849,0.3783067,0.204172,1.050238,0.3679002,0.788501,1.047048,0.2874471,0.5829514,1.128452,0.27219,0.3945533,1.056387,0.211367,0.3445434,0.9268734,0.1726795,0.3406133,0.8975386,0.4610844,0.5697572,0.9681201,0.5205371,0.4365967,0.9541879,0.3409916,0.4959278,0.8867896,0.3136007,0.505061,0.8863012,0.3291015,0.2116365,1.057326,0.2754561,-0.03455853,1.025978,0.2504851,-0.2291399,1.03952,0.4105045,0.2046463,0.9911187,0.4599364,-0.01562899,1.018866,0.4761133,-0.2162137,1.059017,0.379364,0.617638,1.049695
72057594037941341,0,1.857803,9888.853,0.3783067,0.204172,1.050238,0.3679002,0.788501,1.047048,0.2874471,0.5829514,1.128452,0.27219,0.3945533,1.056387,0.211367,0.3445434,0.9268734,0.1726795,0.3406133,0.8975386,0.4610844,0.5697572,0.9681201,0.5205371,0.4365967,0.9541879,0.3409916,0.4959278,0.8867896,0.3136007,0.505061,0.8863012,0.3291015,0.2116365,1.057326,0.2754561,-0.03455853,1.025978,0.2504851,-0.2291399,1.03952,0.4105045,0.2046463,0.9911187,0.4599364,-0.01562899,1.018866,0.4761133,-0.2162137,1.059017,0.379364,0.617638,1.049695
72057594037941341,0,1.857803,9888.855,0.3783067,0.204172,1.050238,0.3679002,0.788501,1.047048,0.2874471,0.5829514,1.128452,0.27219,0.3945533,1.056387,0.211367,0.3445434,0.9268734,0.1726795,0.3406133,0.8975386,0.4610844,0.5697572,0.9681201,0.5205371,0.4365967,0.9541879,0.3409916,0.4959278,0.8867896,0.3136007,0.505061,0.8863012,0.3291015,0.2116365,1.057326,0.2754561,-0.03455853,1.025978,0.2504851,-0.2291399,1.03952,0.4105045,0.2046463,0.9911187,0.4599364,-0.01562899,1.018866,0.4761133,-0.2162137,1.059017,0.379364,0.617638,1.049695
72057594037941341,0,1.857803,9888.859,0.3783067,0.204172,1.050238,0.3679002,0.788501,1.047048,0.2874471,0.5829514,1.128452,0.27219,0.3945533,1.056387,0.211367,0.3445434,0.9268734,0.1726795,0.3406133,0.8975386,0.4610844,0.5697572,0.9681201,0.5205371,0.4365967,0.9541879,0.3409916,0.4959278,0.8867896,0.3136007,0.505061,0.8863012,0.3291015,0.2116365,1.057326,0.2754561,-0.03455853,1.025978,0.2504851,-0.2291399,1.03952,0.4105045,0.2046463,0.9911187,0.4599364,-0.01562899,1.018866,0.4761133,-0.2162137,1.059017,0.379364,0.617638,1.049695
72057594037941341,0,1.857803,9888.865,0.3783067,0.204172,1.050238,0.3679002,0.788501,1.047048,0.2874471,0.5829514,1.128452,0.27219,0.3945533,1.056387,0.211367,0.3445434,0.9268734,0.1726795,0.3406133,0.8975386,0.4610844,0.5697572,0.9681201,0.5205371,0.4365967,0.9541879,0.3409916,0.4959278,0.8867896,0.3136007,0.505061,0.8863012,0.3291015,0.2116365,1.057326,0.2754561,-0.03455853,1.025978,0.2504851,-0.2291399,1.03952,0.4105045,0.2046463,0.9911187,0.4599364,-0.01562899,1.018866,0.4761133,-0.2162137,1.059017,0.379364,0.617638,1.049695
72057594037941341,0,1.863849,9888.869,0.3664187,0.2002082,1.042426,0.351284,0.7873734,1.038522,0.2720231,0.5815476,1.120533,0.2605622,0.4019068,1.05686,0.2052239,0.3393079,0.931813,0.1705329,0.3294425,0.899693,0.4465114,0.5677814,0.9596885,0.5028574,0.4338349,0.9424058,0.3235194,0.4908809,0.8822734,0.2942949,0.500008,0.8817684,0.3175571,0.2078837,1.049466,0.2565795,-0.04254812,1.017432,0.2084258,-0.2200964,1.014455,0.3986217,0.2007382,0.9831384,0.437854,-0.00987342,1.009265,0.474696,-0.2168813,1.057159,0.3630314,0.6162074,1.040832
72057594037941341,0,1.863849,9888.873,0.3664187,0.2002082,1.042426,0.351284,0.7873734,1.038522,0.2720231,0.5815476,1.120533,0.2605622,0.4019068,1.05686,0.2052239,0.3393079,0.931813,0.1705329,0.3294425,0.899693,0.4465114,0.5677814,0.9596885,0.5028574,0.4338349,0.9424058,0.3235194,0.4908809,0.8822734,0.2942949,0.500008,0.8817684,0.3175571,0.2078837,1.049466,0.2565795,-0.04254812,1.017432,0.2084258,-0.2200964,1.014455,0.3986217,0.2007382,0.9831384,0.437854,-0.00987342,1.009265,0.474696,-0.2168813,1.057159,0.3630314,0.6162074,1.040832
72057594037941341,0,1.863849,9888.877,0.3664187,0.2002082,1.042426,0.351284,0.7873734,1.038522,0.2720231,0.5815476,1.120533,0.2605622,0.4019068,1.05686,0.2052239,0.3393079,0.931813,0.1705329,0.3294425,0.899693,0.4465114,0.5677814,0.9596885,0.5028574,0.4338349,0.9424058,0.3235194,0.4908809,0.8822734,0.2942949,0.500008,0.8817684,0.3175571,0.2078837,1.049466,0.2565795,-0.04254812,1.017432,0.2084258,-0.2200964,1.014455,0.3986217,0.2007382,0.9831384,0.437854,-0.00987342,1.009265,0.474696,-0.2168813,1.057159,0.3630314,0.6162074,1.040832
72057594037941341,0,1.863849,9888.881,0.3664187,0.2002082,1.042426,0.351284,0.7873734,1.038522,0.2720231,0.5815476,1.120533,0.2605622,0.4019068,1.05686,0.2052239,0.3393079,0.931813,0.1705329,0.3294425,0.899693,0.4465114,0.5677814,0.9596885,0.5028574,0.4338349,0.9424058,0.3235194,0.4908809,0.8822734,0.2942949,0.500008,0.8817684,0.3175571,0.2078837,1.049466,0.2565795,-0.04254812,1.017432,0.2084258,-0.2200964,1.014455,0.3986217,0.2007382,0.9831384,0.437854,-0.00987342,1.009265,0.474696,-0.2168813,1.057159,0.3630314,0.6162074,1.040832
72057594037941341,0,1.863849,9888.886,0.3664187,0.2002082,1.042426,0.351284,0.7873734,1.038522,0.2720231,0.5815476,1.120533,0.2605622,0.4019068,1.05686,0.2052239,0.3393079,0.931813,0.1705329,0.3294425,0.899693,0.4465114,0.5677814,0.9596885,0.5028574,0.4338349,0.9424058,0.3235194,0.4908809,0.8822734,0.2942949,0.500008,0.8817684,0.3175571,0.2078837,1.049466,0.2565795,-0.04254812,1.017432,0.2084258,-0.2200964,1.014455,0.3986217,0.2007382,0.9831384,0.437854,-0.00987342,1.009265,0.474696,-0.2168813,1.057159,0.3630314,0.6162074,1.040832
72057594037941341,0,1.863849,9888.89,0.3664187,0.2002082,1.042426,0.351284,0.7873734,1.038522,0.2720231,0.5815476,1.120533,0.2605622,0.4019068,1.05686,0.2052239,0.3393079,0.931813,0.1705329,0.3294425,0.899693,0.4465114,0.5677814,0.9596885,0.5028574,0.4338349,0.9424058,0.3235194,0.4908809,0.8822734,0.2942949,0.500008,0.8817684,0.3175571,0.2078837,1.049466,0.2565795,-0.04254812,1.017432,0.2084258,-0.2200964,1.014455,0.3986217,0.2007382,0.9831384,0.437854,-0.00987342,1.009265,0.474696,-0.2168813,1.057159,0.3630314,0.6162074,1.040832
72057594037941341,0,1.863849,9888.894,0.3664187,0.2002082,1.042426,0.351284,0.7873734,1.038522,0.2720231,0.5815476,1.120533,0.2605622,0.4019068,1.05686,0.2052239,0.3393079,0.931813,0.1705329,0.3294425,0.899693,0.4465114,0.5677814,0.9596885,0.5028574,0.4338349,0.9424058,0.3235194,0.4908809,0.8822734,0.2942949,0.500008,0.8817684,0.3175571,0.2078837,1.049466,0.2565795,-0.04254812,1.017432,0.2084258,-0.2200964,1.014455,0.3986217,0.2007382,0.9831384,0.437854,-0.00987342,1.009265,0.474696,-0.2168813,1.057159,0.3630314,0.6162074,1.040832
72057594037941341,0,1.863849,9888.896,0.3664187,0.2002082,1.042426,0.351284,0.7873734,1.038522,0.2720231,0.5815476,1.120533,0.2605622,0.4019068,1.05686,0.2052239,0.3393079,0.931813,0.1705329,0.3294425,0.899693,0.4465114,0.5677814,0.9596885,0.5028574,0.4338349,0.9424058,0.3235194,0.4908809,0.8822734,0.2942949,0.500008,0.8817684,0.3175571,0.2078837,1.049466,0.2565795,-0.04254812,1.017432,0.2084258,-0.2200964,1.014455,0.3986217,0.2007382,0.9831384,0.437854,-0.00987342,1.009265,0.474696,-0.2168813,1.057159,0.3630314,0.6162074,1.040832
72057594037941341,0,1.863849,9888.901,0.3664187,0.2002082,1.042426,0.351284,0.7873734,1.038522,0.2720231,0.5815476,1.120533,0.2605622,0.4019068,1.05686,0.2052239,0.3393079,0.931813,0.1705329,0.3294425,0.899693,0.4465114,0.5677814,0.9596885,0.5028574,0.4338349,0.9424058,0.3235194,0.4908809,0.8822734,0.2942949,0.500008,0.8817684,0.3175571,0.2078837,1.049466,0.2565795,-0.04254812,1.017432,0.2084258,-0.2200964,1.014455,0.3986217,0.2007382,0.9831384,0.437854,-0.00987342,1.009265,0.474696,-0.2168813,1.057159,0.3630314,0.6162074,1.040832
72057594037941341,0,1.86993,9888.906,0.3522283,0.1974258,1.033706,0.3325318,0.7855473,1.029944,0.2560499,0.5787729,1.111295,0.2476675,0.403866,1.05887,0.199135,0.3386212,0.9335147,0.17814,0.3444729,0.9531516,0.42999,0.5665853,0.9513906,0.4881452,0.4289413,0.9341513,0.3054532,0.4828129,0.8789804,0.2778246,0.4948543,0.8803896,0.3031994,0.2047644,1.0398,0.2446469,-0.03964689,1.010562,0.1800277,-0.2033437,0.9986959,0.3850392,0.1984975,0.9751174,0.4301347,-0.008428305,1.00417,0.4729885,-0.2163434,1.054494,0.3462953,0.6142518,1.031489
72057594037941341,0,1.86993,9888.91,0.3522283,0.1974258,1.033706,0.3325318,0.7855473,1.029944,0.2560499,0.5787729,1.111295,0.2476675,0.403866,1.05887,0.199135,0.3386212,0.9335147,0.17814,0.3444729,0.9531516,0.42999,0.5665853,0.9513906,0.4881452,0.4289413,0.9341513,0.3054532,0.4828129,0.8789804,0.2778246,0.4948543,0.8803896,0.3031994,0.2047644,1.0398,0.2446469,-0.03964689,1.010562,0.1800277,-0.2033437,0.9986959,0.3850392,0.1984975,0.9751174,0.4301347,-0.008428305,1.00417,0.4729885,-0.2163434,1.054494,0.3462953,0.6142518,1.031489
72057594037941341,0,1.86993,9888.914,0.3522283,0.1974258,1.033706,0.3325318,0.7855473,1.029944,0.2560499,0.5787729,1.111295,0.2476675,0.403866,1.05887,0.199135,0.3386212,0.9335147,0.17814,0.3444729,0.9531516,0.42999,0.5665853,0.9513906,0.4881452,0.4289413,0.9341513,0.3054532,0.4828129,0.8789804,0.2778246,0.4948543,0.8803896,0.3031994,0.2047644,1.0398,0.2446469,-0.03964689,1.010562,0.1800277,-0.2033437,0.9986959,0.3850392,0.1984975,0.9751174,0.4301347,-0.008428305,1.00417,0.4729885,-0.2163434,1.054494,0.3462953,0.6142518,1.031489
72057594037941341,0,1.86993,9888.917,0.3522283,0.1974258,1.033706,0.3325318,0.7855473,1.029944,0.2560499,0.5787729,1.111295,0.2476675,0.403866,1.05887,0.199135,0.3386212,0.9335147,0.17814,0.3444729,0.9531516,0.42999,0.5665853,0.9513906,0.4881452,0.4289413,0.9341513,0.3054532,0.4828129,0.8789804,0.2778246,0.4948543,0.8803896,0.3031994,0.2047644,1.0398,0.2446469,-0.03964689,1.010562,0.1800277,-0.2033437,0.9986959,0.3850392,0.1984975,0.9751174,0.4301347,-0.008428305,1.00417,0.4729885,-0.2163434,1.054494,0.3462953,0.6142518,1.031489
72057594037941341,0,1.86993,9888.921,0.3522283,0.1974258,1.033706,0.3325318,0.7855473,1.029944,0.2560499,0.5787729,1.111295,0.2476675,0.403866,1.05887,0.199135,0.3386212,0.9335147,0.17814,0.3444729,0.9531516,0.42999,0.5665853,0.9513906,0.4881452,0.4289413,0.9341513,0.3054532,0.4828129,0.8789804,0.2778246,0.4948543,0.8803896,0.3031994,0.2047644,1.0398,0.2446469,-0.03964689,1.010562,0.1800277,-0.2033437,0.9986959,0.3850392,0.1984975,0.9751174,0.4301347,-0.008428305,1.00417,0.4729885,-0.2163434,1.054494,0.3462953,0.6142518,1.031489
72057594037941341,0,1.86993,9888.926,0.3522283,0.1974258,1.033706,0.3325318,0.7855473,1.029944,0.2560499,0.5787729,1.111295,0.2476675,0.403866,1.05887,0.199135,0.3386212,0.9335147,0.17814,0.3444729,0.9531516,0.42999,0.5665853,0.9513906,0.4881452,0.4289413,0.9341513,0.3054532,0.4828129,0.8789804,0.2778246,0.4948543,0.8803896,0.3031994,0.2047644,1.0398,0.2446469,-0.03964689,1.010562,0.1800277,-0.2033437,0.9986959,0.3850392,0.1984975,0.9751174,0.4301347,-0.008428305,1.00417,0.4729885,-0.2163434,1.054494,0.3462953,0.6142518,1.031489
72057594037941341,0,1.86993,9888.93,0.3522283,0.1974258,1.033706,0.3325318,0.7855473,1.029944,0.2560499,0.5787729,1.111295,0.2476675,0.403866,1.05887,0.199135,0.3386212,0.9335147,0.17814,0.3444729,0.9531516,0.42999,0.5665853,0.9513906,0.4881452,0.4289413,0.9341513,0.3054532,0.4828129,0.8789804,0.2778246,0.4948543,0.8803896,0.3031994,0.2047644,1.0398,0.2446469,-0.03964689,1.010562,0.1800277,-0.2033437,0.9986959,0.3850392,0.1984975,0.9751174,0.4301347,-0.008428305,1.00417,0.4729885,-0.2163434,1.054494,0.3462953,0.6142518,1.031489
72057594037941341,0,1.86993,9888.934,0.3522283,0.1974258,1.033706,0.3325318,0.7855473,1.029944,0.2560499,0.5787729,1.111295,0.2476675,0.403866,1.05887,0.199135,0.3386212,0.9335147,0.17814,0.3444729,0.9531516,0.42999,0.5665853,0.9513906,0.4881452,0.4289413,0.9341513,0.3054532,0.4828129,0.8789804,0.2778246,0.4948543,0.8803896,0.3031994,0.2047644,1.0398,0.2446469,-0.03964689,1.010562,0.1800277,-0.2033437,0.9986959,0.3850392,0.1984975,0.9751174,0.4301347,-0.008428305,1.00417,0.4729885,-0.2163434,1.054494,0.3462953,0.6142518,1.031489
72057594037941341,0,1.875961,9888.938,0.338013,0.1954897,1.024842,0.3103529,0.783553,1.021904,0.2369217,0.5753413,1.101748,0.2223912,0.3928882,1.039349,0.1796989,0.3261824,0.9127569,0.1514637,0.3096108,0.8777706,0.4125679,0.5633785,0.9423043,0.466974,0.4239751,0.9242872,0.283011,0.4773698,0.8739079,0.2556293,0.4886254,0.8785658,0.2889781,0.2028559,1.029599,0.2269175,-0.03711993,1.000473,0.1525643,-0.1959494,0.982373,0.3713022,0.1967293,0.9673638,0.4249765,-0.004896641,0.9969772,0.4701257,-0.2138717,1.050644,0.3270063,0.6125945,1.022731
72057594037941341,0,1.875961,9888.941,0.338013,0.1954897,1.024842,0.3103529,0.783553,1.021904,0.2369217,0.5753413,1.101748,0.2223912,0.3928882,1.039349,0.1796989,0.3261824,0.9127569,0.1514637,0.3096108,0.8777706,0.4125679,0.5633785,0.9423043,0.466974,0.4239751,0.9242872,0.283011,0.4773698,0.8739079,0.2556293,0.4886254,0.8785658,0.2889781,0.2028559,1.029599,0.2269175,-0.03711993,1.000473,0.1525643,-0.1959494,0.982373,0.3713022,0.1967293,0.9673638,0.4249765,-0.004896641,0.9969772,0.4701257,-0.2138717,1.050644,0.3270063,0.6125945,1.022731
72057594037941341,0,1.875961,9888.946,0.338013,0.1954897,1.024842,0.3103529,0.783553,1.021904,0.2369217,0.5753413,1.101748,0.2223912,0.3928882,1.039349,0.1796989,0.3261824,0.9127569,0.1514637,0.3096108,0.8777706,0.4125679,0.5633785,0.9423043,0.466974,0.4239751,0.9242872,0.283011,0.4773698,0.8739079,0.2556293,0.4886254,0.8785658,0.2889781,0.2028559,1.029599,0.2269175,-0.03711993,1.000473,0.1525643,-0.1959494,0.982373,0.3713022,0.1967293,0.9673638,0.4249765,-0.004896641,0.9969772,0.4701257,-0.2138717,1.050644,0.3270063,0.6125945,1.022731
72057594037941341,0,1.875961,9888.951,0.338013,0.1954897,1.024842,0.3103529,0.783553,1.021904,0.2369217,0.5753413,1.101748,0.2223912,0.3928882,1.039349,0.1796989,0.3261824,0.9127569,0.1514637,0.3096108,0.8777706,0.4125679,0.5633785,0.9423043,0.466974,0.4239751,0.9242872,0.283011,0.4773698,0.8739079,0.2556293,0.4886254,0.8785658,0.2889781,0.2028559,1.029599,0.2269175,-0.03711993,1.000473,0.1525643,-0.1959494,0.982373,0.3713022,0.1967293,0.9673638,0.4249765,-0.004896641,0.9969772,0.4701257,-0.2138717,1.050644,0.3270063,0.6125945,1.022731
72057594037941341,0,1.875961,9888.954,0.338013,0.1954897,1.024842,0.3103529,0.783553,1.021904,0.2369217,0.5753413,1.101748,0.2223912,0.3928882,1.039349,0.1796989,0.3261824,0.9127569,0.1514637,0.3096108,0.8777706,0.4125679,0.5633785,0.9423043,0.466974,0.4239751,0.9242872,0.283011,0.4773698,0.8739079,0.2556293,0.4886254,0.8785658,0.2889781,0.2028559,1.029599,0.2269175,-0.03711993,1.000473,0.1525643,-0.1959494,0.982373,0.3713022,0.1967293,0.9673638,0.4249765,-0.004896641,0.9969772,0.4701257,-0.2138717,1.050644,0.3270063,0.6125945,1.022731
72057594037941341,0,1.875961,9888.959,0.338013,0.1954897,1.024842,0.3103529,0.783553,1.021904,0.2369217,0.5753413,1.101748,0.2223912,0.3928882,1.039349,0.1796989,0.3261824,0.9127569,0.1514637,0.3096108,0.8777706,0.4125679,0.5633785,0.9423043,0.466974,0.4239751,0.9242872,0.283011,0.4773698,0.8739079,0.2556293,0.4886254,0.8785658,0.2889781,0.2028559,1.029599,0.2269175,-0.03711993,1.000473,0.1525643,-0.1959494,0.982373,0.3713022,0.1967293,0.9673638,0.4249765,-0.004896641,0.9969772,0.4701257,-0.2138717,1.050644,0.3270063,0.6125945,1.022731
72057594037941341,0,1.875961,9888.963,0.338013,0.1954897,1.024842,0.3103529,0.783553,1.021904,0.2369217,0.5753413,1.101748,0.2223912,0.3928882,1.039349,0.1796989,0.3261824,0.9127569,0.1514637,0.3096108,0.8777706,0.4125679,0.5633785,0.9423043,0.466974,0.4239751,0.9242872,0.283011,0.4773698,0.8739079,0.2556293,0.4886254,0.8785658,0.2889781,0.2028559,1.029599,0.2269175,-0.03711993,1.000473,0.1525643,-0.1959494,0.982373,0.3713022,0.1967293,0.9673638,0.4249765,-0.004896641,0.9969772,0.4701257,-0.2138717,1.050644,0.3270063,0.6125945,1.022731
72057594037941341,0,1.875961,9888.968,0.338013,0.1954897,1.024842,0.3103529,0.783553,1.021904,0.2369217,0.5753413,1.101748,0.2223912,0.3928882,1.039349,0.1796989,0.3261824,0.9127569,0.1514637,0.3096108,0.8777706,0.4125679,0.5633785,0.9423043,0.466974,0.4239751,0.9242872,0.283011,0.4773698,0.8739079,0.2556293,0.4886254,0.8785658,0.2889781,0.2028559,1.029599,0.2269175,-0.03711993,1.000473,0.1525643,-0.1959494,0.982373,0.3713022,0.1967293,0.9673638,0.4249765,-0.004896641,0.9969772,0.4701257,-0.2138717,1.050644,0.3270063,0.6125945,1.022731
72057594037941341,0,1.883733,9888.972,0.31804,0.1944969,1.01271,0.2905472,0.7817169,1.015643,0.2185653,0.5740104,1.095685,0.1998295,0.3879367,1.018497,0.1482583,0.3064125,0.9035492,0.1241008,0.2833537,0.8687926,0.3886541,0.5603454,0.931542,0.4465103,0.4210034,0.9155579,0.2585257,0.4692959,0.8696923,0.2200444,0.4820972,0.8704131,0.2705154,0.2022877,1.016502,0.2096486,-0.03661737,0.9901061,0.1397191,-0.1964672,0.9750817,0.3504877,0.1954878,0.9560431,0.3929796,-0.006839007,0.984697,0.4673941,-0.2128382,1.047475,0.305966,0.6107386,1.013502
72057594037941341,0,1.883733,9888.976,0.31804,0.1944969,1.01271,0.2905472,0.7817169,1.015643,0.2185653,0.5740104,1.095685,0.1998295,0.3879367,1.018497,0.1482583,0.3064125,0.9035492,0.1241008,0.2833537,0.8687926,0.3886541,0.5603454,0.931542,0.4465103,0.4210034,0.9155579,0.2585257,0.4692959,0.8696923,0.2200444,0.4820972,0.8704131,0.2705154,0.2022877,1.016502,0.2096486,-0.03661737,0.9901061,0.1397191,-0.1964672,0.9750817,0.3504877,0.1954878,0.9560431,0.3929796,-0.006839007,0.984697,0.4673941,-0.2128382,1.047475,0.305966,0.6107386,1.013502
72057594037941341,0,1.883733,9888.979,0.31804,0.1944969,1.01271,0.2905472,0.7817169,1.015643,0.2185653,0.5740104,1.095685,0.1998295,0.3879367,1.018497,0.1482583,0.3064125,0.9035492,0.1241008,0.2833537,0.8687926,0.3886541,0.5603454,0.931542,0.4465103,0.4210034,0.9155579,0.2585257,0.4692959,0.8696923,0.2200444,0.4820972,0.8704131,0.2705154,0.2022877,1.016502,0.2096486,-0.03661737,0.9901061,0.1397191,-0.1964672,0.9750817,0.3504877,0.1954878,0.9560431,0.3929796,-0.006839007,0.984697,0.4673941,-0.2128382,1.047475,0.305966,0.6107386,1.013502
72057594037941341,0,1.883733,9888.984,0.31804,0.1944969,1.01271,0.2905472,0.7817169,1.015643,0.2185653,0.5740104,1.095685,0.1998295,0.3879367,1.018497,0.1482583,0.3064125,0.9035492,0.1241008,0.2833537,0.8687926,0.3886541,0.5603454,0.931542,0.4465103,0.4210034,0.9155579,0.2585257,0.4692959,0.8696923,0.2200444,0.4820972,0.8704131,0.2705154,0.2022877,1.016502,0.2096486,-0.03661737,0.9901061,0.1397191,-0.1964672,0.9750817,0.3504877,0.1954878,0.9560431,0.3929796,-0.006839007,0.984697,0.4673941,-0.2128382,1.047475,0.305966,0.6107386,1.013502
72057594037941341,0,1.883733,9888.989,0.31804,0.1944969,1.01271,0.2905472,0.7817169,1.015643,0.2185653,0.5740104,1.095685,0.1998295,0.3879367,1.018497,0.1482583,0.3064125,0.9035492,0.1241008,0.2833537,0.8687926,0.3886541,0.5603454,0.931542,0.4465103,0.4210034,0.9155579,0.2585257,0.4692959,0.8696923,0.2200444,0.4820972,0.8704131,0.2705154,0.2022877,1.016502,0.2096486,-0.03661737,0.9901061,0.1397191,-0.1964672,0.9750817,0.3504877,0.1954878,0.9560431,0.3929796,-0.006839007,0.984697,0.4673941,-0.2128382,1.047475,0.305966,0.6107386,1.013502
72057594037941341,0,1.883733,9888.993,0.31804,0.1944969,1.01271,0.2905472,0.7817169,1.015643,0.2185653,0.5740104,1.095685,0.1998295,0.3879367,1.018497,0.1482583,0.3064125,0.9035492,0.1241008,0.2833537,0.8687926,0.3886541,0.5603454,0.931542,0.4465103,0.4210034,0.9155579,0.2585257,0.4692959,0.8696923,0.2200444,0.4820972,0.8704131,0.2705154,0.2022877,1.016502,0.2096486,-0.03661737,0.9901061,0.1397191,-0.1964672,0.9750817,0.3504877,0.1954878,0.9560431,0.3929796,-0.006839007,0.984697,0.4673941,-0.2128382,1.047475,0.305966,0.6107386,1.013502
72057594037941341,0,1.883733,9888.997,0.31804,0.1944969,1.01271,0.2905472,0.7817169,1.015643,0.2185653,0.5740104,1.095685,0.1998295,0.3879367,1.018497,0.1482583,0.3064125,0.9035492,0.1241008,0.2833537,0.8687926,0.3886541,0.5603454,0.931542,0.4465103,0.4210034,0.9155579,0.2585257,0.4692959,0.8696923,0.2200444,0.4820972,0.8704131,0.2705154,0.2022877,1.016502,0.2096486,-0.03661737,0.9901061,0.1397191,-0.1964672,0.9750817,0.3504877,0.1954878,0.9560431,0.3929796,-0.006839007,0.984697,0.4673941,-0.2128382,1.047475,0.305966,0.6107386,1.013502
72057594037941341,0,1.883733,9889.001,0.31804,0.1944969,1.01271,0.2905472,0.7817169,1.015643,0.2185653,0.5740104,1.095685,0.1998295,0.3879367,1.018497,0.1482583,0.3064125,0.9035492,0.1241008,0.2833537,0.8687926,0.3886541,0.5603454,0.931542,0.4465103,0.4210034,0.9155579,0.2585257,0.4692959,0.8696923,0.2200444,0.4820972,0.8704131,0.2705154,0.2022877,1.016502,0.2096486,-0.03661737,0.9901061,0.1397191,-0.1964672,0.9750817,0.3504877,0.1954878,0.9560431,0.3929796,-0.006839007,0.984697,0.4673941,-0.2128382,1.047475,0.305966,0.6107386,1.013502
72057594037941341,0,1.889961,9889.005,0.2988184,0.1926417,1.003021,0.2666822,0.7792896,1.009363,0.2183351,0.5741833,1.095558,0.1800191,0.3907871,1.013474,0.1246494,0.3009606,0.905158,0.105681,0.2747122,0.869222,0.3885937,0.5603663,0.9316013,0.4210623,0.415276,0.9059582,0.2316981,0.4663041,0.8629655,0.2013568,0.4726956,0.8670688,0.2519734,0.2008976,1.007391,0.1924361,-0.03476954,0.9787763,0.1309709,-0.1972203,0.968012,0.3313917,0.1933676,0.9455792,0.39085,-0.008009583,0.982848,0.4645464,-0.2127029,1.044029,0.2820903,0.6098481,1.005501
72057594037941341,0,1.889961,9889.008,0.2988184,0.1926417,1.003021,0.2666822,0.7792896,1.009363,0.2183351,0.5741833,1.095558,0.1800191,0.3907871,1.013474,0.1246494,0.3009606,0.905158,0.105681,0.2747122,0.869222,0.3885937,0.5603663,0.9316013,0.4210623,0.415276,0.9059582,0.2316981,0.4663041,0.8629655,0.2013568,0.4726956,0.8670688,0.2519734,0.2008976,1.007391,0.1924361,-0.03476954,0.9787763,0.1309709,-0.1972203,0.968012,0.3313917,0.1933676,0.9455792,0.39085,-0.008009583,0.982848,0.4645464,-0.2127029,1.044029,0.2820903,0.6098481,1.005501
72057594037941341,0,1.889961,9889.013,0.2988184,0.1926417,1.003021,0.2666822,0.7792896,1.009363,0.2183351,0.5741833,1.095558,0.1800191,0.3907871,1.013474,0.1246494,0.3009606,0.905158,0.105681,0.2747122,0.869222,0.3885937,0.5603663,0.9316013,0.4210623,0.415276,0.9059582,0.2316981,0.4663041,0.8629655,0.2013568,0.4726956,0.8670688,0.2519734,0.2008976,1.007391,0.1924361,-0.03476954,0.9787763,0.1309709,-0.1972203,0.968012,0.3313917,0.1933676,0.9455792,0.39085,-0.008009583,0.982848,0.4645464,-0.2127029,1.044029,0.2820903,0.6098481,1.005501
72057594037941341,0,1.889961,9889.016,0.2988184,0.1926417,1.003021,0.2666822,0.7792896,1.009363,0.2183351,0.5741833,1.095558,0.1800191,0.3907871,1.013474,0.1246494,0.3009606,0.905158,0.105681,0.2747122,0.869222,0.3885937,0.5603663,0.9316013,0.4210623,0.415276,0.9059582,0.2316981,0.4663041,0.8629655,0.2013568,0.4726956,0.8670688,0.2519734,0.2008976,1.007391,0.1924361,-0.03476954,0.9787763,0.1309709,-0.1972203,0.968012,0.3313917,0.1933676,0.9455792,0.39085,-0.008009583,0.982848,0.4645464,-0.2127029,1.044029,0.2820903,0.6098481,1.005501
72057594037941341,0,1.889961,9889.021,0.2988184,0.1926417,1.003021,0.2666822,0.7792896,1.009363,0.2183351,0.5741833,1.095558,0.1800191,0.3907871,1.013474,0.1246494,0.3009606,0.905158,0.105681,0.2747122,0.869222,0.3885937,0.5603663,0.9316013,0.4210623,0.415276,0.9059582,0.2316981,0.4663041,0.8629655,0.2013568,0.4726956,0.8670688,0.2519734,0.2008976,1.007391,0.1924361,-0.03476954,0.9787763,0.1309709,-0.1972203,0.968012,0.3313917,0.1933676,0.9455792,0.39085,-0.008009583,0.982848,0.4645464,-0.2127029,1.044029,0.2820903,0.6098481,1.005501
72057594037941341,0,1.889961,9889.025,0.2988184,0.1926417,1.003021,0.2666822,0.7792896,1.009363,0.2183351,0.5741833,1.095558,0.1800191,0.3907871,1.013474,0.1246494,0.3009606,0.905158,0.105681,0.2747122,0.869222,0.3885937,0.5603663,0.9316013,0.4210623,0.415276,0.9059582,0.2316981,0.4663041,0.8629655,0.2013568,0.4726956,0.8670688,0.2519734,0.2008976,1.007391,0.1924361,-0.03476954,0.9787763,0.1309709,-0.1972203,0.968012,0.3313917,0.1933676,0.9455792,0.39085,-0.008009583,0.982848,0.4645464,-0.2127029,1.044029,0.2820903,0.6098481,1.005501
72057594037941341,0,1.889961,9889.03,0.2988184,0.1926417,1.003021,0.2666822,0.7792896,1.009363,0.2183351,0.5741833,1.095558,0.1800191,0.3907871,1.013474,0.1246494,0.3009606,0.905158,0.105681,0.2747122,0.869222,0.3885937,0.5603663,0.9316013,0.4210623,0.415276,0.9059582,0.2316981,0.4663041,0.8629655,0.2013568,0.4726956,0.8670688,0.2519734,0.2008976,1.007391,0.1924361,-0.03476954,0.9787763,0.1309709,-0.1972203,0.968012,0.3313917,0.1933676,0.9455792,0.39085,-0.008009583,0.982848,0.4645464,-0.2127029,1.044029,0.2820903,0.6098481,1.005501
72057594037941341,0,1.889961,9889.033,0.2988184,0.1926417,1.003021,0.2666822,0.7792896,1.009363,0.2183351,0.5741833,1.095558,0.1800191,0.3907871,1.013474,0.1246494,0.3009606,0.905158,0.105681,0.2747122,0.869222,0.3885937,0.5603663,0.9316013,0.4210623,0.415276,0.9059582,0.2316981,0.4663041,0.8629655,0.2013568,0.4726956,0.8670688,0.2519734,0.2008976,1.007391,0.1924361,-0.03476954,0.9787763,0.1309709,-0.1972203,0.968012,0.3313917,0.1933676,0.9455792,0.39085,-0.008009583,0.982848,0.4645464,-0.2127029,1.044029,0.2820903,0.6098481,1.005501
72057594037941341,0,1.893167,9889.037,0.2707287,0.1912542,0.9951948,0.2450293,0.7782567,1.002191,0.163131,0.5782591,1.070601,0.15011,0.3867084,0.9958085,0.112712,0.2773237,0.8969868,0.08470076,0.2528959,0.8674513,0.3323615,0.5565829,0.910785,0.3974905,0.4159969,0.8964504,0.2151964,0.4612831,0.8594426,0.1722386,0.4699447,0.8658767,0.2236362,0.1952491,0.9986993,0.1755277,-0.03420815,0.9687532,0.1146498,-0.2316143,0.9613277,0.3041497,0.1962973,0.938128,0.3771531,-0.01067352,0.9747264,0.458415,-0.2126024,1.03886,0.2570894,0.6096039,0.9991388
72057594037941341,0,1.893167,9889.042,0.2707287,0.1912542,0.9951948,0.2450293,0.7782567,1.002191,0.163131,0.5782591,1.070601,0.15011,0.3867084,0.9958085,0.112712,0.2773237,0.8969868,0.08470076,0.2528959,0.8674513,0.3323615,0.5565829,0.910785,0.3974905,0.4159969,0.8964504,0.2151964,0.4612831,0.8594426,0.1722386,0.4699447,0.8658767,0.2236362,0.1952491,0.9986993,0.1755277,-0.03420815,0.9687532,0.1146498,-0.2316143,0.9613277,0.3041497,0.1962973,0.938128,0.3771531,-0.01067352,0.9747264,0.458415,-0.2126024,1.03886,0.2570894,0.6096039,0.9991388
72057594037941341,0,1.893167,9889.046,0.2707287,0.1912542,0.9951948,0.2450293,0.7782567,1.002191,0.163131,0.5782591,1.070601,0.15011,0.3867084,0.9958085,0.112712,0.2773237,0.8969868,0.08470076,0.2528959,0.8674513,0.3323615,0.5565829,0.910785,0.3974905,0.4159969,0.8964504,0.2151964,0.4612831,0.8594426,0.1722386,0.4699447,0.8658767,0.2236362,0.1952491,0.9986993,0.1755277,-0.03420815,0.9687532,0.1146498,-0.2316143,0.9613277,0.3041497,0.1962973,0.938128,0.3771531,-0.01067352,0.9747264,0.458415,-0.2126024,1.03886,0.2570894,0.6096039,0.9991388
72057594037941341,0,1.893167,9889.05,0.2707287,0.1912542,0.9951948,0.2450293,0.7782567,1.002191,0.163131,0.5782591,1.070601,0.15011,0.3867084,0.9958085,0.112712,0.2773237,0.8969868,0.08470076,0.2528959,0.8674513,0.3323615,0.5565829,0.910785,0.3974905,0.4159969,0.8964504,0.2151964,0.4612831,0.8594426,0.1722386,0.4699447,0.8658767,0.2236362,0.1952491,0.9986993,0.1755277,-0.03420815,0.9687532,0.1146498,-0.2316143,0.9613277,0.3041497,0.1962973,0.938128,0.3771531,-0.01067352,0.9747264,0.458415,-0.2126024,1.03886,0.2570894,0.6096039,0.9991388
72057594037941341,0,1.893167,9889.054,0.2707287,0.1912542,0.9951948,0.2450293,0.7782567,1.002191,0.163131,0.5782591,1.070601,0.15011,0.3867084,0.9958085,0.112712,0.2773237,0.8969868,0.08470076,0.2528959,0.8674513,0.3323615,0.5565829,0.910785,0.3974905,0.4159969,0.8964504,0.2151964,0.4612831,0.8594426,0.1722386,0.4699447,0.8658767,0.2236362,0.1952491,0.9986993,0.1755277,-0.03420815,0.9687532,0.1146498,-0.2316143,0.9613277,0.3041497,0.1962973,0.938128,0.3771531,-0.01067352,0.9747264,0.458415,-0.2126024,1.03886,0.2570894,0.6096039,0.9991388
72057594037941341,0,1.893167,9889.058,0.2707287,0.1912542,0.9951948,0.2450293,0.7782567,1.002191,0.163131,0.5782591,1.070601,0.15011,0.3867084,0.9958085,0.112712,0.2773237,0.8969868,0.08470076,0.2528959,0.8674513,0.3323615,0.5565829,0.910785,0.3974905,0.4159969,0.8964504,0.2151964,0.4612831,0.8594426,0.1722386,0.4699447,0.8658767,0.2236362,0.1952491,0.9986993,0.1755277,-0.03420815,0.9687532,0.1146498,-0.2316143,0.9613277,0.3041497,0.1962973,0.938128,0.3771531,-0.01067352,0.9747264,0.458415,-0.2126024,1.03886,0.2570894,0.6096039,0.9991388
72057594037941341,0,1.893167,9889.063,0.2707287,0.1912542,0.9951948,0.2450293,0.7782567,1.002191,0.163131,0.5782591,1.070601,0.15011,0.3867084,0.9958085,0.112712,0.2773237,0.8969868,0.08470076,0.2528959,0.8674513,0.3323615,0.5565829,0.910785,0.3974905,0.4159969,0.8964504,0.2151964,0.4612831,0.8594426,0.1722386,0.4699447,0.8658767,0.2236362,0.1952491,0.9986993,0.1755277,-0.03420815,0.9687532,0.1146498,-0.2316143,0.9613277,0.3041497,0.1962973,0.938128,0.3771531,-0.01067352,0.9747264,0.458415,-0.2126024,1.03886,0.2570894,0.6096039,0.9991388
72057594037941341,0,1.893167,9889.067,0.2707287,0.1912542,0.9951948,0.2450293,0.7782567,1.002191,0.163131,0.5782591,1.070601,0.15011,0.3867084,0.9958085,0.112712,0.2773237,0.8969868,0.08470076,0.2528959,0.8674513,0.3323615,0.5565829,0.910785,0.3974905,0.4159969,0.8964504,0.2151964,0.4612831,0.8594426,0.1722386,0.4699447,0.8658767,0.2236362,0.1952491,0.9986993,0.1755277,-0.03420815,0.9687532,0.1146498,-0.2316143,0.9613277,0.3041497,0.1962973,0.938128,0.3771531,-0.01067352,0.9747264,0.458415,-0.2126024,1.03886,0.2570894,0.6096039,0.9991388
72057594037941341,0,1.896654,9889.07,0.2495429,0.1920242,0.9877331,0.2208754,0.7793481,0.9950706,0.1511956,0.5800105,1.064088,0.1311532,0.3876798,0.9888028,0.06345204,0.2834664,0.8998595,0.04120947,0.248689,0.8731815,0.3200257,0.5563179,0.9064863,0.3749537,0.4158664,0.8885387,0.2085004,0.4514359,0.8555712,0.1644475,0.4558014,0.8663852,0.2026031,0.195354,0.9892373,0.1574933,-0.03296953,0.9600798,0.1106359,-0.2345838,0.9550654,0.2843108,0.1978471,0.9325347,0.3538639,-0.01596004,0.9655148,0.4501428,-0.2111914,1.032115,0.233814,0.6110079,0.9919847
72057594037941341,0,1.896654,9889.075,0.2495429,0.1920242,0.9877331,0.2208754,0.7793481,0.9950706,0.1511956,0.5800105,1.064088,0.1311532,0.3876798,0.9888028,0.06345204,0.2834664,0.8998595,0.04120947,0.248689,0.8731815,0.3200257,0.5563179,0.9064863,0.3749537,0.4158664,0.8885387,0.2085004,0.4514359,0.8555712,0.1644475,0.4558014,0.8663852,0.2026031,0.195354,0.9892373,0.1574933,-0.03296953,0.9600798,0.1106359,-0.2345838,0.9550654,0.2843108,0.1978471,0.9325347,0.3538639,-0.01596004,0.9655148,0.4501428,-0.2111914,1.032115,0.233814,0.6110079,0.9919847
72057594037941341,0,1.896654,9889.079,0.2495429,0.1920242,0.9877331,0.2208754,0.7793481,0.9950706,0.1511956,0.5800105,1.064088,0.1311532,0.3876798,0.9888028,0.06345204,0.2834664,0.8998595,0.04120947,0.248689,0.8731815,0.3200257,0.5563179,0.9064863,0.3749537,0.4158664,0.8885387,0.2085004,0.4514359,0.8555712,0.1644475,0.4558014,0.8663852,0.2026031,0.195354,0.9892373,0.1574933,-0.03296953,0.9600798,0.1106359,-0.2345838,0.9550654,0.2843108,0.1978471,0.9325347,0.3538639,-0.01596004,0.9655148,0.4501428,-0.2111914,1.032115,0.233814,0.6110079,0.9919847
72057594037941341,0,1.896654,9889.083,0.2495429,0.1920242,0.9877331,0.2208754,0.7793481,0.9950706,0.1511956,0.5800105,1.064088,0.1311532,0.3876798,0.9888028,0.06345204,0.2834664,0.8998595,0.04120947,0.248689,0.8731815,0.3200257,0.5563179,0.9064863,0.3749537,0.4158664,0.8885387,0.2085004,0.4514359,0.8555712,0.1644475,0.4558014,0.8663852,0.2026031,0.195354,0.9892373,0.1574933,-0.03296953,0.9600798,0.1106359,-0.2345838,0.9550654,0.2843108,0.1978471,0.9325347,0.3538639,-0.01596004,0.9655148,0.4501428,-0.2111914,1.032115,0.233814,0.6110079,0.9919847
72057594037941341,0,1.896654,9889.087,0.2495429,0.1920242,0.9877331,0.2208754,0.7793481,0.9950706,0.1511956,0.5800105,1.064088,0.1311532,0.3876798,0.9888028,0.06345204,0.2834664,0.8998595,0.04120947,0.248689,0.8731815,0.3200257,0.5563179,0.9064863,0.3749537,0.4158664,0.8885387,0.2085004,0.4514359,0.8555712,0.1644475,0.4558014,0.8663852,0.2026031,0.195354,0.9892373,0.1574933,-0.03296953,0.9600798,0.1106359,-0.2345838,0.9550654,0.2843108,0.1978471,0.9325347,0.3538639,-0.01596004,0.9655148,0.4501428,-0.2111914,1.032115,0.233814,0.6110079,0.9919847
72057594037941341,0,1.896654,9889.092,0.2495429,0.1920242,0.9877331,0.2208754,0.7793481,0.9950706,0.1511956,0.5800105,1.064088,0.1311532,0.3876798,0.9888028,0.06345204,0.2834664,0.8998595,0.04120947,0.248689,0.8731815,0.3200257,0.5563179,0.9064863,0.3749537,0.4158664,0.8885387,0.2085004,0.4514359,0.8555712,0.1644475,0.4558014,0.8663852,0.2026031,0.195354,0.9892373,0.1574933,-0.03296953,0.9600798,0.1106359,-0.2345838,0.9550654,0.2843108,0.1978471,0.9325347,0.3538639,-0.01596004,0.9655148,0.4501428,-0.2111914,1.032115,0.233814,0.6110079,0.9919847
72057594037941341,0,1.896654,9889.096,0.2495429,0.1920242,0.9877331,0.2208754,0.7793481,0.9950706,0.1511956,0.5800105,1.064088,0.1311532,0.3876798,0.9888028,0.06345204,0.2834664,0.8998595,0.04120947,0.248689,0.8731815,0.3200257,0.5563179,0.9064863,0.3749537,0.4158664,0.8885387,0.2085004,0.4514359,0.8555712,0.1644475,0.4558014,0.8663852,0.2026031,0.195354,0.9892373,0.1574933,-0.03296953,0.9600798,0.1106359,-0.2345838,0.9550654,0.2843108,0.1978471,0.9325347,0.3538639,-0.01596004,0.9655148,0.4501428,-0.2111914,1.032115,0.233814,0.6110079,0.9919847
72057594037941341,0,1.896654,9889.1,0.2495429,0.1920242,0.9877331,0.2208754,0.7793481,0.9950706,0.1511956,0.5800105,1.064088,0.1311532,0.3876798,0.9888028,0.06345204,0.2834664,0.8998595,0.04120947,0.248689,0.8731815,0.3200257,0.5563179,0.9064863,0.3749537,0.4158664,0.8885387,0.2085004,0.4514359,0.8555712,0.1644475,0.4558014,0.8663852,0.2026031,0.195354,0.9892373,0.1574933,-0.03296953,0.9600798,0.1106359,-0.2345838,0.9550654,0.2843108,0.1978471,0.9325347,0.3538639,-0.01596004,0.9655148,0.4501428,-0.2111914,1.032115,0.233814,0.6110079,0.9919847
72057594037941341,0,1.9001,9889.104,0.2218468,0.1959448,0.9784693,0.1964699,0.781054,0.9884553,0.1260354,0.5861775,1.047242,0.09951267,0.3920616,0.9735687,0.08624156,0.246421,0.9937867,0.09521831,0.2180682,0.9817603,0.2919085,0.5596861,0.8967037,0.3519776,0.415535,0.8832194,0.1516113,0.4516968,0.8542277,0.1268617,0.4587277,0.8614716,0.175378,0.1993869,0.9787631,0.1388126,-0.02641237,0.9524398,0.1102986,-0.2343681,0.9503531,0.2572984,0.2016776,0.9242015,0.3113721,-0.0132432,0.9440708,0.4276143,-0.1956353,1.01625,0.2145889,0.6152074,0.9837508
72057594037941341,0,1.9001,9889.108,0.2218468,0.1959448,0.9784693,0.1964699,0.781054,0.9884553,0.1260354,0.5861775,1.047242,0.09951267,0.3920616,0.9735687,0.08624156,0.246421,0.9937867,0.09521831,0.2180682,0.9817603,0.2919085,0.5596861,0.8967037,0.3519776,0.415535,0.8832194,0.1516113,0.4516968,0.8542277,0.1268617,0.4587277,0.8614716,0.175378,0.1993869,0.9787631,0.1388126,-0.02641237,0.9524398,0.1102986,-0.2343681,0.9503531,0.2572984,0.2016776,0.9242015,0.3113721,-0.0132432,0.9440708,0.4276143,-0.1956353,1.01625,0.2145889,0.6152074,0.9837508
72057594037941341,0,1.9001,9889.113,0.2218468,0.1959448,0.9784693,0.1964699,0.781054,0.9884553,0.1260354,0.5861775,1.047242,0.09951267,0.3920616,0.9735687,0.08624156,0.246421,0.9937867,0.09521831,0.2180682,0.9817603,0.2919085,0.5596861,0.8967037,0.3519776,0.415535,0.8832194,0.1516113,0.4516968,0.8542277,0.1268617,0.4587277,0.8614716,0.175378,0.1993869,0.9787631,0.1388126,-0.02641237,0.9524398,0.1102986,-0.2343681,0.9503531,0.2572984,0.2016776,0.9242015,0.3113721,-0.0132432,0.9440708,0.4276143,-0.1956353,1.01625,0.2145889,0.6152074,0.9837508
72057594037941341,0,1.9001,9889.117,0.2218468,0.1959448,0.9784693,0.1964699,0.781054,0.9884553,0.1260354,0.5861775,1.047242,0.09951267,0.3920616,0.9735687,0.08624156,0.246421,0.9937867,0.09521831,0.2180682,0.9817603,0.2919085,0.5596861,0.8967037,0.3519776,0.415535,0.8832194,0.1516113,0.4516968,0.8542277,0.1268617,0.4587277,0.8614716,0.175378,0.1993869,0.9787631,0.1388126,-0.02641237,0.9524398,0.1102986,-0.2343681,0.9503531,0.2572984,0.2016776,0.9242015,0.3113721,-0.0132432,0.9440708,0.4276143,-0.1956353,1.01625,0.2145889,0.6152074,0.9837508
72057594037941341,0,1.9001,9889.122,0.2218468,0.1959448,0.9784693,0.1964699,0.781054,0.9884553,0.1260354,0.5861775,1.047242,0.09951267,0.3920616,0.9735687,0.08624156,0.246421,0.9937867,0.09521831,0.2180682,0.9817603,0.2919085,0.5596861,0.8967037,0.3519776,0.415535,0.8832194,0.1516113,0.4516968,0.8542277,0.1268617,0.4587277,0.8614716,0.175378,0.1993869,0.9787631,0.1388126,-0.02641237,0.9524398,0.1102986,-0.2343681,0.9503531,0.2572984,0.2016776,0.9242015,0.3113721,-0.0132432,0.9440708,0.4276143,-0.1956353,1.01625,0.2145889,0.6152074,0.9837508
72057594037941341,0,1.9001,9889.126,0.2218468,0.1959448,0.9784693,0.1964699,0.781054,0.9884553,0.1260354,0.5861775,1.047242,0.09951267,0.3920616,0.9735687,0.08624156,0.246421,0.9937867,0.09521831,0.2180682,0.9817603,0.2919085,0.5596861,0.8967037,0.3519776,0.415535,0.8832194,0.1516113,0.4516968,0.8542277,0.1268617,0.4587277,0.8614716,0.175378,0.1993869,0.9787631,0.1388126,-0.02641237,0.9524398,0.1102986,-0.2343681,0.9503531,0.2572984,0.2016776,0.9242015,0.3113721,-0.0132432,0.9440708,0.4276143,-0.1956353,1.01625,0.2145889,0.6152074,0.9837508
72057594037941341,0,1.9001,9889.13,0.2218468,0.1959448,0.9784693,0.1964699,0.781054,0.9884553,0.1260354,0.5861775,1.047242,0.09951267,0.3920616,0.9735687,0.08624156,0.246421,0.9937867,0.09521831,0.2180682,0.9817603,0.2919085,0.5596861,0.8967037,0.3519776,0.415535,0.8832194,0.1516113,0.4516968,0.8542277,0.1268617,0.4587277,0.8614716,0.175378,0.1993869,0.9787631,0.1388126,-0.02641237,0.9524398,0.1102986,-0.2343681,0.9503531,0.2572984,0.2016776,0.9242015,0.3113721,-0.0132432,0.9440708,0.4276143,-0.1956353,1.01625,0.2145889,0.6152074,0.9837508
72057594037941341,0,1.901587,9889.134,0.2000041,0.2009966,0.9720775,0.176807,0.7857652,0.9816273,0.1042769,0.5895497,1.036535,0.07879101,0.3927799,0.9662195,0.07373861,0.1896637,0.9595137,0.07294342,0.1282408,0.9502671,0.2723607,0.56332,0.8902158,0.3306994,0.4171644,0.8784954,0.1292934,0.4544179,0.8496193,0.1021373,0.4589456,0.8532855,0.1534171,0.2039494,0.9714411,0.1247278,-0.02545014,0.946974,0.1017538,-0.2316238,0.9419885,0.2365695,0.2070603,0.9185071,0.2930352,-0.02008879,0.9340218,0.4189496,-0.1934359,1.011483,0.1899853,0.6198213,0.9737418
72057594037941341,0,1.901587,9889.138,0.2000041,0.2009966,0.9720775,0.176807,0.7857652,0.9816273,0.1042769,0.5895497,1.036535,0.07879101,0.3927799,0.9662195,0.07373861,0.1896637,0.9595137,0.07294342,0.1282408,0.9502671,0.2723607,0.56332,0.8902158,0.3306994,0.4171644,0.8784954,0.1292934,0.4544179,0.8496193,0.1021373,0.4589456,0.8532855,0.1534171,0.2039494,0.9714411,0.1247278,-0.02545014,0.946974,0.1017538,-0.2316238,0.9419885,0.2365695,0.2070603,0.9185071,0.2930352,-0.02008879,0.9340218,0.4189496,-0.1934359,1.011483,0.1899853,0.6198213,0.9737418
72057594037941341,0,1.901587,9889.143,0.2000041,0.2009966,0.9720775,0.176807,0.7857652,0.9816273,0.1042769,0.5895497,1.036535,0.07879101,0.3927799,0.9662195,0.07373861,0.1896637,0.9595137,0.07294342,0.1282408,0.9502671,0.2723607,0.56332,0.8902158,0.3306994,0.4171644,0.8784954,0.1292934,0.4544179,0.8496193,0.1021373,0.4589456,0.8532855,0.1534171,0.2039494,0.9714411,0.1247278,-0.02545014,0.946974,0.1017538,-0.2316238,0.9419885,0.2365695,0.2070603,0.9185071,0.2930352,-0.02008879,0.9340218,0.4189496,-0.1934359,1.011483,0.1899853,0.6198213,0.9737418
72057594037941341,0,1.901587,9889.146,0.2000041,0.2009966,0.9720775,0.176807,0.7857652,0.9816273,0.1042769,0.5895497,1.036535,0.07879101,0.3927799,0.9662195,0.07373861,0.1896637,0.9595137,0.07294342,0.1282408,0.9502671,0.2723607,0.56332,0.8902158,0.3306994,0.4171644,0.8784954,0.1292934,0.4544179,0.8496193,0.1021373,0.4589456,0.8532855,0.1534171,0.2039494,0.9714411,0.1247278,-0.02545014,0.946974,0.1017538,-0.2316238,0.9419885,0.2365695,0.2070603,0.9185071,0.2930352,-0.02008879,0.9340218,0.4189496,-0.1934359,1.011483,0.1899853,0.6198213,0.9737418
72057594037941341,0,1.901587,9889.15,0.2000041,0.2009966,0.9720775,0.176807,0.7857652,0.9816273,0.1042769,0.5895497,1.036535,0.07879101,0.3927799,0.9662195,0.07373861,0.1896637,0.9595137,0.07294342,0.1282408,0.9502671,0.2723607,0.56332,0.8902158,0.3306994,0.4171644,0.8784954,0.1292934,0.4544179,0.8496193,0.1021373,0.4589456,0.8532855,0.1534171,0.2039494,0.9714411,0.1247278,-0.02545014,0.946974,0.1017538,-0.2316238,0.9419885,0.2365695,0.2070603,0.9185071,0.2930352,-0.02008879,0.9340218,0.4189496,-0.1934359,1.011483,0.1899853,0.6198213,0.9737418
72057594037941341,0,1.901587,9889.154,0.2000041,0.2009966,0.9720775,0.176807,0.7857652,0.9816273,0.1042769,0.5895497,1.036535,0.07879101,0.3927799,0.9662195,0.07373861,0.1896637,0.9595137,0.07294342,0.1282408,0.9502671,0.2723607,0.56332,0.8902158,0.3306994,0.4171644,0.8784954,0.1292934,0.4544179,0.8496193,0.1021373,0.4589456,0.8532855,0.1534171,0.2039494,0.9714411,0.1247278,-0.02545014,0.946974,0.1017538,-0.2316238,0.9419885,0.2365695,0.2070603,0.9185071,0.2930352,-0.02008879,0.9340218,0.4189496,-0.1934359,1.011483,0.1899853,0.6198213,0.9737418
72057594037941341,0,1.901587,9889.158,0.2000041,0.2009966,0.9720775,0.176807,0.7857652,0.9816273,0.1042769,0.5895497,1.036535,0.07879101,0.3927799,0.9662195,0.07373861,0.1896637,0.9595137,0.07294342,0.1282408,0.9502671,0.2723607,0.56332,0.8902158,0.3306994,0.4171644,0.8784954,0.1292934,0.4544179,0.8496193,0.1021373,0.4589456,0.8532855,0.1534171,0.2039494,0.9714411,0.1247278,-0.02545014,0.946974,0.1017538,-0.2316238,0.9419885,0.2365695,0.2070603,0.9185071,0.2930352,-0.02008879,0.9340218,0.4189496,-0.1934359,1.011483,0.1899853,0.6198213,0.9737418
72057594037941341,0,1.901587,9889.162,0.2000041,0.2009966,0.9720775,0.176807,0.7857652,0.9816273,0.1042769,0.5895497,1.036535,0.07879101,0.3927799,0.9662195,0.07373861,0.1896637,0.9595137,0.07294342,0.1282408,0.9502671,0.2723607,0.56332,0.8902158,0.3306994,0.4171644,0.8784954,0.1292934,0.4544179,0.8496193,0.1021373,0.4589456,0.8532855,0.1534171,0.2039494,0.9714411,0.1247278,-0.02545014,0.946974,0.1017538,-0.2316238,0.9419885,0.2365695,0.2070603,0.9185071,0.2930352,-0.02008879,0.9340218,0.4189496,-0.1934359,1.011483,0.1899853,0.6198213,0.9737418
72057594037941341,0,1.901587,9889.166,0.2000041,0.2009966,0.9720775,0.176807,0.7857652,0.9816273,0.1042769,0.5895497,1.036535,0.07879101,0.3927799,0.9662195,0.07373861,0.1896637,0.9595137,0.07294342,0.1282408,0.9502671,0.2723607,0.56332,0.8902158,0.3306994,0.4171644,0.8784954,0.1292934,0.4544179,0.8496193,0.1021373,0.4589456,0.8532855,0.1534171,0.2039494,0.9714411,0.1247278,-0.02545014,0.946974,0.1017538,-0.2316238,0.9419885,0.2365695,0.2070603,0.9185071,0.2930352,-0.02008879,0.9340218,0.4189496,-0.1934359,1.011483,0.1899853,0.6198213,0.9737418
72057594037941341,0,1.903597,9889.17,0.1772659,0.2066627,0.9650959,0.1552817,0.7891057,0.9742457,0.08384852,0.5906854,1.026896,0.06323956,0.390528,0.9640449,0.0898549,0.2583072,0.8630953,0.1005524,0.2245924,0.8579623,0.2550302,0.5664814,0.8851788,0.311774,0.4191483,0.8733827,0.1099957,0.4559027,0.8422851,0.08520953,0.4609052,0.8478801,0.1297679,0.2088107,0.964202,0.1117621,-0.02745968,0.9451342,0.1005421,-0.2290158,0.9378908,0.2157513,0.2133217,0.9115777,0.2406653,-0.01046583,0.906579,0.3819876,-0.1694152,0.9909906,0.1739718,0.6236565,0.9680322
72057594037941341,0,1.903597,9889.174,0.1772659,0.2066627,0.9650959,0.1552817,0.7891057,0.9742457,0.08384852,0.5906854,1.026896,0.06323956,0.390528,0.9640449,0.0898549,0.2583072,0.8630953,0.1005524,0.2245924,0.8579623,0.2550302,0.5664814,0.8851788,0.311774,0.4191483,0.8733827,0.1099957,0.4559027,0.8422851,0.08520953,0.4609052,0.8478801,0.1297679,0.2088107,0.964202,0.1117621,-0.02745968,0.9451342,0.1005421,-0.2290158,0.9378908,0.2157513,0.2133217,0.9115777,0.2406653,-0.01046583,0.906579,0.3819876,-0.1694152,0.9909906,0.1739718,0.6236565,0.9680322
72057594037941341,0,1.903597,9889.179,0.1772659,0.2066627,0.9650959,0.1552817,0.7891057,0.9742457,0.08384852,0.5906854,1.026896,0.06323956,0.390528,0.9640449,0.0898549,0.2583072,0.8630953,0.1005524,0.2245924,0.8579623,0.2550302,0.5664814,0.8851788,0.311774,0.4191483,0.8733827,0.1099957,0.4559027,0.8422851,0.08520953,0.4609052,0.8478801,0.1297679,0.2088107,0.964202,0.1117621,-0.02745968,0.9451342,0.1005421,-0.2290158,0.9378908,0.2157513,0.2133217,0.9115777,0.2406653,-0.01046583,0.906579,0.3819876,-0.1694152,0.9909906,0.1739718,0.6236565,0.9680322
72057594037941341,0,1.903597,9889.183,0.1772659,0.2066627,0.9650959,0.1552817,0.7891057,0.9742457,0.08384852,0.5906854,1.026896,0.06323956,0.390528,0.9640449,0.0898549,0.2583072,0.8630953,0.1005524,0.2245924,0.8579623,0.2550302,0.5664814,0.8851788,0.311774,0.4191483,0.8733827,0.1099957,0.4559027,0.8422851,0.08520953,0.4609052,0.8478801,0.1297679,0.2088107,0.964202,0.1117621,-0.02745968,0.9451342,0.1005421,-0.2290158,0.9378908,0.2157513,0.2133217,0.9115777,0.2406653,-0.01046583,0.906579,0.3819876,-0.1694152,0.9909906,0.1739718,0.6236565,0.9680322
72057594037941341,0,1.903597,9889.189,0.1772659,0.2066627,0.9650959,0.1552817,0.7891057,0.9742457,0.08384852,0.5906854,1.026896,0.06323956,0.390528,0.9640449,0.0898549,0.2583072,0.8630953,0.1005524,0.2245924,0.8579623,0.2550302,0.5664814,0.8851788,0.311774,0.4191483,0.8733827,0.1099957,0.4559027,0.8422851,0.08520953,0.4609052,0.8478801,0.1297679,0.2088107,0.964202,0.1117621,-0.02745968,0.9451342,0.1005421,-0.2290158,0.9378908,0.2157513,0.2133217,0.9115777,0.2406653,-0.01046583,0.906579,0.3819876,-0.1694152,0.9909906,0.1739718,0.6236565,0.9680322
72057594037941341,0,1.903597,9889.193,0.1772659,0.2066627,0.9650959,0.1552817,0.7891057,0.9742457,0.08384852,0.5906854,1.026896,0.06323956,0.390528,0.9640449,0.0898549,0.2583072,0.8630953,0.1005524,0.2245924,0.8579623,0.2550302,0.5664814,0.8851788,0.311774,0.4191483,0.8733827,0.1099957,0.4559027,0.8422851,0.08520953,0.4609052,0.8478801,0.1297679,0.2088107,0.964202,0.1117621,-0.02745968,0.9451342,0.1005421,-0.2290158,0.9378908,0.2157513,0.2133217,0.9115777,0.2406653,-0.01046583,0.906579,0.3819876,-0.1694152,0.9909906,0.1739718,0.6236565,0.9680322
72057594037941341,0,1.903597,9889.196,0.1772659,0.2066627,0.9650959,0.1552817,0.7891057,0.9742457,0.08384852,0.5906854,1.026896,0.06323956,0.390528,0.9640449,0.0898549,0.2583072,0.8630953,0.1005524,0.2245924,0.8579623,0.2550302,0.5664814,0.8851788,0.311774,0.4191483,0.8733827,0.1099957,0.4559027,0.8422851,0.08520953,0.4609052,0.8478801,0.1297679,0.2088107,0.964202,0.1117621,-0.02745968,0.9451342,0.1005421,-0.2290158,0.9378908,0.2157513,0.2133217,0.9115777,0.2406653,-0.01046583,0.906579,0.3819876,-0.1694152,0.9909906,0.1739718,0.6236565,0.9680322
72057594037941341,0,1.903597,9889.201,0.1772659,0.2066627,0.9650959,0.1552817,0.7891057,0.9742457,0.08384852,0.5906854,1.026896,0.06323956,0.390528,0.9640449,0.0898549,0.2583072,0.8630953,0.1005524,0.2245924,0.8579623,0.2550302,0.5664814,0.8851788,0.311774,0.4191483,0.8733827,0.1099957,0.4559027,0.8422851,0.08520953,0.4609052,0.8478801,0.1297679,0.2088107,0.964202,0.1117621,-0.02745968,0.9451342,0.1005421,-0.2290158,0.9378908,0.2157513,0.2133217,0.9115777,0.2406653,-0.01046583,0.906579,0.3819876,-0.1694152,0.9909906,0.1739718,0.6236565,0.9680322
72057594037941341,0,1.904282,9889.205,0.1591545,0.2126067,0.9602191,0.1336046,0.7921971,0.9656614,0.06324881,0.5912323,1.021901,0.04655536,0.3921375,0.9682287,-0.05287496,0.3470553,0.8565829,-0.0309428,0.3299625,0.8689628,0.2401618,0.5689414,0.8812044,0.2963546,0.4227639,0.8683065,0.09551626,0.4560865,0.8327508,0.07183903,0.4607875,0.8416198,0.1113813,0.2129993,0.9595279,0.1040881,-0.03033999,0.9423648,0.09432411,-0.2254351,0.9350907,0.1987097,0.2208536,0.9063112,0.223155,-0.006422251,0.895672,0.3532513,-0.1764404,0.97717,0.1599748,0.6278509,0.9615866
72057594037941341,0,1.904282,9889.209,0.1591545,0.2126067,0.9602191,0.1336046,0.7921971,0.9656614,0.06324881,0.5912323,1.021901,0.04655536,0.3921375,0.9682287,-0.05287496,0.3470553,0.8565829,-0.0309428,0.3299625,0.8689628,0.2401618,0.5689414,0.8812044,0.2963546,0.4227639,0.8683065,0.09551626,0.4560865,0.8327508,0.07183903,0.4607875,0.8416198,0.1113813,0.2129993,0.9595279,0.1040881,-0.03033999,0.9423648,0.09432411,-0.2254351,0.9350907,0.1987097,0.2208536,0.9063112,0.223155,-0.006422251,0.895672,0.3532513,-0.1764404,0.97717,0.1599748,0.6278509,0.9615866
72057594037941341,0,1.904282,9889.214,0.1591545,0.2126067,0.9602191,0.1336046,0.7921971,0.9656614,0.06324881,0.5912323,1.021901,0.04655536,0.3921375,0.9682287,-0.05287496,0.3470553,0.8565829,-0.0309428,0.3299625,0.8689628,0.2401618,0.5689414,0.8812044,0.2963546,0.4227639,0.8683065,0.09551626,0.4560865,0.8327508,0.07183903,0.4607875,0.8416198,0.1113813,0.2129993,0.9595279,0.1040881,-0.03033999,0.9423648,0.09432411,-0.2254351,0.9350907,0.1987097,0.2208536,0.9063112,0.223155,-0.006422251,0.895672,0.3532513,-0.1764404,0.97717,0.1599748,0.6278509,0.9615866
72057594037941341,0,1.904282,9889.218,0.1591545,0.2126067,0.9602191,0.1336046,0.7921971,0.9656614,0.06324881,0.5912323,1.021901,0.04655536,0.3921375,0.9682287,-0.05287496,0.3470553,0.8565829,-0.0309428,0.3299625,0.8689628,0.2401618,0.5689414,0.8812044,0.2963546,0.4227639,0.8683065,0.09551626,0.4560865,0.8327508,0.07183903,0.4607875,0.8416198,0.1113813,0.2129993,0.9595279,0.1040881,-0.03033999,0.9423648,0.09432411,-0.2254351,0.9350907,0.1987097,0.2208536,0.9063112,0.223155,-0.006422251,0.895672,0.3532513,-0.1764404,0.97717,0.1599748,0.6278509,0.9615866
72057594037941341,0,1.904282,9889.223,0.1591545,0.2126067,0.9602191,0.1336046,0.7921971,0.9656614,0.06324881,0.5912323,1.021901,0.04655536,0.3921375,0.9682287,-0.05287496,0.3470553,0.8565829,-0.0309428,0.3299625,0.8689628,0.2401618,0.5689414,0.8812044,0.2963546,0.4227639,0.8683065,0.09551626,0.4560865,0.8327508,0.07183903,0.4607875,0.8416198,0.1113813,0.2129993,0.9595279,0.1040881,-0.03033999,0.9423648,0.09432411,-0.2254351,0.9350907,0.1987097,0.2208536,0.9063112,0.223155,-0.006422251,0.895672,0.3532513,-0.1764404,0.97717,0.1599748,0.6278509,0.9615866
72057594037941341,0,1.904282,9889.227,0.1591545,0.2126067,0.9602191,0.1336046,0.7921971,0.9656614,0.06324881,0.5912323,1.021901,0.04655536,0.3921375,0.9682287,-0.05287496,0.3470553,0.8565829,-0.0309428,0.3299625,0.8689628,0.2401618,0.5689414,0.8812044,0.2963546,0.4227639,0.8683065,0.09551626,0.4560865,0.8327508,0.07183903,0.4607875,0.8416198,0.1113813,0.2129993,0.9595279,0.1040881,-0.03033999,0.9423648,0.09432411,-0.2254351,0.9350907,0.1987097,0.2208536,0.9063112,0.223155,-0.006422251,0.895672,0.3532513,-0.1764404,0.97717,0.1599748,0.6278509,0.9615866
72057594037941341,0,1.904282,9889.23,0.1591545,0.2126067,0.9602191,0.1336046,0.7921971,0.9656614,0.06324881,0.5912323,1.021901,0.04655536,0.3921375,0.9682287,-0.05287496,0.3470553,0.8565829,-0.0309428,0.3299625,0.8689628,0.2401618,0.5689414,0.8812044,0.2963546,0.4227639,0.8683065,0.09551626,0.4560865,0.8327508,0.07183903,0.4607875,0.8416198,0.1113813,0.2129993,0.9595279,0.1040881,-0.03033999,0.9423648,0.09432411,-0.2254351,0.9350907,0.1987097,0.2208536,0.9063112,0.223155,-0.006422251,0.895672,0.3532513,-0.1764404,0.97717,0.1599748,0.6278509,0.9615866
72057594037941341,0,1.905608,9889.234,0.1385685,0.2194198,0.9543337,0.1179305,0.7935571,0.9593197,0.04514972,0.5918148,1.017261,0.02795934,0.3954411,0.9681773,-0.04769493,0.3412044,0.8423601,-0.04927336,0.3302304,0.8639353,0.224903,0.5737022,0.8785813,0.2834593,0.4247913,0.8648714,0.08936265,0.4559176,0.8259212,0.06332678,0.4552116,0.8322351,0.09080878,0.2183467,0.9545426,0.09586679,-0.03311479,0.9370774,0.09280042,-0.2210699,0.9350297,0.1791941,0.2288649,0.8993835,0.1822955,0.01414487,0.8688713,0.3120438,-0.1563976,0.9536339,0.1423934,0.6312513,0.9548846
72057594037941341,0,1.905608,9889.238,0.1385685,0.2194198,0.9543337,0.1179305,0.7935571,0.9593197,0.04514972,0.5918148,1.017261,0.02795934,0.3954411,0.9681773,-0.04769493,0.3412044,0.8423601,-0.04927336,0.3302304,0.8639353,0.224903,0.5737022,0.8785813,0.2834593,0.4247913,0.8648714,0.08936265,0.4559176,0.8259212,0.06332678,0.4552116,0.8322351,0.09080878,0.2183467,0.9545426,0.09586679,-0.03311479,0.9370774,0.09280042,-0.2210699,0.9350297,0.1791941,0.2288649,0.8993835,0.1822955,0.01414487,0.8688713,0.3120438,-0.1563976,0.9536339,0.1423934,0.6312513,0.9548846
72057594037941341,0,1.905608,9889.242,0.1385685,0.2194198,0.9543337,0.1179305,0.7935571,0.9593197,0.04514972,0.5918148,1.017261,0.02795934,0.3954411,0.9681773,-0.04769493,0.3412044,0.8423601,-0.04927336,0.3302304,0.8639353,0.224903,0.5737022,0.8785813,0.2834593,0.4247913,0.8648714,0.08936265,0.4559176,0.8259212,0.06332678,0.4552116,0.8322351,0.09080878,0.2183467,0.9545426,0.09586679,-0.03311479,0.9370774,0.09280042,-0.2210699,0.9350297,0.1791941,0.2288649,0.8993835,0.1822955,0.01414487,0.8688713,0.3120438,-0.1563976,0.9536339,0.1423934,0.6312513,0.9548846
72057594037941341,0,1.905608,9889.246,0.1385685,0.2194198,0.9543337,0.1179305,0.7935571,0.9593197,0.04514972,0.5918148,1.017261,0.02795934,0.3954411,0.9681773,-0.04769493,0.3412044,0.8423601,-0.04927336,0.3302304,0.8639353,0.224903,0.5737022,0.8785813,0.2834593,0.4247913,0.8648714,0.08936265,0.4559176,0.8259212,0.06332678,0.4552116,0.8322351,0.09080878,0.2183467,0.9545426,0.09586679,-0.03311479,0.9370774,0.09280042,-0.2210699,0.9350297,0.1791941,0.2288649,0.8993835,0.1822955,0.01414487,0.8688713,0.3120438,-0.1563976,0.9536339,0.1423934,0.6312513,0.9548846
72057594037941341,0,1.905608,9889.249,0.1385685,0.2194198,0.9543337,0.1179305,0.7935571,0.9593197,0.04514972,0.5918148,1.017261,0.02795934,0.3954411,0.9681773,-0.04769493,0.3412044,0.8423601,-0.04927336,0.3302304,0.8639353,0.224903,0.5737022,0.8785813,0.2834593,0.4247913,0.8648714,0.08936265,0.4559176,0.8259212,0.06332678,0.4552116,0.8322351,0.09080878,0.2183467,0.9545426,0.09586679,-0.03311479,0.9370774,0.09280042,-0.2210699,0.9350297,0.1791941,0.2288649,0.8993835,0.1822955,0.01414487,0.8688713,0.3120438,-0.1563976,0.9536339,0.1423934,0.6312513,0.9548846
72057594037941341,0,1.905608,9889.253,0.1385685,0.2194198,0.9543337,0.1179305,0.7935571,0.9593197,0.04514972,0.5918148,1.017261,0.02795934,0.3954411,0.9681773,-0.04769493,0.3412044,0.8423601,-0.04927336,0.3302304,0.8639353,0.224903,0.5737022,0.8785813,0.2834593,0.4247913,0.8648714,0.08936265,0.4559176,0.8259212,0.06332678,0.4552116,0.8322351,0.09080878,0.2183467,0.9545426,0.09586679,-0.03311479,0.9370774,0.09280042,-0.2210699,0.9350297,0.1791941,0.2288649,0.8993835,0.1822955,0.01414487,0.8688713,0.3120438,-0.1563976,0.9536339,0.1423934,0.6312513,0.9548846
72057594037941341,0,1.905608,9889.257,0.1385685,0.2194198,0.9543337,0.1179305,0.7935571,0.9593197,0.04514972,0.5918148,1.017261,0.02795934,0.3954411,0.9681773,-0.04769493,0.3412044,0.8423601,-0.04927336,0.3302304,0.8639353,0.224903,0.5737022,0.8785813,0.2834593,0.4247913,0.8648714,0.08936265,0.4559176,0.8259212,0.06332678,0.4552116,0.8322351,0.09080878,0.2183467,0.9545426,0.09586679,-0.03311479,0.9370774,0.09280042,-0.2210699,0.9350297,0.1791941,0.2288649,0.8993835,0.1822955,0.01414487,0.8688713,0.3120438,-0.1563976,0.9536339,0.1423934,0.6312513,0.9548846
72057594037941341,0,1.905608,9889.261,0.1385685,0.2194198,0.9543337,0.1179305,0.7935571,0.9593197,0.04514972,0.5918148,1.017261,0.02795934,0.3954411,0.9681773,-0.04769493,0.3412044,0.8423601,-0.04927336,0.3302304,0.8639353,0.224903,0.5737022,0.8785813,0.2834593,0.4247913,0.8648714,0.08936265,0.4559176,0.8259212,0.06332678,0.4552116,0.8322351,0.09080878,0.2183467,0.9545426,0.09586679,-0.03311479,0.9370774,0.09280042,-0.2210699,0.9350297,0.1791941,0.2288649,0.8993835,0.1822955,0.01414487,0.8688713,0.3120438,-0.1563976,0.9536339,0.1423934,0.6312513,0.9548846
72057594037941341,0,1.905608,9889.266,0.1385685,0.2194198,0.9543337,0.1179305,0.7935571,0.9593197,0.04514972,0.5918148,1.017261,0.02795934,0.3954411,0.9681773,-0.04769493,0.3412044,0.8423601,-0.04927336,0.3302304,0.8639353,0.224903,0.5737022,0.8785813,0.2834593,0.4247913,0.8648714,0.08936265,0.4559176,0.8259212,0.06332678,0.4552116,0.8322351,0.09080878,0.2183467,0.9545426,0.09586679,-0.03311479,0.9370774,0.09280042,-0.2210699,0.9350297,0.1791941,0.2288649,0.8993835,0.1822955,0.01414487,0.8688713,0.3120438,-0.1563976,0.9536339,0.1423934,0.6312513,0.9548846
72057594037941341,0,1.90857,9889.271,0.1200902,0.2265746,0.9470179,0.1025416,0.7943274,0.9523591,0.02833185,0.5934298,1.01375,0.01220836,0.3977641,0.9697685,-0.05832298,0.3511612,0.8379567,-0.06749319,0.3310843,0.8678932,0.211249,0.57718,0.8754275,0.2711484,0.4281093,0.8625153,0.08097374,0.4542697,0.8149361,0.05418507,0.4529047,0.8210766,0.07196408,0.2255768,0.9481255,0.08575641,-0.03239352,0.9311029,0.09148341,-0.2045553,0.9347211,0.1620277,0.2356261,0.8911184,0.1712121,0.01594901,0.8630532,0.2746524,-0.1767986,0.9358809,0.1256725,0.6336807,0.9483905
72057594037941341,0,1.90857,9889.273,0.1200902,0.2265746,0.9470179,0.1025416,0.7943274,0.9523591,0.02833185,0.5934298,1.01375,0.01220836,0.3977641,0.9697685,-0.05832298,0.3511612,0.8379567,-0.06749319,0.3310843,0.8678932,0.211249,0.57718,0.8754275,0.2711484,0.4281093,0.8625153,0.08097374,0.4542697,0.8149361,0.05418507,0.4529047,0.8210766,0.07196408,0.2255768,0.9481255,0.08575641,-0.03239352,0.9311029,0.09148341,-0.2045553,0.9347211,0.1620277,0.2356261,0.8911184,0.1712121,0.01594901,0.8630532,0.2746524,-0.1767986,0.9358809,0.1256725,0.6336807,0.9483905
72057594037941341,0,1.90857,9889.277,0.1200902,0.2265746,0.9470179,0.1025416,0.7943274,0.9523591,0.02833185,0.5934298,1.01375,0.01220836,0.3977641,0.9697685,-0.05832298,0.3511612,0.8379567,-0.06749319,0.3310843,0.8678932,0.211249,0.57718,0.8754275,0.2711484,0.4281093,0.8625153,0.08097374,0.4542697,0.8149361,0.05418507,0.4529047,0.8210766,0.07196408,0.2255768,0.9481255,0.08575641,-0.03239352,0.9311029,0.09148341,-0.2045553,0.9347211,0.1620277,0.2356261,0.8911184,0.1712121,0.01594901,0.8630532,0.2746524,-0.1767986,0.9358809,0.1256725,0.6336807,0.9483905
72057594037941341,0,1.90857,9889.282,0.1200902,0.2265746,0.9470179,0.1025416,0.7943274,0.9523591,0.02833185,0.5934298,1.01375,0.01220836,0.3977641,0.9697685,-0.05832298,0.3511612,0.8379567,-0.06749319,0.3310843,0.8678932,0.211249,0.57718,0.8754275,0.2711484,0.4281093,0.8625153,0.08097374,0.4542697,0.8149361,0.05418507,0.4529047,0.8210766,0.07196408,0.2255768,0.9481255,0.08575641,-0.03239352,0.9311029,0.09148341,-0.2045553,0.9347211,0.1620277,0.2356261,0.8911184,0.1712121,0.01594901,0.8630532,0.2746524,-0.1767986,0.9358809,0.1256725,0.6336807,0.9483905
72057594037941341,0,1.90857,9889.286,0.1200902,0.2265746,0.9470179,0.1025416,0.7943274,0.9523591,0.02833185,0.5934298,1.01375,0.01220836,0.3977641,0.9697685,-0.05832298,0.3511612,0.8379567,-0.06749319,0.3310843,0.8678932,0.211249,0.57718,0.8754275,0.2711484,0.4281093,0.8625153,0.08097374,0.4542697,0.8149361,0.05418507,0.4529047,0.8210766,0.07196408,0.2255768,0.9481255,0.08575641,-0.03239352,0.9311029,0.09148341,-0.2045553,0.9347211,0.1620277,0.2356261,0.8911184,0.1712121,0.01594901,0.8630532,0.2746524,-0.1767986,0.9358809,0.1256725,0.6336807,0.9483905
72057594037941341,0,1.90857,9889.29,0.1200902,0.2265746,0.9470179,0.1025416,0.7943274,0.9523591,0.02833185,0.5934298,1.01375,0.01220836,0.3977641,0.9697685,-0.05832298,0.3511612,0.8379567,-0.06749319,0.3310843,0.8678932,0.211249,0.57718,0.8754275,0.2711484,0.4281093,0.8625153,0.08097374,0.4542697,0.8149361,0.05418507,0.4529047,0.8210766,0.07196408,0.2255768,0.9481255,0.08575641,-0.03239352,0.9311029,0.09148341,-0.2045553,0.9347211,0.1620277,0.2356261,0.8911184,0.1712121,0.01594901,0.8630532,0.2746524,-0.1767986,0.9358809,0.1256725,0.6336807,0.9483905
72057594037941341,0,1.90857,9889.294,0.1200902,0.2265746,0.9470179,0.1025416,0.7943274,0.9523591,0.02833185,0.5934298,1.01375,0.01220836,0.3977641,0.9697685,-0.05832298,0.3511612,0.8379567,-0.06749319,0.3310843,0.8678932,0.211249,0.57718,0.8754275,0.2711484,0.4281093,0.8625153,0.08097374,0.4542697,0.8149361,0.05418507,0.4529047,0.8210766,0.07196408,0.2255768,0.9481255,0.08575641,-0.03239352,0.9311029,0.09148341,-0.2045553,0.9347211,0.1620277,0.2356261,0.8911184,0.1712121,0.01594901,0.8630532,0.2746524,-0.1767986,0.9358809,0.1256725,0.6336807,0.9483905
72057594037941341,0,1.90857,9889.298,0.1200902,0.2265746,0.9470179,0.1025416,0.7943274,0.9523591,0.02833185,0.5934298,1.01375,0.01220836,0.3977641,0.9697685,-0.05832298,0.3511612,0.8379567,-0.06749319,0.3310843,0.8678932,0.211249,0.57718,0.8754275,0.2711484,0.4281093,0.8625153,0.08097374,0.4542697,0.8149361,0.05418507,0.4529047,0.8210766,0.07196408,0.2255768,0.9481255,0.08575641,-0.03239352,0.9311029,0.09148341,-0.2045553,0.9347211,0.1620277,0.2356261,0.8911184,0.1712121,0.01594901,0.8630532,0.2746524,-0.1767986,0.9358809,0.1256725,0.6336807,0.9483905
72057594037941341,0,1.913815,9889.302,0.1078737,0.231567,0.9387186,0.08907093,0.7946963,0.9467865,0.0122405,0.5945015,1.007709,-0.00123588,0.4028015,0.9709209,-0.06192714,0.3501843,0.8365887,-0.07522826,0.3292107,0.8659701,0.1991297,0.5791092,0.8723413,0.2613227,0.4290274,0.8612797,0.07217583,0.4530805,0.8064235,0.04601584,0.4518151,0.8127893,0.05897821,0.2303653,0.9400781,0.07227978,-0.02510509,0.9267303,0.088507,-0.1961624,0.9339001,0.1511628,0.2406146,0.8825585,0.1422239,0.02075717,0.8459547,0.2347901,-0.1795641,0.913666,0.1127474,0.6351541,0.9425884
72057594037941341,0,1.913815,9889.307,0.1078737,0.231567,0.9387186,0.08907093,0.7946963,0.9467865,0.0122405,0.5945015,1.007709,-0.00123588,0.4028015,0.9709209,-0.06192714,0.3501843,0.8365887,-0.07522826,0.3292107,0.8659701,0.1991297,0.5791092,0.8723413,0.2613227,0.4290274,0.8612797,0.07217583,0.4530805,0.8064235,0.04601584,0.4518151,0.8127893,0.05897821,0.2303653,0.9400781,0.07227978,-0.02510509,0.9267303,0.088507,-0.1961624,0.9339001,0.1511628,0.2406146,0.8825585,0.1422239,0.02075717,0.8459547,0.2347901,-0.1795641,0.913666,0.1127474,0.6351541,0.9425884
72057594037941341,0,1.913815,9889.312,0.1078737,0.231567,0.9387186,0.08907093,0.7946963,0.9467865,0.0122405,0.5945015,1.007709,-0.00123588,0.4028015,0.9709209,-0.06192714,0.3501843,0.8365887,-0.07522826,0.3292107,0.8659701,0.1991297,0.5791092,0.8723413,0.2613227,0.4290274,0.8612797,0.07217583,0.4530805,0.8064235,0.04601584,0.4518151,0.8127893,0.05897821,0.2303653,0.9400781,0.07227978,-0.02510509,0.9267303,0.088507,-0.1961624,0.9339001,0.1511628,0.2406146,0.8825585,0.1422239,0.02075717,0.8459547,0.2347901,-0.1795641,0.913666,0.1127474,0.6351541,0.9425884
72057594037941341,0,1.913815,9889.315,0.1078737,0.231567,0.9387186,0.08907093,0.7946963,0.9467865,0.0122405,0.5945015,1.007709,-0.00123588,0.4028015,0.9709209,-0.06192714,0.3501843,0.8365887,-0.07522826,0.3292107,0.8659701,0.1991297,0.5791092,0.8723413,0.2613227,0.4290274,0.8612797,0.07217583,0.4530805,0.8064235,0.04601584,0.4518151,0.8127893,0.05897821,0.2303653,0.9400781,0.07227978,-0.02510509,0.9267303,0.088507,-0.1961624,0.9339001,0.1511628,0.2406146,0.8825585,0.1422239,0.02075717,0.8459547,0.2347901,-0.1795641,0.913666,0.1127474,0.6351541,0.9425884
72057594037941341,0,1.913815,9889.319,0.1078737,0.231567,0.9387186,0.08907093,0.7946963,0.9467865,0.0122405,0.5945015,1.007709,-0.00123588,0.4028015,0.9709209,-0.06192714,0.3501843,0.8365887,-0.07522826,0.3292107,0.8659701,0.1991297,0.5791092,0.8723413,0.2613227,0.4290274,0.8612797,0.07217583,0.4530805,0.8064235,0.04601584,0.4518151,0.8127893,0.05897821,0.2303653,0.9400781,0.07227978,-0.02510509,0.9267303,0.088507,-0.1961624,0.9339001,0.1511628,0.2406146,0.8825585,0.1422239,0.02075717,0.8459547,0.2347901,-0.1795641,0.913666,0.1127474,0.6351541,0.9425884
72057594037941341,0,1.913815,9889.323,0.1078737,0.231567,0.9387186,0.08907093,0.7946963,0.9467865,0.0122405,0.5945015,1.007709,-0.00123588,0.4028015,0.9709209,-0.06192714,0.3501843,0.8365887,-0.07522826,0.3292107,0.8659701,0.1991297,0.5791092,0.8723413,0.2613227,0.4290274,0.8612797,0.07217583,0.4530805,0.8064235,0.04601584,0.4518151,0.8127893,0.05897821,0.2303653,0.9400781,0.07227978,-0.02510509,0.9267303,0.088507,-0.1961624,0.9339001,0.1511628,0.2406146,0.8825585,0.1422239,0.02075717,0.8459547,0.2347901,-0.1795641,0.913666,0.1127474,0.6351541,0.9425884
72057594037941341,0,1.913815,9889.328,0.1078737,0.231567,0.9387186,0.08907093,0.7946963,0.9467865,0.0122405,0.5945015,1.007709,-0.00123588,0.4028015,0.9709209,-0.06192714,0.3501843,0.8365887,-0.07522826,0.3292107,0.8659701,0.1991297,0.5791092,0.8723413,0.2613227,0.4290274,0.8612797,0.07217583,0.4530805,0.8064235,0.04601584,0.4518151,0.8127893,0.05897821,0.2303653,0.9400781,0.07227978,-0.02510509,0.9267303,0.088507,-0.1961624,0.9339001,0.1511628,0.2406146,0.8825585,0.1422239,0.02075717,0.8459547,0.2347901,-0.1795641,0.913666,0.1127474,0.6351541,0.9425884
72057594037941341,0,1.913815,9889.332,0.1078737,0.231567,0.9387186,0.08907093,0.7946963,0.9467865,0.0122405,0.5945015,1.007709,-0.00123588,0.4028015,0.9709209,-0.06192714,0.3501843,0.8365887,-0.07522826,0.3292107,0.8659701,0.1991297,0.5791092,0.8723413,0.2613227,0.4290274,0.8612797,0.07217583,0.4530805,0.8064235,0.04601584,0.4518151,0.8127893,0.05897821,0.2303653,0.9400781,0.07227978,-0.02510509,0.9267303,0.088507,-0.1961624,0.9339001,0.1511628,0.2406146,0.8825585,0.1422239,0.02075717,0.8459547,0.2347901,-0.1795641,0.913666,0.1127474,0.6351541,0.9425884
72057594037941341,0,1.918396,9889.337,0.09387998,0.236063,0.931311,0.07851583,0.7948155,0.940329,0.004502841,0.5950127,1.004912,-0.0166203,0.4122707,0.9709123,-0.06584764,0.349293,0.836832,-0.08045617,0.3323594,0.8626329,0.19937,0.5788466,0.8721675,0.2495583,0.4295473,0.8593574,0.0660351,0.4513741,0.7982348,0.03846641,0.4489681,0.803233,0.04293928,0.2355146,0.9321645,0.0618761,0.03757146,0.9060488,0.08404846,-0.1807702,0.9309512,0.1397772,0.2443247,0.8756601,0.1214105,0.02765566,0.8324989,0.1558043,-0.1656901,0.8843429,0.1005686,0.636225,0.9368346
72057594037941341,0,1.918396,9889.341,0.09387998,0.236063,0.931311,0.07851583,0.7948155,0.940329,0.004502841,0.5950127,1.004912,-0.0166203,0.4122707,0.9709123,-0.06584764,0.349293,0.836832,-0.08045617,0.3323594,0.8626329,0.19937,0.5788466,0.8721675,0.2495583,0.4295473,0.8593574,0.0660351,0.4513741,0.7982348,0.03846641,0.4489681,0.803233,0.04293928,0.2355146,0.9321645,0.0618761,0.03757146,0.9060488,0.08404846,-0.1807702,0.9309512,0.1397772,0.2443247,0.8756601,0.1214105,0.02765566,0.8324989,0.1558043,-0.1656901,0.8843429,0.1005686,0.636225,0.9368346
72057594037941341,0,1.918396,9889.346,0.09387998,0.236063,0.931311,0.07851583,0.7948155,0.940329,0.004502841,0.5950127,1.004912,-0.0166203,0.4122707,0.9709123,-0.06584764,0.349293,0.836832,-0.08045617,0.3323594,0.8626329,0.19937,0.5788466,0.8721675,0.2495583,0.4295473,0.8593574,0.0660351,0.4513741,0.7982348,0.03846641,0.4489681,0.803233,0.04293928,0.2355146,0.9321645,0.0618761,0.03757146,0.9060488,0.08404846,-0.1807702,0.9309512,0.1397772,0.2443247,0.8756601,0.1214105,0.02765566,0.8324989,0.1558043,-0.1656901,0.8843429,0.1005686,0.636225,0.9368346
72057594037941341,0,1.918396,9889.351,0.09387998,0.236063,0.931311,0.07851583,0.7948155,0.940329,0.004502841,0.5950127,1.004912,-0.0166203,0.4122707,0.9709123,-0.06584764,0.349293,0.836832,-0.08045617,0.3323594,0.8626329,0.19937,0.5788466,0.8721675,0.2495583,0.4295473,0.8593574,0.0660351,0.4513741,0.7982348,0.03846641,0.4489681,0.803233,0.04293928,0.2355146,0.9321645,0.0618761,0.03757146,0.9060488,0.08404846,-0.1807702,0.9309512,0.1397772,0.2443247,0.8756601,0.1214105,0.02765566,0.8324989,0.1558043,-0.1656901,0.8843429,0.1005686,0.636225,0.9368346
72057594037941341,0,1.918396,9889.354,0.09387998,0.236063,0.931311,0.07851583,0.7948155,0.940329,0.004502841,0.5950127,1.004912,-0.0166203,0.4122707,0.9709123,-0.06584764,0.349293,0.836832,-0.08045617,0.3323594,0.8626329,0.19937,0.5788466,0.8721675,0.2495583,0.4295473,0.8593574,0.0660351,0.4513741,0.7982348,0.03846641,0.4489681,0.803233,0.04293928,0.2355146,0.9321645,0.0618761,0.03757146,0.9060488,0.08404846,-0.1807702,0.9309512,0.1397772,0.2443247,0.8756601,0.1214105,0.02765566,0.8324989,0.1558043,-0.1656901,0.8843429,0.1005686,0.636225,0.9368346
72057594037941341,0,1.918396,9889.357,0.09387998,0.236063,0.931311,0.07851583,0.7948155,0.940329,0.004502841,0.5950127,1.004912,-0.0166203,0.4122707,0.9709123,-0.06584764,0.349293,0.836832,-0.08045617,0.3323594,0.8626329,0.19937,0.5788466,0.8721675,0.2495583,0.4295473,0.8593574,0.0660351,0.4513741,0.7982348,0.03846641,0.4489681,0.803233,0.04293928,0.2355146,0.9321645,0.0618761,0.03757146,0.9060488,0.08404846,-0.1807702,0.9309512,0.1397772,0.2443247,0.8756601,0.1214105,0.02765566,0.8324989,0.1558043,-0.1656901,0.8843429,0.1005686,0.636225,0.9368346
72057594037941341,0,1.918396,9889.361,0.09387998,0.236063,0.931311,0.07851583,0.7948155,0.940329,0.004502841,0.5950127,1.004912,-0.0166203,0.4122707,0.9709123,-0.06584764,0.349293,0.836832,-0.08045617,0.3323594,0.8626329,0.19937,0.5788466,0.8721675,0.2495583,0.4295473,0.8593574,0.0660351,0.4513741,0.7982348,0.03846641,0.4489681,0.803233,0.04293928,0.2355146,0.9321645,0.0618761,0.03757146,0.9060488,0.08404846,-0.1807702,0.9309512,0.1397772,0.2443247,0.8756601,0.1214105,0.02765566,0.8324989,0.1558043,-0.1656901,0.8843429,0.1005686,0.636225,0.9368346
72057594037941341,0,1.918396,9889.366,0.09387998,0.236063,0.931311,0.07851583,0.7948155,0.940329,0.004502841,0.5950127,1.004912,-0.0166203,0.4122707,0.9709123,-0.06584764,0.349293,0.836832,-0.08045617,0.3323594,0.8626329,0.19937,0.5788466,0.8721675,0.2495583,0.4295473,0.8593574,0.0660351,0.4513741,0.7982348,0.03846641,0.4489681,0.803233,0.04293928,0.2355146,0.9321645,0.0618761,0.03757146,0.9060488,0.08404846,-0.1807702,0.9309512,0.1397772,0.2443247,0.8756601,0.1214105,0.02765566,0.8324989,0.1558043,-0.1656901,0.8843429,0.1005686,0.636225,0.9368346
72057594037941341,0,1.9223,9889.371,0.08195901,0.2387142,0.9255258,0.06461163,0.7939754,0.9330705,-0.01776822,0.5963889,0.9991506,-0.03125186,0.4137207,0.9617705,-0.1015864,0.3360638,0.8471394,-0.09854189,0.3285408,0.8538874,0.1751896,0.5834197,0.8648962,0.2389959,0.4305744,0.856828,0.0604926,0.4495184,0.790459,0.03283102,0.4462708,0.7940072,0.03298619,0.2375507,0.9273473,0.05880984,0.03747073,0.9039263,0.07004263,-0.1839533,0.9280283,0.1265894,0.2474949,0.8689033,0.08841074,0.04834911,0.8186212,0.1144837,-0.1538824,0.8635753,0.08910537,0.6367564,0.9311638
72057594037941341,0,1.9223,9889.375,0.08195901,0.2387142,0.9255258,0.06461163,0.7939754,0.9330705,-0.01776822,0.5963889,0.9991506,-0.03125186,0.4137207,0.9617705,-0.1015864,0.3360638,0.8471394,-0.09854189,0.3285408,0.8538874,0.1751896,0.5834197,0.8648962,0.2389959,0.4305744,0.856828,0.0604926,0.4495184,0.790459,0.03283102,0.4462708,0.7940072,0.03298619,0.2375507,0.9273473,0.05880984,0.03747073,0.9039263,0.07004263,-0.1839533,0.9280283,0.1265894,0.2474949,0.8689033,0.08841074,0.04834911,0.8186212,0.1144837,-0.1538824,0.8635753,0.08910537,0.6367564,0.9311638
72057594037941341,0,1.9223,9889.379,0.08195901,0.2387142,0.9255258,0.06461163,0.7939754,0.9330705,-0.01776822,0.5963889,0.9991506,-0.03125186,0.4137207,0.9617705,-0.1015864,0.3360638,0.8471394,-0.09854189,0.3285408,0.8538874,0.1751896,0.5834197,0.8648962,0.2389959,0.4305744,0.856828,0.0604926,0.4495184,0.790459,0.03283102,0.4462708,0.7940072,0.03298619,0.2375507,0.9273473,0.05880984,0.03747073,0.9039263,0.07004263,-0.1839533,0.9280283,0.1265894,0.2474949,0.8689033,0.08841074,0.04834911,0.8186212,0.1144837,-0.1538824,0.8635753,0.08910537,0.6367564,0.9311638
72057594037941341,0,1.9223,9889.383,0.08195901,0.2387142,0.9255258,0.06461163,0.7939754,0.9330705,-0.01776822,0.5963889,0.9991506,-0.03125186,0.4137207,0.9617705,-0.1015864,0.3360638,0.8471394,-0.09854189,0.3285408,0.8538874,0.1751896,0.5834197,0.8648962,0.2389959,0.4305744,0.856828,0.0604926,0.4495184,0.790459,0.03283102,0.4462708,0.7940072,0.03298619,0.2375507,0.9273473,0.05880984,0.03747073,0.9039263,0.07004263,-0.1839533,0.9280283,0.1265894,0.2474949,0.8689033,0.08841074,0.04834911,0.8186212,0.1144837,-0.1538824,0.8635753,0.08910537,0.6367564,0.9311638
72057594037941341,0,1.9223,9889.387,0.08195901,0.2387142,0.9255258,0.06461163,0.7939754,0.9330705,-0.01776822,0.5963889,0.9991506,-0.03125186,0.4137207,0.9617705,-0.1015864,0.3360638,0.8471394,-0.09854189,0.3285408,0.8538874,0.1751896,0.5834197,0.8648962,0.2389959,0.4305744,0.856828,0.0604926,0.4495184,0.790459,0.03283102,0.4462708,0.7940072,0.03298619,0.2375507,0.9273473,0.05880984,0.03747073,0.9039263,0.07004263,-0.1839533,0.9280283,0.1265894,0.2474949,0.8689033,0.08841074,0.04834911,0.8186212,0.1144837,-0.1538824,0.8635753,0.08910537,0.6367564,0.9311638
72057594037941341,0,1.9223,9889.391,0.08195901,0.2387142,0.9255258,0.06461163,0.7939754,0.9330705,-0.01776822,0.5963889,0.9991506,-0.03125186,0.4137207,0.9617705,-0.1015864,0.3360638,0.8471394,-0.09854189,0.3285408,0.8538874,0.1751896,0.5834197,0.8648962,0.2389959,0.4305744,0.856828,0.0604926,0.4495184,0.790459,0.03283102,0.4462708,0.7940072,0.03298619,0.2375507,0.9273473,0.05880984,0.03747073,0.9039263,0.07004263,-0.1839533,0.9280283,0.1265894,0.2474949,0.8689033,0.08841074,0.04834911,0.8186212,0.1144837,-0.1538824,0.8635753,0.08910537,0.6367564,0.9311638
72057594037941341,0,1.9223,9889.395,0.08195901,0.2387142,0.9255258,0.06461163,0.7939754,0.9330705,-0.01776822,0.5963889,0.9991506,-0.03125186,0.4137207,0.9617705,-0.1015864,0.3360638,0.8471394,-0.09854189,0.3285408,0.8538874,0.1751896,0.5834197,0.8648962,0.2389959,0.4305744,0.856828,0.0604926,0.4495184,0.790459,0.03283102,0.4462708,0.7940072,0.03298619,0.2375507,0.9273473,0.05880984,0.03747073,0.9039263,0.07004263,-0.1839533,0.9280283,0.1265894,0.2474949,0.8689033,0.08841074,0.04834911,0.8186212,0.1144837,-0.1538824,0.8635753,0.08910537,0.6367564,0.9311638
72057594037941341,0,1.9223,9889.398,0.08195901,0.2387142,0.9255258,0.06461163,0.7939754,0.9330705,-0.01776822,0.5963889,0.9991506,-0.03125186,0.4137207,0.9617705,-0.1015864,0.3360638,0.8471394,-0.09854189,0.3285408,0.8538874,0.1751896,0.5834197,0.8648962,0.2389959,0.4305744,0.856828,0.0604926,0.4495184,0.790459,0.03283102,0.4462708,0.7940072,0.03298619,0.2375507,0.9273473,0.05880984,0.03747073,0.9039263,0.07004263,-0.1839533,0.9280283,0.1265894,0.2474949,0.8689033,0.08841074,0.04834911,0.8186212,0.1144837,-0.1538824,0.8635753,0.08910537,0.6367564,0.9311638
72057594037941341,0,1.925919,9889.403,0.07190997,0.2401029,0.9206707,0.05245782,0.7938442,0.9254752,-0.03040003,0.5924687,0.9961457,-0.04139865,0.4100192,0.9526151,-0.1047101,0.3456606,0.8260365,-0.09607475,0.3289264,0.8482502,0.1673255,0.5842054,0.8618418,0.2293371,0.4302614,0.8546759,0.05386382,0.4474128,0.7843185,0.02576906,0.4432379,0.7866157,0.02263569,0.2386108,0.9221044,0.05158285,0.03654593,0.8996359,0.05280003,-0.1851903,0.9159663,0.1174638,0.2491084,0.8645173,0.08349684,0.04672745,0.8162467,0.1125363,-0.1892767,0.8099769,0.07879469,0.6374961,0.925441
72057594037941341,0,1.925919,9889.406,0.07190997,0.2401029,0.9206707,0.05245782,0.7938442,0.9254752,-0.03040003,0.5924687,0.9961457,-0.04139865,0.4100192,0.9526151,-0.1047101,0.3456606,0.8260365,-0.09607475,0.3289264,0.8482502,0.1673255,0.5842054,0.8618418,0.2293371,0.4302614,0.8546759,0.05386382,0.4474128,0.7843185,0.02576906,0.4432379,0.7866157,0.02263569,0.2386108,0.9221044,0.05158285,0.03654593,0.8996359,0.05280003,-0.1851903,0.9159663,0.1174638,0.2491084,0.8645173,0.08349684,0.04672745,0.8162467,0.1125363,-0.1892767,0.8099769,0.07879469,0.6374961,0.925441
72057594037941341,0,1.925919,9889.411,0.07190997,0.2401029,0.9206707,0.05245782,0.7938442,0.9254752,-0.03040003,0.5924687,0.9961457,-0.04139865,0.4100192,0.9526151,-0.1047101,0.3456606,0.8260365,-0.09607475,0.3289264,0.8482502,0.1673255,0.5842054,0.8618418,0.2293371,0.4302614,0.8546759,0.05386382,0.4474128,0.7843185,0.02576906,0.4432379,0.7866157,0.02263569,0.2386108,0.9221044,0.05158285,0.03654593,0.8996359,0.05280003,-0.1851903,0.9159663,0.1174638,0.2491084,0.8645173,0.08349684,0.04672745,0.8162467,0.1125363,-0.1892767,0.8099769,0.07879469,0.6374961,0.925441
72057594037941341,0,1.925919,9889.416,0.07190997,0.2401029,0.9206707,0.05245782,0.7938442,0.9254752,-0.03040003,0.5924687,0.9961457,-0.04139865,0.4100192,0.9526151,-0.1047101,0.3456606,0.8260365,-0.09607475,0.3289264,0.8482502,0.1673255,0.5842054,0.8618418,0.2293371,0.4302614,0.8546759,0.05386382,0.4474128,0.7843185,0.02576906,0.4432379,0.7866157,0.02263569,0.2386108,0.9221044,0.05158285,0.03654593,0.8996359,0.05280003,-0.1851903,0.9159663,0.1174638,0.2491084,0.8645173,0.08349684,0.04672745,0.8162467,0.1125363,-0.1892767,0.8099769,0.07879469,0.6374961,0.925441
72057594037941341,0,1.925919,9889.421,0.07190997,0.2401029,0.9206707,0.05245782,0.7938442,0.9254752,-0.03040003,0.5924687,0.9961457,-0.04139865,0.4100192,0.9526151,-0.1047101,0.3456606,0.8260365,-0.09607475,0.3289264,0.8482502,0.1673255,0.5842054,0.8618418,0.2293371,0.4302614,0.8546759,0.05386382,0.4474128,0.7843185,0.02576906,0.4432379,0.7866157,0.02263569,0.2386108,0.9221044,0.05158285,0.03654593,0.8996359,0.05280003,-0.1851903,0.9159663,0.1174638,0.2491084,0.8645173,0.08349684,0.04672745,0.8162467,0.1125363,-0.1892767,0.8099769,0.07879469,0.6374961,0.925441
72057594037941341,0,1.925919,9889.425,0.07190997,0.2401029,0.9206707,0.05245782,0.7938442,0.9254752,-0.03040003,0.5924687,0.9961457,-0.04139865,0.4100192,0.9526151,-0.1047101,0.3456606,0.8260365,-0.09607475,0.3289264,0.8482502,0.1673255,0.5842054,0.8618418,0.2293371,0.4302614,0.8546759,0.05386382,0.4474128,0.7843185,0.02576906,0.4432379,0.7866157,0.02263569,0.2386108,0.9221044,0.05158285,0.03654593,0.8996359,0.05280003,-0.1851903,0.9159663,0.1174638,0.2491084,0.8645173,0.08349684,0.04672745,0.8162467,0.1125363,-0.1892767,0.8099769,0.07879469,0.6374961,0.925441
72057594037941341,0,1.925919,9889.43,0.07190997,0.2401029,0.9206707,0.05245782,0.7938442,0.9254752,-0.03040003,0.5924687,0.9961457,-0.04139865,0.4100192,0.9526151,-0.1047101,0.3456606,0.8260365,-0.09607475,0.3289264,0.8482502,0.1673255,0.5842054,0.8618418,0.2293371,0.4302614,0.8546759,0.05386382,0.4474128,0.7843185,0.02576906,0.4432379,0.7866157,0.02263569,0.2386108,0.9221044,0.05158285,0.03654593,0.8996359,0.05280003,-0.1851903,0.9159663,0.1174638,0.2491084,0.8645173,0.08349684,0.04672745,0.8162467,0.1125363,-0.1892767,0.8099769,0.07879469,0.6374961,0.925441
72057594037941341,0,1.925919,9889.434,0.07190997,0.2401029,0.9206707,0.05245782,0.7938442,0.9254752,-0.03040003,0.5924687,0.9961457,-0.04139865,0.4100192,0.9526151,-0.1047101,0.3456606,0.8260365,-0.09607475,0.3289264,0.8482502,0.1673255,0.5842054,0.8618418,0.2293371,0.4302614,0.8546759,0.05386382,0.4474128,0.7843185,0.02576906,0.4432379,0.7866157,0.02263569,0.2386108,0.9221044,0.05158285,0.03654593,0.8996359,0.05280003,-0.1851903,0.9159663,0.1174638,0.2491084,0.8645173,0.08349684,0.04672745,0.8162467,0.1125363,-0.1892767,0.8099769,0.07879469,0.6374961,0.925441
72057594037941341,0,1.929376,9889.438,0.0627917,0.2414344,0.9161106,0.04148815,0.7931461,0.9185332,-0.03007437,0.5924085,0.9960852,-0.04866485,0.4104189,0.9480106,-0.1042609,0.3414582,0.8204826,-0.1029601,0.3252883,0.8394352,0.1684555,0.5836365,0.8617226,0.2215739,0.4316024,0.852191,0.04767076,0.4443742,0.7788574,0.01867478,0.4399241,0.7819875,0.01342754,0.2402763,0.917159,0.04422037,0.03626013,0.8952897,0.0475539,-0.1993449,0.9123358,0.1089369,0.2500697,0.8603991,0.07693531,0.0451822,0.8131263,0.0781077,-0.1917904,0.781417,0.06928568,0.6378717,0.919885
72057594037941341,0,1.929376,9889.441,0.0627917,0.2414344,0.9161106,0.04148815,0.7931461,0.9185332,-0.03007437,0.5924085,0.9960852,-0.04866485,0.4104189,0.9480106,-0.1042609,0.3414582,0.8204826,-0.1029601,0.3252883,0.8394352,0.1684555,0.5836365,0.8617226,0.2215739,0.4316024,0.852191,0.04767076,0.4443742,0.7788574,0.01867478,0.4399241,0.7819875,0.01342754,0.2402763,0.917159,0.04422037,0.03626013,0.8952897,0.0475539,-0.1993449,0.9123358,0.1089369,0.2500697,0.8603991,0.07693531,0.0451822,0.8131263,0.0781077,-0.1917904,0.781417,0.06928568,0.6378717,0.919885
72057594037941341,0,1.929376,9889.445,0.0627917,0.2414344,0.9161106,0.04148815,0.7931461,0.9185332,-0.03007437,0.5924085,0.9960852,-0.04866485,0.4104189,0.9480106,-0.1042609,0.3414582,0.8204826,-0.1029601,0.3252883,0.8394352,0.1684555,0.5836365,0.8617226,0.2215739,0.4316024,0.852191,0.04767076,0.4443742,0.7788574,0.01867478,0.4399241,0.7819875,0.01342754,0.2402763,0.917159,0.04422037,0.03626013,0.8952897,0.0475539,-0.1993449,0.9123358,0.1089369,0.2500697,0.8603991,0.07693531,0.0451822,0.8131263,0.0781077,-0.1917904,0.781417,0.06928568,0.6378717,0.919885
72057594037941341,0,1.929376,9889.45,0.0627917,0.2414344,0.9161106,0.04148815,0.7931461,0.9185332,-0.03007437,0.5924085,0.9960852,-0.04866485,0.4104189,0.9480106,-0.1042609,0.3414582,0.8204826,-0.1029601,0.3252883,0.8394352,0.1684555,0.5836365,0.8617226,0.2215739,0.4316024,0.852191,0.04767076,0.4443742,0.7788574,0.01867478,0.4399241,0.7819875,0.01342754,0.2402763,0.917159,0.04422037,0.03626013,0.8952897,0.0475539,-0.1993449,0.9123358,0.1089369,0.2500697,0.8603991,0.07693531,0.0451822,0.8131263,0.0781077,-0.1917904,0.781417,0.06928568,0.6378717,0.919885
72057594037941341,0,1.929376,9889.454,0.0627917,0.2414344,0.9161106,0.04148815,0.7931461,0.9185332,-0.03007437,0.5924085,0.9960852,-0.04866485,0.4104189,0.9480106,-0.1042609,0.3414582,0.8204826,-0.1029601,0.3252883,0.8394352,0.1684555,0.5836365,0.8617226,0.2215739,0.4316024,0.852191,0.04767076,0.4443742,0.7788574,0.01867478,0.4399241,0.7819875,0.01342754,0.2402763,0.917159,0.04422037,0.03626013,0.8952897,0.0475539,-0.1993449,0.9123358,0.1089369,0.2500697,0.8603991,0.07693531,0.0451822,0.8131263,0.0781077,-0.1917904,0.781417,0.06928568,0.6378717,0.919885
72057594037941341,0,1.929376,9889.458,0.0627917,0.2414344,0.9161106,0.04148815,0.7931461,0.9185332,-0.03007437,0.5924085,0.9960852,-0.04866485,0.4104189,0.9480106,-0.1042609,0.3414582,0.8204826,-0.1029601,0.3252883,0.8394352,0.1684555,0.5836365,0.8617226,0.2215739,0.4316024,0.852191,0.04767076,0.4443742,0.7788574,0.01867478,0.4399241,0.7819875,0.01342754,0.2402763,0.917159,0.04422037,0.03626013,0.8952897,0.0475539,-0.1993449,0.9123358,0.1089369,0.2500697,0.8603991,0.07693531,0.0451822,0.8131263,0.0781077,-0.1917904,0.781417,0.06928568,0.6378717,0.919885
72057594037941341,0,1.929376,9889.462,0.0627917,0.2414344,0.9161106,0.04148815,0.7931461,0.9185332,-0.03007437,0.5924085,0.9960852,-0.04866485,0.4104189,0.9480106,-0.1042609,0.3414582,0.8204826,-0.1029601,0.3252883,0.8394352,0.1684555,0.5836365,0.8617226,0.2215739,0.4316024,0.852191,0.04767076,0.4443742,0.7788574,0.01867478,0.4399241,0.7819875,0.01342754,0.2402763,0.917159,0.04422037,0.03626013,0.8952897,0.0475539,-0.1993449,0.9123358,0.1089369,0.2500697,0.8603991,0.07693531,0.0451822,0.8131263,0.0781077,-0.1917904,0.781417,0.06928568,0.6378717,0.919885
72057594037941341,0,1.929376,9889.467,0.0627917,0.2414344,0.9161106,0.04148815,0.7931461,0.9185332,-0.03007437,0.5924085,0.9960852,-0.04866485,0.4104189,0.9480106,-0.1042609,0.3414582,0.8204826,-0.1029601,0.3252883,0.8394352,0.1684555,0.5836365,0.8617226,0.2215739,0.4316024,0.852191,0.04767076,0.4443742,0.7788574,0.01867478,0.4399241,0.7819875,0.01342754,0.2402763,0.917159,0.04422037,0.03626013,0.8952897,0.0475539,-0.1993449,0.9123358,0.1089369,0.2500697,0.8603991,0.07693531,0.0451822,0.8131263,0.0781077,-0.1917904,0.781417,0.06928568,0.6378717,0.919885
72057594037941341,0,1.933934,9889.471,0.05532836,0.2415158,0.9109367,0.03246546,0.792348,0.9113582,-0.05279407,0.5890257,0.9873189,-0.06153642,0.4104172,0.9375263,-0.1043093,0.3326876,0.8103248,-0.1085452,0.3209561,0.8287818,0.1493915,0.584671,0.8508838,0.2130121,0.4319386,0.8482988,0.04214767,0.4411867,0.7743098,0.02826907,0.4513077,0.7789628,0.006817529,0.240059,0.9124675,0.03711756,0.03394613,0.8885497,0.0405774,-0.2021042,0.9054404,0.1009958,0.2504948,0.8548085,0.07226358,0.04296419,0.8152869,0.08115442,-0.192852,0.8330458,0.06020111,0.6377233,0.9130012
72057594037941341,0,1.933934,9889.474,0.05532836,0.2415158,0.9109367,0.03246546,0.792348,0.9113582,-0.05279407,0.5890257,0.9873189,-0.06153642,0.4104172,0.9375263,-0.1043093,0.3326876,0.8103248,-0.1085452,0.3209561,0.8287818,0.1493915,0.584671,0.8508838,0.2130121,0.4319386,0.8482988,0.04214767,0.4411867,0.7743098,0.02826907,0.4513077,0.7789628,0.006817529,0.240059,0.9124675,0.03711756,0.03394613,0.8885497,0.0405774,-0.2021042,0.9054404,0.1009958,0.2504948,0.8548085,0.07226358,0.04296419,0.8152869,0.08115442,-0.192852,0.8330458,0.06020111,0.6377233,0.9130012
72057594037941341,0,1.933934,9889.477,0.05532836,0.2415158,0.9109367,0.03246546,0.792348,0.9113582,-0.05279407,0.5890257,0.9873189,-0.06153642,0.4104172,0.9375263,-0.1043093,0.3326876,0.8103248,-0.1085452,0.3209561,0.8287818,0.1493915,0.584671,0.8508838,0.2130121,0.4319386,0.8482988,0.04214767,0.4411867,0.7743098,0.02826907,0.4513077,0.7789628,0.006817529,0.240059,0.9124675,0.03711756,0.03394613,0.8885497,0.0405774,-0.2021042,0.9054404,0.1009958,0.2504948,0.8548085,0.07226358,0.04296419,0.8152869,0.08115442,-0.192852,0.8330458,0.06020111,0.6377233,0.9130012
72057594037941341,0,1.933934,9889.479,0.05532836,0.2415158,0.9109367,0.03246546,0.792348,0.9113582,-0.05279407,0.5890257,0.9873189,-0.06153642,0.4104172,0.9375263,-0.1043093,0.3326876,0.8103248,-0.1085452,0.3209561,0.8287818,0.1493915,0.584671,0.8508838,0.2130121,0.4319386,0.8482988,0.04214767,0.4411867,0.7743098,0.02826907,0.4513077,0.7789628,0.006817529,0.240059,0.9124675,0.03711756,0.03394613,0.8885497,0.0405774,-0.2021042,0.9054404,0.1009958,0.2504948,0.8548085,0.07226358,0.04296419,0.8152869,0.08115442,-0.192852,0.8330458,0.06020111,0.6377233,0.9130012
72057594037941341,0,1.933934,9889.481,0.05532836,0.2415158,0.9109367,0.03246546,0.792348,0.9113582,-0.05279407,0.5890257,0.9873189,-0.06153642,0.4104172,0.9375263,-0.1043093,0.3326876,0.8103248,-0.1085452,0.3209561,0.8287818,0.1493915,0.584671,0.8508838,0.2130121,0.4319386,0.8482988,0.04214767,0.4411867,0.7743098,0.02826907,0.4513077,0.7789628,0.006817529,0.240059,0.9124675,0.03711756,0.03394613,0.8885497,0.0405774,-0.2021042,0.9054404,0.1009958,0.2504948,0.8548085,0.07226358,0.04296419,0.8152869,0.08115442,-0.192852,0.8330458,0.06020111,0.6377233,0.9130012
72057594037941341,0,1.933934,9889.483,0.05532836,0.2415158,0.9109367,0.03246546,0.792348,0.9113582,-0.05279407,0.5890257,0.9873189,-0.06153642,0.4104172,0.9375263,-0.1043093,0.3326876,0.8103248,-0.1085452,0.3209561,0.8287818,0.1493915,0.584671,0.8508838,0.2130121,0.4319386,0.8482988,0.04214767,0.4411867,0.7743098,0.02826907,0.4513077,0.7789628,0.006817529,0.240059,0.9124675,0.03711756,0.03394613,0.8885497,0.0405774,-0.2021042,0.9054404,0.1009958,0.2504948,0.8548085,0.07226358,0.04296419,0.8152869,0.08115442,-0.192852,0.8330458,0.06020111,0.6377233,0.9130012
72057594037941341,0,1.933934,9889.486,0.05532836,0.2415158,0.9109367,0.03246546,0.792348,0.9113582,-0.05279407,0.5890257,0.9873189,-0.06153642,0.4104172,0.9375263,-0.1043093,0.3326876,0.8103248,-0.1085452,0.3209561,0.8287818,0.1493915,0.584671,0.8508838,0.2130121,0.4319386,0.8482988,0.04214767,0.4411867,0.7743098,0.02826907,0.4513077,0.7789628,0.006817529,0.240059,0.9124675,0.03711756,0.03394613,0.8885497,0.0405774,-0.2021042,0.9054404,0.1009958,0.2504948,0.8548085,0.07226358,0.04296419,0.8152869,0.08115442,-0.192852,0.8330458,0.06020111,0.6377233,0.9130012
72057594037941341,0,1.933934,9889.489,0.05532836,0.2415158,0.9109367,0.03246546,0.792348,0.9113582,-0.05279407,0.5890257,0.9873189,-0.06153642,0.4104172,0.9375263,-0.1043093,0.3326876,0.8103248,-0.1085452,0.3209561,0.8287818,0.1493915,0.584671,0.8508838,0.2130121,0.4319386,0.8482988,0.04214767,0.4411867,0.7743098,0.02826907,0.4513077,0.7789628,0.006817529,0.240059,0.9124675,0.03711756,0.03394613,0.8885497,0.0405774,-0.2021042,0.9054404,0.1009958,0.2504948,0.8548085,0.07226358,0.04296419,0.8152869,0.08115442,-0.192852,0.8330458,0.06020111,0.6377233,0.9130012
72057594037941341,0,1.933934,9889.491,0.05532836,0.2415158,0.9109367,0.03246546,0.792348,0.9113582,-0.05279407,0.5890257,0.9873189,-0.06153642,0.4104172,0.9375263,-0.1043093,0.3326876,0.8103248,-0.1085452,0.3209561,0.8287818,0.1493915,0.584671,0.8508838,0.2130121,0.4319386,0.8482988,0.04214767,0.4411867,0.7743098,0.02826907,0.4513077,0.7789628,0.006817529,0.240059,0.9124675,0.03711756,0.03394613,0.8885497,0.0405774,-0.2021042,0.9054404,0.1009958,0.2504948,0.8548085,0.07226358,0.04296419,0.8152869,0.08115442,-0.192852,0.8330458,0.06020111,0.6377233,0.9130012
72057594037941341,0,1.933934,9889.494,0.05532836,0.2415158,0.9109367,0.03246546,0.792348,0.9113582,-0.05279407,0.5890257,0.9873189,-0.06153642,0.4104172,0.9375263,-0.1043093,0.3326876,0.8103248,-0.1085452,0.3209561,0.8287818,0.1493915,0.584671,0.8508838,0.2130121,0.4319386,0.8482988,0.04214767,0.4411867,0.7743098,0.02826907,0.4513077,0.7789628,0.006817529,0.240059,0.9124675,0.03711756,0.03394613,0.8885497,0.0405774,-0.2021042,0.9054404,0.1009958,0.2504948,0.8548085,0.07226358,0.04296419,0.8152869,0.08115442,-0.192852,0.8330458,0.06020111,0.6377233,0.9130012
72057594037941341,0,1.933934,9889.497,0.05532836,0.2415158,0.9109367,0.03246546,0.792348,0.9113582,-0.05279407,0.5890257,0.9873189,-0.06153642,0.4104172,0.9375263,-0.1043093,0.3326876,0.8103248,-0.1085452,0.3209561,0.8287818,0.1493915,0.584671,0.8508838,0.2130121,0.4319386,0.8482988,0.04214767,0.4411867,0.7743098,0.02826907,0.4513077,0.7789628,0.006817529,0.240059,0.9124675,0.03711756,0.03394613,0.8885497,0.0405774,-0.2021042,0.9054404,0.1009958,0.2504948,0.8548085,0.07226358,0.04296419,0.8152869,0.08115442,-0.192852,0.8330458,0.06020111,0.6377233,0.9130012
72057594037941341,0,1.933934,9889.5,0.05532836,0.2415158,0.9109367,0.03246546,0.792348,0.9113582,-0.05279407,0.5890257,0.9873189,-0.06153642,0.4104172,0.9375263,-0.1043093,0.3326876,0.8103248,-0.1085452,0.3209561,0.8287818,0.1493915,0.584671,0.8508838,0.2130121,0.4319386,0.8482988,0.04214767,0.4411867,0.7743098,0.02826907,0.4513077,0.7789628,0.006817529,0.240059,0.9124675,0.03711756,0.03394613,0.8885497,0.0405774,-0.2021042,0.9054404,0.1009958,0.2504948,0.8548085,0.07226358,0.04296419,0.8152869,0.08115442,-0.192852,0.8330458,0.06020111,0.6377233,0.9130012
72057594037941341,0,1.939166,9889.503,0.04990243,0.2408347,0.905422,0.02309133,0.7907404,0.903731,-0.06061763,0.5892278,0.9840753,-0.06957609,0.4100923,0.9305377,-0.1083156,0.3295283,0.8040885,-0.1122004,0.3182763,0.8229848,0.1406366,0.5830657,0.8443397,0.2055088,0.4345703,0.8433486,0.03475904,0.4368865,0.7699849,0.01575089,0.4474039,0.7739263,0.001567996,0.239509,0.9063649,0.03299637,0.03179619,0.8818005,0.1075083,-0.1908545,0.9133801,0.0956945,0.249738,0.849947,0.06938735,0.04019412,0.8163147,0.07940707,-0.1932436,0.8528771,0.05164767,0.6366596,0.9067279
72057594037941341,0,1.939166,9889.506,0.04990243,0.2408347,0.905422,0.02309133,0.7907404,0.903731,-0.06061763,0.5892278,0.9840753,-0.06957609,0.4100923,0.9305377,-0.1083156,0.3295283,0.8040885,-0.1122004,0.3182763,0.8229848,0.1406366,0.5830657,0.8443397,0.2055088,0.4345703,0.8433486,0.03475904,0.4368865,0.7699849,0.01575089,0.4474039,0.7739263,0.001567996,0.239509,0.9063649,0.03299637,0.03179619,0.8818005,0.1075083,-0.1908545,0.9133801,0.0956945,0.249738,0.849947,0.06938735,0.04019412,0.8163147,0.07940707,-0.1932436,0.8528771,0.05164767,0.6366596,0.9067279
72057594037941341,0,1.939166,9889.508,0.04990243,0.2408347,0.905422,0.02309133,0.7907404,0.903731,-0.06061763,0.5892278,0.9840753,-0.06957609,0.4100923,0.9305377,-0.1083156,0.3295283,0.8040885,-0.1122004,0.3182763,0.8229848,0.1406366,0.5830657,0.8443397,0.2055088,0.4345703,0.8433486,0.03475904,0.4368865,0.7699849,0.01575089,0.4474039,0.7739263,0.001567996,0.239509,0.9063649,0.03299637,0.03179619,0.8818005,0.1075083,-0.1908545,0.9133801,0.0956945,0.249738,0.849947,0.06938735,0.04019412,0.8163147,0.07940707,-0.1932436,0.8528771,0.05164767,0.6366596,0.9067279
72057594037941341,0,1.939166,9889.511,0.04990243,0.2408347,0.905422,0.02309133,0.7907404,0.903731,-0.06061763,0.5892278,0.9840753,-0.06957609,0.4100923,0.9305377,-0.1083156,0.3295283,0.8040885,-0.1122004,0.3182763,0.8229848,0.1406366,0.5830657,0.8443397,0.2055088,0.4345703,0.8433486,0.03475904,0.4368865,0.7699849,0.01575089,0.4474039,0.7739263,0.001567996,0.239509,0.9063649,0.03299637,0.03179619,0.8818005,0.1075083,-0.1908545,0.9133801,0.0956945,0.249738,0.849947,0.06938735,0.04019412,0.8163147,0.07940707,-0.1932436,0.8528771,0.05164767,0.6366596,0.9067279
72057594037941341,0,1.939166,9889.513,0.04990243,0.2408347,0.905422,0.02309133,0.7907404,0.903731,-0.06061763,0.5892278,0.9840753,-0.06957609,0.4100923,0.9305377,-0.1083156,0.3295283,0.8040885,-0.1122004,0.3182763,0.8229848,0.1406366,0.5830657,0.8443397,0.2055088,0.4345703,0.8433486,0.03475904,0.4368865,0.7699849,0.01575089,0.4474039,0.7739263,0.001567996,0.239509,0.9063649,0.03299637,0.03179619,0.8818005,0.1075083,-0.1908545,0.9133801,0.0956945,0.249738,0.849947,0.06938735,0.04019412,0.8163147,0.07940707,-0.1932436,0.8528771,0.05164767,0.6366596,0.9067279
72057594037941341,0,1.939166,9889.516,0.04990243,0.2408347,0.905422,0.02309133,0.7907404,0.903731,-0.06061763,0.5892278,0.9840753,-0.06957609,0.4100923,0.9305377,-0.1083156,0.3295283,0.8040885,-0.1122004,0.3182763,0.8229848,0.1406366,0.5830657,0.8443397,0.2055088,0.4345703,0.8433486,0.03475904,0.4368865,0.7699849,0.01575089,0.4474039,0.7739263,0.001567996,0.239509,0.9063649,0.03299637,0.03179619,0.8818005,0.1075083,-0.1908545,0.9133801,0.0956945,0.249738,0.849947,0.06938735,0.04019412,0.8163147,0.07940707,-0.1932436,0.8528771,0.05164767,0.6366596,0.9067279
72057594037941341,0,1.939166,9889.518,0.04990243,0.2408347,0.905422,0.02309133,0.7907404,0.903731,-0.06061763,0.5892278,0.9840753,-0.06957609,0.4100923,0.9305377,-0.1083156,0.3295283,0.8040885,-0.1122004,0.3182763,0.8229848,0.1406366,0.5830657,0.8443397,0.2055088,0.4345703,0.8433486,0.03475904,0.4368865,0.7699849,0.01575089,0.4474039,0.7739263,0.001567996,0.239509,0.9063649,0.03299637,0.03179619,0.8818005,0.1075083,-0.1908545,0.9133801,0.0956945,0.249738,0.849947,0.06938735,0.04019412,0.8163147,0.07940707,-0.1932436,0.8528771,0.05164767,0.6366596,0.9067279
72057594037941341,0,1.939166,9889.521,0.04990243,0.2408347,0.905422,0.02309133,0.7907404,0.903731,-0.06061763,0.5892278,0.9840753,-0.06957609,0.4100923,0.9305377,-0.1083156,0.3295283,0.8040885,-0.1122004,0.3182763,0.8229848,0.1406366,0.5830657,0.8443397,0.2055088,0.4345703,0.8433486,0.03475904,0.4368865,0.7699849,0.01575089,0.4474039,0.7739263,0.001567996,0.239509,0.9063649,0.03299637,0.03179619,0.8818005,0.1075083,-0.1908545,0.9133801,0.0956945,0.249738,0.849947,0.06938735,0.04019412,0.8163147,0.07940707,-0.1932436,0.8528771,0.05164767,0.6366596,0.9067279
72057594037941341,0,1.939166,9889.522,0.04990243,0.2408347,0.905422,0.02309133,0.7907404,0.903731,-0.06061763,0.5892278,0.9840753,-0.06957609,0.4100923,0.9305377,-0.1083156,0.3295283,0.8040885,-0.1122004,0.3182763,0.8229848,0.1406366,0.5830657,0.8443397,0.2055088,0.4345703,0.8433486,0.03475904,0.4368865,0.7699849,0.01575089,0.4474039,0.7739263,0.001567996,0.239509,0.9063649,0.03299637,0.03179619,0.8818005,0.1075083,-0.1908545,0.9133801,0.0956945,0.249738,0.849947,0.06938735,0.04019412,0.8163147,0.07940707,-0.1932436,0.8528771,0.05164767,0.6366596,0.9067279
72057594037941341,0,1.939166,9889.525,0.04990243,0.2408347,0.905422,0.02309133,0.7907404,0.903731,-0.06061763,0.5892278,0.9840753,-0.06957609,0.4100923,0.9305377,-0.1083156,0.3295283,0.8040885,-0.1122004,0.3182763,0.8229848,0.1406366,0.5830657,0.8443397,0.2055088,0.4345703,0.8433486,0.03475904,0.4368865,0.7699849,0.01575089,0.4474039,0.7739263,0.001567996,0.239509,0.9063649,0.03299637,0.03179619,0.8818005,0.1075083,-0.1908545,0.9133801,0.0956945,0.249738,0.849947,0.06938735,0.04019412,0.8163147,0.07940707,-0.1932436,0.8528771,0.05164767,0.6366596,0.9067279
72057594037941341,0,1.939166,9889.528,0.04990243,0.2408347,0.905422,0.02309133,0.7907404,0.903731,-0.06061763,0.5892278,0.9840753,-0.06957609,0.4100923,0.9305377,-0.1083156,0.3295283,0.8040885,-0.1122004,0.3182763,0.8229848,0.1406366,0.5830657,0.8443397,0.2055088,0.4345703,0.8433486,0.03475904,0.4368865,0.7699849,0.01575089,0.4474039,0.7739263,0.001567996,0.239509,0.9063649,0.03299637,0.03179619,0.8818005,0.1075083,-0.1908545,0.9133801,0.0956945,0.249738,0.849947,0.06938735,0.04019412,0.8163147,0.07940707,-0.1932436,0.8528771,0.05164767,0.6366596,0.9067279
72057594037941341,0,1.939166,9889.53,0.04990243,0.2408347,0.905422,0.02309133,0.7907404,0.903731,-0.06061763,0.5892278,0.9840753,-0.06957609,0.4100923,0.9305377,-0.1083156,0.3295283,0.8040885,-0.1122004,0.3182763,0.8229848,0.1406366,0.5830657,0.8443397,0.2055088,0.4345703,0.8433486,0.03475904,0.4368865,0.7699849,0.01575089,0.4474039,0.7739263,0.001567996,0.239509,0.9063649,0.03299637,0.03179619,0.8818005,0.1075083,-0.1908545,0.9133801,0.0956945,0.249738,0.849947,0.06938735,0.04019412,0.8163147,0.07940707,-0.1932436,0.8528771,0.05164767,0.6366596,0.9067279
72057594037941341,0,1.944558,9889.533,0.04427344,0.2396438,0.899927,0.01532356,0.7895581,0.8959366,-0.06791028,0.5886754,0.9782693,-0.08273705,0.3988584,0.8890588,-0.1286503,0.2885775,0.7914157,-0.1408466,0.2480966,0.7688107,0.1321106,0.5806776,0.8364635,0.1962592,0.4355541,0.8361946,0.02342336,0.4313454,0.765061,-0.00564757,0.4335189,0.7684426,-0.003688315,0.238667,0.9007246,0.02808915,0.02941242,0.8755925,0.1058269,-0.1918204,0.9127536,0.08999468,0.2482767,0.8447006,0.06414038,0.03759262,0.8230475,0.07580503,-0.1978161,0.8534645,0.04476699,0.6359417,0.8997436
72057594037941341,0,1.944558,9889.537,0.04427344,0.2396438,0.899927,0.01532356,0.7895581,0.8959366,-0.06791028,0.5886754,0.9782693,-0.08273705,0.3988584,0.8890588,-0.1286503,0.2885775,0.7914157,-0.1408466,0.2480966,0.7688107,0.1321106,0.5806776,0.8364635,0.1962592,0.4355541,0.8361946,0.02342336,0.4313454,0.765061,-0.00564757,0.4335189,0.7684426,-0.003688315,0.238667,0.9007246,0.02808915,0.02941242,0.8755925,0.1058269,-0.1918204,0.9127536,0.08999468,0.2482767,0.8447006,0.06414038,0.03759262,0.8230475,0.07580503,-0.1978161,0.8534645,0.04476699,0.6359417,0.8997436
72057594037941341,0,1.944558,9889.541,0.04427344,0.2396438,0.899927,0.01532356,0.7895581,0.8959366,-0.06791028,0.5886754,0.9782693,-0.08273705,0.3988584,0.8890588,-0.1286503,0.2885775,0.7914157,-0.1408466,0.2480966,0.7688107,0.1321106,0.5806776,0.8364635,0.1962592,0.4355541,0.8361946,0.02342336,0.4313454,0.765061,-0.00564757,0.4335189,0.7684426,-0.003688315,0.238667,0.9007246,0.02808915,0.02941242,0.8755925,0.1058269,-0.1918204,0.9127536,0.08999468,0.2482767,0.8447006,0.06414038,0.03759262,0.8230475,0.07580503,-0.1978161,0.8534645,0.04476699,0.6359417,0.8997436
72057594037941341,0,1.944558,9889.546,0.04427344,0.2396438,0.899927,0.01532356,0.7895581,0.8959366,-0.06791028,0.5886754,0.9782693,-0.08273705,0.3988584,0.8890588,-0.1286503,0.2885775,0.7914157,-0.1408466,0.2480966,0.7688107,0.1321106,0.5806776,0.8364635,0.1962592,0.4355541,0.8361946,0.02342336,0.4313454,0.765061,-0.00564757,0.4335189,0.7684426,-0.003688315,0.238667,0.9007246,0.02808915,0.02941242,0.8755925,0.1058269,-0.1918204,0.9127536,0.08999468,0.2482767,0.8447006,0.06414038,0.03759262,0.8230475,0.07580503,-0.1978161,0.8534645,0.04476699,0.6359417,0.8997436
72057594037941341,0,1.944558,9889.549,0.04427344,0.2396438,0.899927,0.01532356,0.7895581,0.8959366,-0.06791028,0.5886754,0.9782693,-0.08273705,0.3988584,0.8890588,-0.1286503,0.2885775,0.7914157,-0.1408466,0.2480966,0.7688107,0.1321106,0.5806776,0.8364635,0.1962592,0.4355541,0.8361946,0.02342336,0.4313454,0.765061,-0.00564757,0.4335189,0.7684426,-0.003688315,0.238667,0.9007246,0.02808915,0.02941242,0.8755925,0.1058269,-0.1918204,0.9127536,0.08999468,0.2482767,0.8447006,0.06414038,0.03759262,0.8230475,0.07580503,-0.1978161,0.8534645,0.04476699,0.6359417,0.8997436
72057594037941341,0,1.944558,9889.554,0.04427344,0.2396438,0.899927,0.01532356,0.7895581,0.8959366,-0.06791028,0.5886754,0.9782693,-0.08273705,0.3988584,0.8890588,-0.1286503,0.2885775,0.7914157,-0.1408466,0.2480966,0.7688107,0.1321106,0.5806776,0.8364635,0.1962592,0.4355541,0.8361946,0.02342336,0.4313454,0.765061,-0.00564757,0.4335189,0.7684426,-0.003688315,0.238667,0.9007246,0.02808915,0.02941242,0.8755925,0.1058269,-0.1918204,0.9127536,0.08999468,0.2482767,0.8447006,0.06414038,0.03759262,0.8230475,0.07580503,-0.1978161,0.8534645,0.04476699,0.6359417,0.8997436
72057594037941341,0,1.944558,9889.558,0.04427344,0.2396438,0.899927,0.01532356,0.7895581,0.8959366,-0.06791028,0.5886754,0.9782693,-0.08273705,0.3988584,0.8890588,-0.1286503,0.2885775,0.7914157,-0.1408466,0.2480966,0.7688107,0.1321106,0.5806776,0.8364635,0.1962592,0.4355541,0.8361946,0.02342336,0.4313454,0.765061,-0.00564757,0.4335189,0.7684426,-0.003688315,0.238667,0.9007246,0.02808915,0.02941242,0.8755925,0.1058269,-0.1918204,0.9127536,0.08999468,0.2482767,0.8447006,0.06414038,0.03759262,0.8230475,0.07580503,-0.1978161,0.8534645,0.04476699,0.6359417,0.8997436
72057594037941341,0,1.944558,9889.562,0.04427344,0.2396438,0.899927,0.01532356,0.7895581,0.8959366,-0.06791028,0.5886754,0.9782693,-0.08273705,0.3988584,0.8890588,-0.1286503,0.2885775,0.7914157,-0.1408466,0.2480966,0.7688107,0.1321106,0.5806776,0.8364635,0.1962592,0.4355541,0.8361946,0.02342336,0.4313454,0.765061,-0.00564757,0.4335189,0.7684426,-0.003688315,0.238667,0.9007246,0.02808915,0.02941242,0.8755925,0.1058269,-0.1918204,0.9127536,0.08999468,0.2482767,0.8447006,0.06414038,0.03759262,0.8230475,0.07580503,-0.1978161,0.8534645,0.04476699,0.6359417,0.8997436
72057594037941341,0,1.944558,9889.565,0.04427344,0.2396438,0.899927,0.01532356,0.7895581,0.8959366,-0.06791028,0.5886754,0.9782693,-0.08273705,0.3988584,0.8890588,-0.1286503,0.2885775,0.7914157,-0.1408466,0.2480966,0.7688107,0.1321106,0.5806776,0.8364635,0.1962592,0.4355541,0.8361946,0.02342336,0.4313454,0.765061,-0.00564757,0.4335189,0.7684426,-0.003688315,0.238667,0.9007246,0.02808915,0.02941242,0.8755925,0.1058269,-0.1918204,0.9127536,0.08999468,0.2482767,0.8447006,0.06414038,0.03759262,0.8230475,0.07580503,-0.1978161,0.8534645,0.04476699,0.6359417,0.8997436
72057594037941341,0,1.952245,9889.569,0.03596928,0.2381198,0.8920559,0.007429249,0.7883929,0.8875253,-0.07550281,0.5875551,0.9728115,-0.08430174,0.3956806,0.8866014,-0.1380243,0.2927846,0.7843767,-0.1512447,0.254513,0.7588059,0.1237174,0.5800414,0.8290532,0.18696,0.4363191,0.8273928,-0.006776153,0.4250446,0.7553934,-0.03756811,0.4179376,0.7669463,-0.01110699,0.2373067,0.892834,0.02067623,0.02659267,0.8666927,0.1017895,-0.1922086,0.911469,0.08122846,0.2467096,0.8369459,0.05926887,0.03529137,0.8261839,0.0629987,-0.2021931,0.8495567,0.03779971,0.6352929,0.8916225
72057594037941341,0,1.952245,9889.572,0.03596928,0.2381198,0.8920559,0.007429249,0.7883929,0.8875253,-0.07550281,0.5875551,0.9728115,-0.08430174,0.3956806,0.8866014,-0.1380243,0.2927846,0.7843767,-0.1512447,0.254513,0.7588059,0.1237174,0.5800414,0.8290532,0.18696,0.4363191,0.8273928,-0.006776153,0.4250446,0.7553934,-0.03756811,0.4179376,0.7669463,-0.01110699,0.2373067,0.892834,0.02067623,0.02659267,0.8666927,0.1017895,-0.1922086,0.911469,0.08122846,0.2467096,0.8369459,0.05926887,0.03529137,0.8261839,0.0629987,-0.2021931,0.8495567,0.03779971,0.6352929,0.8916225
72057594037941341,0,1.952245,9889.574,0.03596928,0.2381198,0.8920559,0.007429249,0.7883929,0.8875253,-0.07550281,0.5875551,0.9728115,-0.08430174,0.3956806,0.8866014,-0.1380243,0.2927846,0.7843767,-0.1512447,0.254513,0.7588059,0.1237174,0.5800414,0.8290532,0.18696,0.4363191,0.8273928,-0.006776153,0.4250446,0.7553934,-0.03756811,0.4179376,0.7669463,-0.01110699,0.2373067,0.892834,0.02067623,0.02659267,0.8666927,0.1017895,-0.1922086,0.911469,0.08122846,0.2467096,0.8369459,0.05926887,0.03529137,0.8261839,0.0629987,-0.2021931,0.8495567,0.03779971,0.6352929,0.8916225
72057594037941341,0,1.952245,9889.577,0.03596928,0.2381198,0.8920559,0.007429249,0.7883929,0.8875253,-0.07550281,0.5875551,0.9728115,-0.08430174,0.3956806,0.8866014,-0.1380243,0.2927846,0.7843767,-0.1512447,0.254513,0.7588059,0.1237174,0.5800414,0.8290532,0.18696,0.4363191,0.8273928,-0.006776153,0.4250446,0.7553934,-0.03756811,0.4179376,0.7669463,-0.01110699,0.2373067,0.892834,0.02067623,0.02659267,0.8666927,0.1017895,-0.1922086,0.911469,0.08122846,0.2467096,0.8369459,0.05926887,0.03529137,0.8261839,0.0629987,-0.2021931,0.8495567,0.03779971,0.6352929,0.8916225
72057594037941341,0,1.952245,9889.58,0.03596928,0.2381198,0.8920559,0.007429249,0.7883929,0.8875253,-0.07550281,0.5875551,0.9728115,-0.08430174,0.3956806,0.8866014,-0.1380243,0.2927846,0.7843767,-0.1512447,0.254513,0.7588059,0.1237174,0.5800414,0.8290532,0.18696,0.4363191,0.8273928,-0.006776153,0.4250446,0.7553934,-0.03756811,0.4179376,0.7669463,-0.01110699,0.2373067,0.892834,0.02067623,0.02659267,0.8666927,0.1017895,-0.1922086,0.911469,0.08122846,0.2467096,0.8369459,0.05926887,0.03529137,0.8261839,0.0629987,-0.2021931,0.8495567,0.03779971,0.6352929,0.8916225
72057594037941341,0,1.952245,9889.583,0.03596928,0.2381198,0.8920559,0.007429249,0.7883929,0.8875253,-0.07550281,0.5875551,0.9728115,-0.08430174,0.3956806,0.8866014,-0.1380243,0.2927846,0.7843767,-0.1512447,0.254513,0.7588059,0.1237174,0.5800414,0.8290532,0.18696,0.4363191,0.8273928,-0.006776153,0.4250446,0.7553934,-0.03756811,0.4179376,0.7669463,-0.01110699,0.2373067,0.892834,0.02067623,0.02659267,0.8666927,0.1017895,-0.1922086,0.911469,0.08122846,0.2467096,0.8369459,0.05926887,0.03529137,0.8261839,0.0629987,-0.2021931,0.8495567,0.03779971,0.6352929,0.8916225
72057594037941341,0,1.952245,9889.585,0.03596928,0.2381198,0.8920559,0.007429249,0.7883929,0.8875253,-0.07550281,0.5875551,0.9728115,-0.08430174,0.3956806,0.8866014,-0.1380243,0.2927846,0.7843767,-0.1512447,0.254513,0.7588059,0.1237174,0.5800414,0.8290532,0.18696,0.4363191,0.8273928,-0.006776153,0.4250446,0.7553934,-0.03756811,0.4179376,0.7669463,-0.01110699,0.2373067,0.892834,0.02067623,0.02659267,0.8666927,0.1017895,-0.1922086,0.911469,0.08122846,0.2467096,0.8369459,0.05926887,0.03529137,0.8261839,0.0629987,-0.2021931,0.8495567,0.03779971,0.6352929,0.8916225
72057594037941341,0,1.952245,9889.587,0.03596928,0.2381198,0.8920559,0.007429249,0.7883929,0.8875253,-0.07550281,0.5875551,0.9728115,-0.08430174,0.3956806,0.8866014,-0.1380243,0.2927846,0.7843767,-0.1512447,0.254513,0.7588059,0.1237174,0.5800414,0.8290532,0.18696,0.4363191,0.8273928,-0.006776153,0.4250446,0.7553934,-0.03756811,0.4179376,0.7669463,-0.01110699,0.2373067,0.892834,0.02067623,0.02659267,0.8666927,0.1017895,-0.1922086,0.911469,0.08122846,0.2467096,0.8369459,0.05926887,0.03529137,0.8261839,0.0629987,-0.2021931,0.8495567,0.03779971,0.6352929,0.8916225
72057594037941341,0,1.952245,9889.59,0.03596928,0.2381198,0.8920559,0.007429249,0.7883929,0.8875253,-0.07550281,0.5875551,0.9728115,-0.08430174,0.3956806,0.8866014,-0.1380243,0.2927846,0.7843767,-0.1512447,0.254513,0.7588059,0.1237174,0.5800414,0.8290532,0.18696,0.4363191,0.8273928,-0.006776153,0.4250446,0.7553934,-0.03756811,0.4179376,0.7669463,-0.01110699,0.2373067,0.892834,0.02067623,0.02659267,0.8666927,0.1017895,-0.1922086,0.911469,0.08122846,0.2467096,0.8369459,0.05926887,0.03529137,0.8261839,0.0629987,-0.2021931,0.8495567,0.03779971,0.6352929,0.8916225
72057594037941341,0,1.952245,9889.593,0.03596928,0.2381198,0.8920559,0.007429249,0.7883929,0.8875253,-0.07550281,0.5875551,0.9728115,-0.08430174,0.3956806,0.8866014,-0.1380243,0.2927846,0.7843767,-0.1512447,0.254513,0.7588059,0.1237174,0.5800414,0.8290532,0.18696,0.4363191,0.8273928,-0.006776153,0.4250446,0.7553934,-0.03756811,0.4179376,0.7669463,-0.01110699,0.2373067,0.892834,0.02067623,0.02659267,0.8666927,0.1017895,-0.1922086,0.911469,0.08122846,0.2467096,0.8369459,0.05926887,0.03529137,0.8261839,0.0629987,-0.2021931,0.8495567,0.03779971,0.6352929,0.8916225
72057594037941341,0,1.952245,9889.595,0.03596928,0.2381198,0.8920559,0.007429249,0.7883929,0.8875253,-0.07550281,0.5875551,0.9728115,-0.08430174,0.3956806,0.8866014,-0.1380243,0.2927846,0.7843767,-0.1512447,0.254513,0.7588059,0.1237174,0.5800414,0.8290532,0.18696,0.4363191,0.8273928,-0.006776153,0.4250446,0.7553934,-0.03756811,0.4179376,0.7669463,-0.01110699,0.2373067,0.892834,0.02067623,0.02659267,0.8666927,0.1017895,-0.1922086,0.911469,0.08122846,0.2467096,0.8369459,0.05926887,0.03529137,0.8261839,0.0629987,-0.2021931,0.8495567,0.03779971,0.6352929,0.8916225
72057594037941341,0,1.952245,9889.597,0.03596928,0.2381198,0.8920559,0.007429249,0.7883929,0.8875253,-0.07550281,0.5875551,0.9728115,-0.08430174,0.3956806,0.8866014,-0.1380243,0.2927846,0.7843767,-0.1512447,0.254513,0.7588059,0.1237174,0.5800414,0.8290532,0.18696,0.4363191,0.8273928,-0.006776153,0.4250446,0.7553934,-0.03756811,0.4179376,0.7669463,-0.01110699,0.2373067,0.892834,0.02067623,0.02659267,0.8666927,0.1017895,-0.1922086,0.911469,0.08122846,0.2467096,0.8369459,0.05926887,0.03529137,0.8261839,0.0629987,-0.2021931,0.8495567,0.03779971,0.6352929,0.8916225
72057594037941341,0,1.952245,9889.599,0.03596928,0.2381198,0.8920559,0.007429249,0.7883929,0.8875253,-0.07550281,0.5875551,0.9728115,-0.08430174,0.3956806,0.8866014,-0.1380243,0.2927846,0.7843767,-0.1512447,0.254513,0.7588059,0.1237174,0.5800414,0.8290532,0.18696,0.4363191,0.8273928,-0.006776153,0.4250446,0.7553934,-0.03756811,0.4179376,0.7669463,-0.01110699,0.2373067,0.892834,0.02067623,0.02659267,0.8666927,0.1017895,-0.1922086,0.911469,0.08122846,0.2467096,0.8369459,0.05926887,0.03529137,0.8261839,0.0629987,-0.2021931,0.8495567,0.03779971,0.6352929,0.8916225
72057594037941341,0,1.958944,9889.602,0.02865922,0.2370831,0.8851262,0.0007579459,0.7878475,0.8783241,-0.08376997,0.5869738,0.9633393,-0.08798815,0.3941905,0.8784689,-0.1482787,0.2907528,0.7806814,-0.1594025,0.2513765,0.7558207,0.1156726,0.5785823,0.8208517,0.1352364,0.4260577,0.7991489,-0.02835625,0.4222298,0.7469814,-0.03279483,0.4365028,0.7621347,-0.01829098,0.2363666,0.8855606,0.07516633,-0.03137594,0.913114,0.08356631,-0.2095743,0.8989649,0.07420844,0.2456789,0.8304299,0.04966142,0.03480145,0.8262098,0.05872387,-0.2056715,0.847818,0.03195675,0.6355706,0.8832766
72057594037941341,0,1.587596,9889.61,0.02865922,0.2370831,0.8851262,0.0007579459,0.7878475,0.8783241,-0.08376997,0.5869738,0.9633393,-0.08798815,0.3941905,0.8784689,-0.1482787,0.2907528,0.7806814,-0.1594025,0.2513765,0.7558207,0.1156726,0.5785823,0.8208517,0.1352364,0.4260577,0.7991489,-0.02835625,0.4222298,0.7469814,-0.03279483,0.4365028,0.7621347,-0.01829098,0.2363666,0.8855606,0.07516633,-0.03137594,0.913114,0.08356631,-0.2095743,0.8989649,0.07420844,0.2456789,0.8304299,0.04966142,0.03480145,0.8262098,0.05872387,-0.2056715,0.847818,0.03195675,0.6355706,0.8832766
72057594037941341,0,1.587596,9889.613,0.02865922,0.2370831,0.8851262,0.0007579459,0.7878475,0.8783241,-0.08376997,0.5869738,0.9633393,-0.08798815,0.3941905,0.8784689,-0.1482787,0.2907528,0.7806814,-0.1594025,0.2513765,0.7558207,0.1156726,0.5785823,0.8208517,0.1352364,0.4260577,0.7991489,-0.02835625,0.4222298,0.7469814,-0.03279483,0.4365028,0.7621347,-0.01829098,0.2363666,0.8855606,0.07516633,-0.03137594,0.913114,0.08356631,-0.2095743,0.8989649,0.07420844,0.2456789,0.8304299,0.04966142,0.03480145,0.8262098,0.05872387,-0.2056715,0.847818,0.03195675,0.6355706,0.8832766
72057594037941341,0,1.587596,9889.614,0.02865922,0.2370831,0.8851262,0.0007579459,0.7878475,0.8783241,-0.08376997,0.5869738,0.9633393,-0.08798815,0.3941905,0.8784689,-0.1482787,0.2907528,0.7806814,-0.1594025,0.2513765,0.7558207,0.1156726,0.5785823,0.8208517,0.1352364,0.4260577,0.7991489,-0.02835625,0.4222298,0.7469814,-0.03279483,0.4365028,0.7621347,-0.01829098,0.2363666,0.8855606,0.07516633,-0.03137594,0.913114,0.08356631,-0.2095743,0.8989649,0.07420844,0.2456789,0.8304299,0.04966142,0.03480145,0.8262098,0.05872387,-0.2056715,0.847818,0.03195675,0.6355706,0.8832766
72057594037941341,0,1.587596,9889.617,0.02865922,0.2370831,0.8851262,0.0007579459,0.7878475,0.8783241,-0.08376997,0.5869738,0.9633393,-0.08798815,0.3941905,0.8784689,-0.1482787,0.2907528,0.7806814,-0.1594025,0.2513765,0.7558207,0.1156726,0.5785823,0.8208517,0.1352364,0.4260577,0.7991489,-0.02835625,0.4222298,0.7469814,-0.03279483,0.4365028,0.7621347,-0.01829098,0.2363666,0.8855606,0.07516633,-0.03137594,0.913114,0.08356631,-0.2095743,0.8989649,0.07420844,0.2456789,0.8304299,0.04966142,0.03480145,0.8262098,0.05872387,-0.2056715,0.847818,0.03195675,0.6355706,0.8832766
72057594037941341,0,1.587596,9889.621,0.02865922,0.2370831,0.8851262,0.0007579459,0.7878475,0.8783241,-0.08376997,0.5869738,0.9633393,-0.08798815,0.3941905,0.8784689,-0.1482787,0.2907528,0.7806814,-0.1594025,0.2513765,0.7558207,0.1156726,0.5785823,0.8208517,0.1352364,0.4260577,0.7991489,-0.02835625,0.4222298,0.7469814,-0.03279483,0.4365028,0.7621347,-0.01829098,0.2363666,0.8855606,0.07516633,-0.03137594,0.913114,0.08356631,-0.2095743,0.8989649,0.07420844,0.2456789,0.8304299,0.04966142,0.03480145,0.8262098,0.05872387,-0.2056715,0.847818,0.03195675,0.6355706,0.8832766
72057594037941341,0,1.587596,9889.623,0.02865922,0.2370831,0.8851262,0.0007579459,0.7878475,0.8783241,-0.08376997,0.5869738,0.9633393,-0.08798815,0.3941905,0.8784689,-0.1482787,0.2907528,0.7806814,-0.1594025,0.2513765,0.7558207,0.1156726,0.5785823,0.8208517,0.1352364,0.4260577,0.7991489,-0.02835625,0.4222298,0.7469814,-0.03279483,0.4365028,0.7621347,-0.01829098,0.2363666,0.8855606,0.07516633,-0.03137594,0.913114,0.08356631,-0.2095743,0.8989649,0.07420844,0.2456789,0.8304299,0.04966142,0.03480145,0.8262098,0.05872387,-0.2056715,0.847818,0.03195675,0.6355706,0.8832766
72057594037941341,0,1.587596,9889.626,0.02865922,0.2370831,0.8851262,0.0007579459,0.7878475,0.8783241,-0.08376997,0.5869738,0.9633393,-0.08798815,0.3941905,0.8784689,-0.1482787,0.2907528,0.7806814,-0.1594025,0.2513765,0.7558207,0.1156726,0.5785823,0.8208517,0.1352364,0.4260577,0.7991489,-0.02835625,0.4222298,0.7469814,-0.03279483,0.4365028,0.7621347,-0.01829098,0.2363666,0.8855606,0.07516633,-0.03137594,0.913114,0.08356631,-0.2095743,0.8989649,0.07420844,0.2456789,0.8304299,0.04966142,0.03480145,0.8262098,0.05872387,-0.2056715,0.847818,0.03195675,0.6355706,0.8832766
72057594037941341,0,1.587596,9889.629,0.02865922,0.2370831,0.8851262,0.0007579459,0.7878475,0.8783241,-0.08376997,0.5869738,0.9633393,-0.08798815,0.3941905,0.8784689,-0.1482787,0.2907528,0.7806814,-0.1594025,0.2513765,0.7558207,0.1156726,0.5785823,0.8208517,0.1352364,0.4260577,0.7991489,-0.02835625,0.4222298,0.7469814,-0.03279483,0.4365028,0.7621347,-0.01829098,0.2363666,0.8855606,0.07516633,-0.03137594,0.913114,0.08356631,-0.2095743,0.8989649,0.07420844,0.2456789,0.8304299,0.04966142,0.03480145,0.8262098,0.05872387,-0.2056715,0.847818,0.03195675,0.6355706,0.8832766
72057594037941341,0,1.587596,9889.632,0.02865922,0.2370831,0.8851262,0.0007579459,0.7878475,0.8783241,-0.08376997,0.5869738,0.9633393,-0.08798815,0.3941905,0.8784689,-0.1482787,0.2907528,0.7806814,-0.1594025,0.2513765,0.7558207,0.1156726,0.5785823,0.8208517,0.1352364,0.4260577,0.7991489,-0.02835625,0.4222298,0.7469814,-0.03279483,0.4365028,0.7621347,-0.01829098,0.2363666,0.8855606,0.07516633,-0.03137594,0.913114,0.08356631,-0.2095743,0.8989649,0.07420844,0.2456789,0.8304299,0.04966142,0.03480145,0.8262098,0.05872387,-0.2056715,0.847818,0.03195675,0.6355706,0.8832766
72057594037941341,0,1.594574,9889.635,0.0194565,0.2367692,0.8773731,-0.004407878,0.7874509,0.8694339,-0.09090281,0.5891751,0.9538766,-0.09664185,0.3980974,0.864026,-0.1485711,0.2795395,0.7799713,-0.1599825,0.2394235,0.7564895,0.1072914,0.5780319,0.8125073,0.1334929,0.4259907,0.7968799,-0.04910449,0.424314,0.7420394,-0.07085898,0.4245166,0.7475915,-0.02749161,0.2363313,0.8769581,0.07150319,-0.02920696,0.9102162,0.07914291,-0.2093474,0.8975321,0.06549755,0.2451697,0.8235366,0.03746036,0.03385761,0.8183899,0.05629313,-0.2074161,0.8471571,0.02601267,0.6359267,0.8743657
72057594037941341,0,1.594574,9889.637,0.0194565,0.2367692,0.8773731,-0.004407878,0.7874509,0.8694339,-0.09090281,0.5891751,0.9538766,-0.09664185,0.3980974,0.864026,-0.1485711,0.2795395,0.7799713,-0.1599825,0.2394235,0.7564895,0.1072914,0.5780319,0.8125073,0.1334929,0.4259907,0.7968799,-0.04910449,0.424314,0.7420394,-0.07085898,0.4245166,0.7475915,-0.02749161,0.2363313,0.8769581,0.07150319,-0.02920696,0.9102162,0.07914291,-0.2093474,0.8975321,0.06549755,0.2451697,0.8235366,0.03746036,0.03385761,0.8183899,0.05629313,-0.2074161,0.8471571,0.02601267,0.6359267,0.8743657
72057594037941341,0,1.594574,9889.639,0.0194565,0.2367692,0.8773731,-0.004407878,0.7874509,0.8694339,-0.09090281,0.5891751,0.9538766,-0.09664185,0.3980974,0.864026,-0.1485711,0.2795395,0.7799713,-0.1599825,0.2394235,0.7564895,0.1072914,0.5780319,0.8125073,0.1334929,0.4259907,0.7968799,-0.04910449,0.424314,0.7420394,-0.07085898,0.4245166,0.7475915,-0.02749161,0.2363313,0.8769581,0.07150319,-0.02920696,0.9102162,0.07914291,-0.2093474,0.8975321,0.06549755,0.2451697,0.8235366,0.03746036,0.03385761,0.8183899,0.05629313,-0.2074161,0.8471571,0.02601267,0.6359267,0.8743657
72057594037941341,0,1.594574,9889.641,0.0194565,0.2367692,0.8773731,-0.004407878,0.7874509,0.8694339,-0.09090281,0.5891751,0.9538766,-0.09664185,0.3980974,0.864026,-0.1485711,0.2795395,0.7799713,-0.1599825,0.2394235,0.7564895,0.1072914,0.5780319,0.8125073,0.1334929,0.4259907,0.7968799,-0.04910449,0.424314,0.7420394,-0.07085898,0.4245166,0.7475915,-0.02749161,0.2363313,0.8769581,0.07150319,-0.02920696,0.9102162,0.07914291,-0.2093474,0.8975321,0.06549755,0.2451697,0.8235366,0.03746036,0.03385761,0.8183899,0.05629313,-0.2074161,0.8471571,0.02601267,0.6359267,0.8743657
72057594037941341,0,1.594574,9889.644,0.0194565,0.2367692,0.8773731,-0.004407878,0.7874509,0.8694339,-0.09090281,0.5891751,0.9538766,-0.09664185,0.3980974,0.864026,-0.1485711,0.2795395,0.7799713,-0.1599825,0.2394235,0.7564895,0.1072914,0.5780319,0.8125073,0.1334929,0.4259907,0.7968799,-0.04910449,0.424314,0.7420394,-0.07085898,0.4245166,0.7475915,-0.02749161,0.2363313,0.8769581,0.07150319,-0.02920696,0.9102162,0.07914291,-0.2093474,0.8975321,0.06549755,0.2451697,0.8235366,0.03746036,0.03385761,0.8183899,0.05629313,-0.2074161,0.8471571,0.02601267,0.6359267,0.8743657
72057594037941341,0,1.594574,9889.646,0.0194565,0.2367692,0.8773731,-0.004407878,0.7874509,0.8694339,-0.09090281,0.5891751,0.9538766,-0.09664185,0.3980974,0.864026,-0.1485711,0.2795395,0.7799713,-0.1599825,0.2394235,0.7564895,0.1072914,0.5780319,0.8125073,0.1334929,0.4259907,0.7968799,-0.04910449,0.424314,0.7420394,-0.07085898,0.4245166,0.7475915,-0.02749161,0.2363313,0.8769581,0.07150319,-0.02920696,0.9102162,0.07914291,-0.2093474,0.8975321,0.06549755,0.2451697,0.8235366,0.03746036,0.03385761,0.8183899,0.05629313,-0.2074161,0.8471571,0.02601267,0.6359267,0.8743657
72057594037941341,0,1.594574,9889.647,0.0194565,0.2367692,0.8773731,-0.004407878,0.7874509,0.8694339,-0.09090281,0.5891751,0.9538766,-0.09664185,0.3980974,0.864026,-0.1485711,0.2795395,0.7799713,-0.1599825,0.2394235,0.7564895,0.1072914,0.5780319,0.8125073,0.1334929,0.4259907,0.7968799,-0.04910449,0.424314,0.7420394,-0.07085898,0.4245166,0.7475915,-0.02749161,0.2363313,0.8769581,0.07150319,-0.02920696,0.9102162,0.07914291,-0.2093474,0.8975321,0.06549755,0.2451697,0.8235366,0.03746036,0.03385761,0.8183899,0.05629313,-0.2074161,0.8471571,0.02601267,0.6359267,0.8743657
72057594037941341,0,1.594574,9889.649,0.0194565,0.2367692,0.8773731,-0.004407878,0.7874509,0.8694339,-0.09090281,0.5891751,0.9538766,-0.09664185,0.3980974,0.864026,-0.1485711,0.2795395,0.7799713,-0.1599825,0.2394235,0.7564895,0.1072914,0.5780319,0.8125073,0.1334929,0.4259907,0.7968799,-0.04910449,0.424314,0.7420394,-0.07085898,0.4245166,0.7475915,-0.02749161,0.2363313,0.8769581,0.07150319,-0.02920696,0.9102162,0.07914291,-0.2093474,0.8975321,0.06549755,0.2451697,0.8235366,0.03746036,0.03385761,0.8183899,0.05629313,-0.2074161,0.8471571,0.02601267,0.6359267,0.8743657
72057594037941341,0,1.594574,9889.65,0.0194565,0.2367692,0.8773731,-0.004407878,0.7874509,0.8694339,-0.09090281,0.5891751,0.9538766,-0.09664185,0.3980974,0.864026,-0.1485711,0.2795395,0.7799713,-0.1599825,0.2394235,0.7564895,0.1072914,0.5780319,0.8125073,0.1334929,0.4259907,0.7968799,-0.04910449,0.424314,0.7420394,-0.07085898,0.4245166,0.7475915,-0.02749161,0.2363313,0.8769581,0.07150319,-0.02920696,0.9102162,0.07914291,-0.2093474,0.8975321,0.06549755,0.2451697,0.8235366,0.03746036,0.03385761,0.8183899,0.05629313,-0.2074161,0.8471571,0.02601267,0.6359267,0.8743657
72057594037941341,0,1.594574,9889.652,0.0194565,0.2367692,0.8773731,-0.004407878,0.7874509,0.8694339,-0.09090281,0.5891751,0.9538766,-0.09664185,0.3980974,0.864026,-0.1485711,0.2795395,0.7799713,-0.1599825,0.2394235,0.7564895,0.1072914,0.5780319,0.8125073,0.1334929,0.4259907,0.7968799,-0.04910449,0.424314,0.7420394,-0.07085898,0.4245166,0.7475915,-0.02749161,0.2363313,0.8769581,0.07150319,-0.02920696,0.9102162,0.07914291,-0.2093474,0.8975321,0.06549755,0.2451697,0.8235366,0.03746036,0.03385761,0.8183899,0.05629313,-0.2074161,0.8471571,0.02601267,0.6359267,0.8743657
72057594037941341,0,1.594574,9889.654,0.0194565,0.2367692,0.8773731,-0.004407878,0.7874509,0.8694339,-0.09090281,0.5891751,0.9538766,-0.09664185,0.3980974,0.864026,-0.1485711,0.2795395,0.7799713,-0.1599825,0.2394235,0.7564895,0.1072914,0.5780319,0.8125073,0.1334929,0.4259907,0.7968799,-0.04910449,0.424314,0.7420394,-0.07085898,0.4245166,0.7475915,-0.02749161,0.2363313,0.8769581,0.07150319,-0.02920696,0.9102162,0.07914291,-0.2093474,0.8975321,0.06549755,0.2451697,0.8235366,0.03746036,0.03385761,0.8183899,0.05629313,-0.2074161,0.8471571,0.02601267,0.6359267,0.8743657
72057594037941341,0,1.594574,9889.657,0.0194565,0.2367692,0.8773731,-0.004407878,0.7874509,0.8694339,-0.09090281,0.5891751,0.9538766,-0.09664185,0.3980974,0.864026,-0.1485711,0.2795395,0.7799713,-0.1599825,0.2394235,0.7564895,0.1072914,0.5780319,0.8125073,0.1334929,0.4259907,0.7968799,-0.04910449,0.424314,0.7420394,-0.07085898,0.4245166,0.7475915,-0.02749161,0.2363313,0.8769581,0.07150319,-0.02920696,0.9102162,0.07914291,-0.2093474,0.8975321,0.06549755,0.2451697,0.8235366,0.03746036,0.03385761,0.8183899,0.05629313,-0.2074161,0.8471571,0.02601267,0.6359267,0.8743657
72057594037941341,0,1.594574,9889.66,0.0194565,0.2367692,0.8773731,-0.004407878,0.7874509,0.8694339,-0.09090281,0.5891751,0.9538766,-0.09664185,0.3980974,0.864026,-0.1485711,0.2795395,0.7799713,-0.1599825,0.2394235,0.7564895,0.1072914,0.5780319,0.8125073,0.1334929,0.4259907,0.7968799,-0.04910449,0.424314,0.7420394,-0.07085898,0.4245166,0.7475915,-0.02749161,0.2363313,0.8769581,0.07150319,-0.02920696,0.9102162,0.07914291,-0.2093474,0.8975321,0.06549755,0.2451697,0.8235366,0.03746036,0.03385761,0.8183899,0.05629313,-0.2074161,0.8471571,0.02601267,0.6359267,0.8743657
72057594037941341,0,1.594574,9889.662,0.0194565,0.2367692,0.8773731,-0.004407878,0.7874509,0.8694339,-0.09090281,0.5891751,0.9538766,-0.09664185,0.3980974,0.864026,-0.1485711,0.2795395,0.7799713,-0.1599825,0.2394235,0.7564895,0.1072914,0.5780319,0.8125073,0.1334929,0.4259907,0.7968799,-0.04910449,0.424314,0.7420394,-0.07085898,0.4245166,0.7475915,-0.02749161,0.2363313,0.8769581,0.07150319,-0.02920696,0.9102162,0.07914291,-0.2093474,0.8975321,0.06549755,0.2451697,0.8235366,0.03746036,0.03385761,0.8183899,0.05629313,-0.2074161,0.8471571,0.02601267,0.6359267,0.8743657
72057594037941341,0,1.594574,9889.664,0.0194565,0.2367692,0.8773731,-0.004407878,0.7874509,0.8694339,-0.09090281,0.5891751,0.9538766,-0.09664185,0.3980974,0.864026,-0.1485711,0.2795395,0.7799713,-0.1599825,0.2394235,0.7564895,0.1072914,0.5780319,0.8125073,0.1334929,0.4259907,0.7968799,-0.04910449,0.424314,0.7420394,-0.07085898,0.4245166,0.7475915,-0.02749161,0.2363313,0.8769581,0.07150319,-0.02920696,0.9102162,0.07914291,-0.2093474,0.8975321,0.06549755,0.2451697,0.8235366,0.03746036,0.03385761,0.8183899,0.05629313,-0.2074161,0.8471571,0.02601267,0.6359267,0.8743657
72057594037941341,0,1.594574,9889.666,0.0194565,0.2367692,0.8773731,-0.004407878,0.7874509,0.8694339,-0.09090281,0.5891751,0.9538766,-0.09664185,0.3980974,0.864026,-0.1485711,0.2795395,0.7799713,-0.1599825,0.2394235,0.7564895,0.1072914,0.5780319,0.8125073,0.1334929,0.4259907,0.7968799,-0.04910449,0.424314,0.7420394,-0.07085898,0.4245166,0.7475915,-0.02749161,0.2363313,0.8769581,0.07150319,-0.02920696,0.9102162,0.07914291,-0.2093474,0.8975321,0.06549755,0.2451697,0.8235366,0.03746036,0.03385761,0.8183899,0.05629313,-0.2074161,0.8471571,0.02601267,0.6359267,0.8743657
72057594037941341,0,1.600145,9889.668,0.0104752,0.2365885,0.8711693,-0.009964435,0.7871728,0.85925,-0.09829667,0.590075,0.9448341,-0.1049423,0.4007129,0.8497033,-0.1513629,0.2729113,0.7767109,-0.1597545,0.2290948,0.7607586,0.09994237,0.5786253,0.8041916,0.1257108,0.4259879,0.787841,-0.0714957,0.4250597,0.7424893,-0.09243086,0.426402,0.7459489,-0.03684422,0.2366385,0.8687692,0.06389301,-0.0280717,0.906836,0.08007888,-0.2093509,0.8967168,0.05728338,0.2446088,0.8191067,0.02652713,0.03242582,0.8094589,0.05589097,-0.2081383,0.8483413,0.02062653,0.6362741,0.8653882
72057594037941341,0,1.600145,9889.671,0.0104752,0.2365885,0.8711693,-0.009964435,0.7871728,0.85925,-0.09829667,0.590075,0.9448341,-0.1049423,0.4007129,0.8497033,-0.1513629,0.2729113,0.7767109,-0.1597545,0.2290948,0.7607586,0.09994237,0.5786253,0.8041916,0.1257108,0.4259879,0.787841,-0.0714957,0.4250597,0.7424893,-0.09243086,0.426402,0.7459489,-0.03684422,0.2366385,0.8687692,0.06389301,-0.0280717,0.906836,0.08007888,-0.2093509,0.8967168,0.05728338,0.2446088,0.8191067,0.02652713,0.03242582,0.8094589,0.05589097,-0.2081383,0.8483413,0.02062653,0.6362741,0.8653882
72057594037941341,0,1.600145,9889.673,0.0104752,0.2365885,0.8711693,-0.009964435,0.7871728,0.85925,-0.09829667,0.590075,0.9448341,-0.1049423,0.4007129,0.8497033,-0.1513629,0.2729113,0.7767109,-0.1597545,0.2290948,0.7607586,0.09994237,0.5786253,0.8041916,0.1257108,0.4259879,0.787841,-0.0714957,0.4250597,0.7424893,-0.09243086,0.426402,0.7459489,-0.03684422,0.2366385,0.8687692,0.06389301,-0.0280717,0.906836,0.08007888,-0.2093509,0.8967168,0.05728338,0.2446088,0.8191067,0.02652713,0.03242582,0.8094589,0.05589097,-0.2081383,0.8483413,0.02062653,0.6362741,0.8653882
72057594037941341,0,1.600145,9889.675,0.0104752,0.2365885,0.8711693,-0.009964435,0.7871728,0.85925,-0.09829667,0.590075,0.9448341,-0.1049423,0.4007129,0.8497033,-0.1513629,0.2729113,0.7767109,-0.1597545,0.2290948,0.7607586,0.09994237,0.5786253,0.8041916,0.1257108,0.4259879,0.787841,-0.0714957,0.4250597,0.7424893,-0.09243086,0.426402,0.7459489,-0.03684422,0.2366385,0.8687692,0.06389301,-0.0280717,0.906836,0.08007888,-0.2093509,0.8967168,0.05728338,0.2446088,0.8191067,0.02652713,0.03242582,0.8094589,0.05589097,-0.2081383,0.8483413,0.02062653,0.6362741,0.8653882
72057594037941341,0,1.600145,9889.677,0.0104752,0.2365885,0.8711693,-0.009964435,0.7871728,0.85925,-0.09829667,0.590075,0.9448341,-0.1049423,0.4007129,0.8497033,-0.1513629,0.2729113,0.7767109,-0.1597545,0.2290948,0.7607586,0.09994237,0.5786253,0.8041916,0.1257108,0.4259879,0.787841,-0.0714957,0.4250597,0.7424893,-0.09243086,0.426402,0.7459489,-0.03684422,0.2366385,0.8687692,0.06389301,-0.0280717,0.906836,0.08007888,-0.2093509,0.8967168,0.05728338,0.2446088,0.8191067,0.02652713,0.03242582,0.8094589,0.05589097,-0.2081383,0.8483413,0.02062653,0.6362741,0.8653882
72057594037941341,0,1.600145,9889.679,0.0104752,0.2365885,0.8711693,-0.009964435,0.7871728,0.85925,-0.09829667,0.590075,0.9448341,-0.1049423,0.4007129,0.8497033,-0.1513629,0.2729113,0.7767109,-0.1597545,0.2290948,0.7607586,0.09994237,0.5786253,0.8041916,0.1257108,0.4259879,0.787841,-0.0714957,0.4250597,0.7424893,-0.09243086,0.426402,0.7459489,-0.03684422,0.2366385,0.8687692,0.06389301,-0.0280717,0.906836,0.08007888,-0.2093509,0.8967168,0.05728338,0.2446088,0.8191067,0.02652713,0.03242582,0.8094589,0.05589097,-0.2081383,0.8483413,0.02062653,0.6362741,0.8653882
72057594037941341,0,1.600145,9889.681,0.0104752,0.2365885,0.8711693,-0.009964435,0.7871728,0.85925,-0.09829667,0.590075,0.9448341,-0.1049423,0.4007129,0.8497033,-0.1513629,0.2729113,0.7767109,-0.1597545,0.2290948,0.7607586,0.09994237,0.5786253,0.8041916,0.1257108,0.4259879,0.787841,-0.0714957,0.4250597,0.7424893,-0.09243086,0.426402,0.7459489,-0.03684422,0.2366385,0.8687692,0.06389301,-0.0280717,0.906836,0.08007888,-0.2093509,0.8967168,0.05728338,0.2446088,0.8191067,0.02652713,0.03242582,0.8094589,0.05589097,-0.2081383,0.8483413,0.02062653,0.6362741,0.8653882
72057594037941341,0,1.600145,9889.683,0.0104752,0.2365885,0.8711693,-0.009964435,0.7871728,0.85925,-0.09829667,0.590075,0.9448341,-0.1049423,0.4007129,0.8497033,-0.1513629,0.2729113,0.7767109,-0.1597545,0.2290948,0.7607586,0.09994237,0.5786253,0.8041916,0.1257108,0.4259879,0.787841,-0.0714957,0.4250597,0.7424893,-0.09243086,0.426402,0.7459489,-0.03684422,0.2366385,0.8687692,0.06389301,-0.0280717,0.906836,0.08007888,-0.2093509,0.8967168,0.05728338,0.2446088,0.8191067,0.02652713,0.03242582,0.8094589,0.05589097,-0.2081383,0.8483413,0.02062653,0.6362741,0.8653882
72057594037941341,0,1.600145,9889.685,0.0104752,0.2365885,0.8711693,-0.009964435,0.7871728,0.85925,-0.09829667,0.590075,0.9448341,-0.1049423,0.4007129,0.8497033,-0.1513629,0.2729113,0.7767109,-0.1597545,0.2290948,0.7607586,0.09994237,0.5786253,0.8041916,0.1257108,0.4259879,0.787841,-0.0714957,0.4250597,0.7424893,-0.09243086,0.426402,0.7459489,-0.03684422,0.2366385,0.8687692,0.06389301,-0.0280717,0.906836,0.08007888,-0.2093509,0.8967168,0.05728338,0.2446088,0.8191067,0.02652713,0.03242582,0.8094589,0.05589097,-0.2081383,0.8483413,0.02062653,0.6362741,0.8653882
72057594037941341,0,1.600145,9889.687,0.0104752,0.2365885,0.8711693,-0.009964435,0.7871728,0.85925,-0.09829667,0.590075,0.9448341,-0.1049423,0.4007129,0.8497033,-0.1513629,0.2729113,0.7767109,-0.1597545,0.2290948,0.7607586,0.09994237,0.5786253,0.8041916,0.1257108,0.4259879,0.787841,-0.0714957,0.4250597,0.7424893,-0.09243086,0.426402,0.7459489,-0.03684422,0.2366385,0.8687692,0.06389301,-0.0280717,0.906836,0.08007888,-0.2093509,0.8967168,0.05728338,0.2446088,0.8191067,0.02652713,0.03242582,0.8094589,0.05589097,-0.2081383,0.8483413,0.02062653,0.6362741,0.8653882
72057594037941341,0,1.600145,9889.688,0.0104752,0.2365885,0.8711693,-0.009964435,0.7871728,0.85925,-0.09829667,0.590075,0.9448341,-0.1049423,0.4007129,0.8497033,-0.1513629,0.2729113,0.7767109,-0.1597545,0.2290948,0.7607586,0.09994237,0.5786253,0.8041916,0.1257108,0.4259879,0.787841,-0.0714957,0.4250597,0.7424893,-0.09243086,0.426402,0.7459489,-0.03684422,0.2366385,0.8687692,0.06389301,-0.0280717,0.906836,0.08007888,-0.2093509,0.8967168,0.05728338,0.2446088,0.8191067,0.02652713,0.03242582,0.8094589,0.05589097,-0.2081383,0.8483413,0.02062653,0.6362741,0.8653882
72057594037941341,0,1.600145,9889.69,0.0104752,0.2365885,0.8711693,-0.009964435,0.7871728,0.85925,-0.09829667,0.590075,0.9448341,-0.1049423,0.4007129,0.8497033,-0.1513629,0.2729113,0.7767109,-0.1597545,0.2290948,0.7607586,0.09994237,0.5786253,0.8041916,0.1257108,0.4259879,0.787841,-0.0714957,0.4250597,0.7424893,-0.09243086,0.426402,0.7459489,-0.03684422,0.2366385,0.8687692,0.06389301,-0.0280717,0.906836,0.08007888,-0.2093509,0.8967168,0.05728338,0.2446088,0.8191067,0.02652713,0.03242582,0.8094589,0.05589097,-0.2081383,0.8483413,0.02062653,0.6362741,0.8653882
72057594037941341,0,1.600145,9889.693,0.0104752,0.2365885,0.8711693,-0.009964435,0.7871728,0.85925,-0.09829667,0.590075,0.9448341,-0.1049423,0.4007129,0.8497033,-0.1513629,0.2729113,0.7767109,-0.1597545,0.2290948,0.7607586,0.09994237,0.5786253,0.8041916,0.1257108,0.4259879,0.787841,-0.0714957,0.4250597,0.7424893,-0.09243086,0.426402,0.7459489,-0.03684422,0.2366385,0.8687692,0.06389301,-0.0280717,0.906836,0.08007888,-0.2093509,0.8967168,0.05728338,0.2446088,0.8191067,0.02652713,0.03242582,0.8094589,0.05589097,-0.2081383,0.8483413,0.02062653,0.6362741,0.8653882
72057594037941341,0,1.600145,9889.694,0.0104752,0.2365885,0.8711693,-0.009964435,0.7871728,0.85925,-0.09829667,0.590075,0.9448341,-0.1049423,0.4007129,0.8497033,-0.1513629,0.2729113,0.7767109,-0.1597545,0.2290948,0.7607586,0.09994237,0.5786253,0.8041916,0.1257108,0.4259879,0.787841,-0.0714957,0.4250597,0.7424893,-0.09243086,0.426402,0.7459489,-0.03684422,0.2366385,0.8687692,0.06389301,-0.0280717,0.906836,0.08007888,-0.2093509,0.8967168,0.05728338,0.2446088,0.8191067,0.02652713,0.03242582,0.8094589,0.05589097,-0.2081383,0.8483413,0.02062653,0.6362741,0.8653882
72057594037941341,0,1.600145,9889.696,0.0104752,0.2365885,0.8711693,-0.009964435,0.7871728,0.85925,-0.09829667,0.590075,0.9448341,-0.1049423,0.4007129,0.8497033,-0.1513629,0.2729113,0.7767109,-0.1597545,0.2290948,0.7607586,0.09994237,0.5786253,0.8041916,0.1257108,0.4259879,0.787841,-0.0714957,0.4250597,0.7424893,-0.09243086,0.426402,0.7459489,-0.03684422,0.2366385,0.8687692,0.06389301,-0.0280717,0.906836,0.08007888,-0.2093509,0.8967168,0.05728338,0.2446088,0.8191067,0.02652713,0.03242582,0.8094589,0.05589097,-0.2081383,0.8483413,0.02062653,0.6362741,0.8653882
72057594037941341,0,1.600145,9889.7,0.0104752,0.2365885,0.8711693,-0.009964435,0.7871728,0.85925,-0.09829667,0.590075,0.9448341,-0.1049423,0.4007129,0.8497033,-0.1513629,0.2729113,0.7767109,-0.1597545,0.2290948,0.7607586,0.09994237,0.5786253,0.8041916,0.1257108,0.4259879,0.787841,-0.0714957,0.4250597,0.7424893,-0.09243086,0.426402,0.7459489,-0.03684422,0.2366385,0.8687692,0.06389301,-0.0280717,0.906836,0.08007888,-0.2093509,0.8967168,0.05728338,0.2446088,0.8191067,0.02652713,0.03242582,0.8094589,0.05589097,-0.2081383,0.8483413,0.02062653,0.6362741,0.8653882
72057594037941341,0,1.609574,9889.702,0.001298546,0.2371883,0.8604708,-0.01468543,0.7873756,0.8482949,-0.1062988,0.5930468,0.9333717,-0.1100891,0.4014592,0.8413034,-0.1561973,0.2731917,0.76794,-0.1671012,0.2302767,0.7511842,0.09291705,0.5786923,0.7946361,0.1140368,0.4248176,0.7761585,-0.07669491,0.4236278,0.736537,-0.094759,0.422735,0.73992,-0.04608601,0.2371278,0.8555125,0.05562188,-0.02751344,0.8959707,0.08088247,-0.2084103,0.9017918,0.04880896,0.2453039,0.8109374,0.008460153,0.03273013,0.7852804,0.05160938,-0.2016823,0.8471181,0.01490675,0.6374165,0.8546328
72057594037941341,0,1.609574,9889.705,0.001298546,0.2371883,0.8604708,-0.01468543,0.7873756,0.8482949,-0.1062988,0.5930468,0.9333717,-0.1100891,0.4014592,0.8413034,-0.1561973,0.2731917,0.76794,-0.1671012,0.2302767,0.7511842,0.09291705,0.5786923,0.7946361,0.1140368,0.4248176,0.7761585,-0.07669491,0.4236278,0.736537,-0.094759,0.422735,0.73992,-0.04608601,0.2371278,0.8555125,0.05562188,-0.02751344,0.8959707,0.08088247,-0.2084103,0.9017918,0.04880896,0.2453039,0.8109374,0.008460153,0.03273013,0.7852804,0.05160938,-0.2016823,0.8471181,0.01490675,0.6374165,0.8546328
72057594037941341,0,1.609574,9889.708,0.001298546,0.2371883,0.8604708,-0.01468543,0.7873756,0.8482949,-0.1062988,0.5930468,0.9333717,-0.1100891,0.4014592,0.8413034,-0.1561973,0.2731917,0.76794,-0.1671012,0.2302767,0.7511842,0.09291705,0.5786923,0.7946361,0.1140368,0.4248176,0.7761585,-0.07669491,0.4236278,0.736537,-0.094759,0.422735,0.73992,-0.04608601,0.2371278,0.8555125,0.05562188,-0.02751344,0.8959707,0.08088247,-0.2084103,0.9017918,0.04880896,0.2453039,0.8109374,0.008460153,0.03273013,0.7852804,0.05160938,-0.2016823,0.8471181,0.01490675,0.6374165,0.8546328
72057594037941341,0,1.609574,9889.71,0.001298546,0.2371883,0.8604708,-0.01468543,0.7873756,0.8482949,-0.1062988,0.5930468,0.9333717,-0.1100891,0.4014592,0.8413034,-0.1561973,0.2731917,0.76794,-0.1671012,0.2302767,0.7511842,0.09291705,0.5786923,0.7946361,0.1140368,0.4248176,0.7761585,-0.07669491,0.4236278,0.736537,-0.094759,0.422735,0.73992,-0.04608601,0.2371278,0.8555125,0.05562188,-0.02751344,0.8959707,0.08088247,-0.2084103,0.9017918,0.04880896,0.2453039,0.8109374,0.008460153,0.03273013,0.7852804,0.05160938,-0.2016823,0.8471181,0.01490675,0.6374165,0.8546328
72057594037941341,0,1.609574,9889.713,0.001298546,0.2371883,0.8604708,-0.01468543,0.7873756,0.8482949,-0.1062988,0.5930468,0.9333717,-0.1100891,0.4014592,0.8413034,-0.1561973,0.2731917,0.76794,-0.1671012,0.2302767,0.7511842,0.09291705,0.5786923,0.7946361,0.1140368,0.4248176,0.7761585,-0.07669491,0.4236278,0.736537,-0.094759,0.422735,0.73992,-0.04608601,0.2371278,0.8555125,0.05562188,-0.02751344,0.8959707,0.08088247,-0.2084103,0.9017918,0.04880896,0.2453039,0.8109374,0.008460153,0.03273013,0.7852804,0.05160938,-0.2016823,0.8471181,0.01490675,0.6374165,0.8546328
72057594037941341,0,1.609574,9889.714,0.001298546,0.2371883,0.8604708,-0.01468543,0.7873756,0.8482949,-0.1062988,0.5930468,0.9333717,-0.1100891,0.4014592,0.8413034,-0.1561973,0.2731917,0.76794,-0.1671012,0.2302767,0.7511842,0.09291705,0.5786923,0.7946361,0.1140368,0.4248176,0.7761585,-0.07669491,0.4236278,0.736537,-0.094759,0.422735,0.73992,-0.04608601,0.2371278,0.8555125,0.05562188,-0.02751344,0.8959707,0.08088247,-0.2084103,0.9017918,0.04880896,0.2453039,0.8109374,0.008460153,0.03273013,0.7852804,0.05160938,-0.2016823,0.8471181,0.01490675,0.6374165,0.8546328
72057594037941341,0,1.609574,9889.716,0.001298546,0.2371883,0.8604708,-0.01468543,0.7873756,0.8482949,-0.1062988,0.5930468,0.9333717,-0.1100891,0.4014592,0.8413034,-0.1561973,0.2731917,0.76794,-0.1671012,0.2302767,0.7511842,0.09291705,0.5786923,0.7946361,0.1140368,0.4248176,0.7761585,-0.07669491,0.4236278,0.736537,-0.094759,0.422735,0.73992,-0.04608601,0.2371278,0.8555125,0.05562188,-0.02751344,0.8959707,0.08088247,-0.2084103,0.9017918,0.04880896,0.2453039,0.8109374,0.008460153,0.03273013,0.7852804,0.05160938,-0.2016823,0.8471181,0.01490675,0.6374165,0.8546328
72057594037941341,0,1.609574,9889.717,0.001298546,0.2371883,0.8604708,-0.01468543,0.7873756,0.8482949,-0.1062988,0.5930468,0.9333717,-0.1100891,0.4014592,0.8413034,-0.1561973,0.2731917,0.76794,-0.1671012,0.2302767,0.7511842,0.09291705,0.5786923,0.7946361,0.1140368,0.4248176,0.7761585,-0.07669491,0.4236278,0.736537,-0.094759,0.422735,0.73992,-0.04608601,0.2371278,0.8555125,0.05562188,-0.02751344,0.8959707,0.08088247,-0.2084103,0.9017918,0.04880896,0.2453039,0.8109374,0.008460153,0.03273013,0.7852804,0.05160938,-0.2016823,0.8471181,0.01490675,0.6374165,0.8546328
72057594037941341,0,1.609574,9889.719,0.001298546,0.2371883,0.8604708,-0.01468543,0.7873756,0.8482949,-0.1062988,0.5930468,0.9333717,-0.1100891,0.4014592,0.8413034,-0.1561973,0.2731917,0.76794,-0.1671012,0.2302767,0.7511842,0.09291705,0.5786923,0.7946361,0.1140368,0.4248176,0.7761585,-0.07669491,0.4236278,0.736537,-0.094759,0.422735,0.73992,-0.04608601,0.2371278,0.8555125,0.05562188,-0.02751344,0.8959707,0.08088247,-0.2084103,0.9017918,0.04880896,0.2453039,0.8109374,0.008460153,0.03273013,0.7852804,0.05160938,-0.2016823,0.8471181,0.01490675,0.6374165,0.8546328
72057594037941341,0,1.609574,9889.721,0.001298546,0.2371883,0.8604708,-0.01468543,0.7873756,0.8482949,-0.1062988,0.5930468,0.9333717,-0.1100891,0.4014592,0.8413034,-0.1561973,0.2731917,0.76794,-0.1671012,0.2302767,0.7511842,0.09291705,0.5786923,0.7946361,0.1140368,0.4248176,0.7761585,-0.07669491,0.4236278,0.736537,-0.094759,0.422735,0.73992,-0.04608601,0.2371278,0.8555125,0.05562188,-0.02751344,0.8959707,0.08088247,-0.2084103,0.9017918,0.04880896,0.2453039,0.8109374,0.008460153,0.03273013,0.7852804,0.05160938,-0.2016823,0.8471181,0.01490675,0.6374165,0.8546328
72057594037941341,0,1.609574,9889.723,0.001298546,0.2371883,0.8604708,-0.01468543,0.7873756,0.8482949,-0.1062988,0.5930468,0.9333717,-0.1100891,0.4014592,0.8413034,-0.1561973,0.2731917,0.76794,-0.1671012,0.2302767,0.7511842,0.09291705,0.5786923,0.7946361,0.1140368,0.4248176,0.7761585,-0.07669491,0.4236278,0.736537,-0.094759,0.422735,0.73992,-0.04608601,0.2371278,0.8555125,0.05562188,-0.02751344,0.8959707,0.08088247,-0.2084103,0.9017918,0.04880896,0.2453039,0.8109374,0.008460153,0.03273013,0.7852804,0.05160938,-0.2016823,0.8471181,0.01490675,0.6374165,0.8546328
72057594037941341,0,1.609574,9889.725,0.001298546,0.2371883,0.8604708,-0.01468543,0.7873756,0.8482949,-0.1062988,0.5930468,0.9333717,-0.1100891,0.4014592,0.8413034,-0.1561973,0.2731917,0.76794,-0.1671012,0.2302767,0.7511842,0.09291705,0.5786923,0.7946361,0.1140368,0.4248176,0.7761585,-0.07669491,0.4236278,0.736537,-0.094759,0.422735,0.73992,-0.04608601,0.2371278,0.8555125,0.05562188,-0.02751344,0.8959707,0.08088247,-0.2084103,0.9017918,0.04880896,0.2453039,0.8109374,0.008460153,0.03273013,0.7852804,0.05160938,-0.2016823,0.8471181,0.01490675,0.6374165,0.8546328
72057594037941341,0,1.609574,9889.728,0.001298546,0.2371883,0.8604708,-0.01468543,0.7873756,0.8482949,-0.1062988,0.5930468,0.9333717,-0.1100891,0.4014592,0.8413034,-0.1561973,0.2731917,0.76794,-0.1671012,0.2302767,0.7511842,0.09291705,0.5786923,0.7946361,0.1140368,0.4248176,0.7761585,-0.07669491,0.4236278,0.736537,-0.094759,0.422735,0.73992,-0.04608601,0.2371278,0.8555125,0.05562188,-0.02751344,0.8959707,0.08088247,-0.2084103,0.9017918,0.04880896,0.2453039,0.8109374,0.008460153,0.03273013,0.7852804,0.05160938,-0.2016823,0.8471181,0.01490675,0.6374165,0.8546328
72057594037941341,0,1.609574,9889.729,0.001298546,0.2371883,0.8604708,-0.01468543,0.7873756,0.8482949,-0.1062988,0.5930468,0.9333717,-0.1100891,0.4014592,0.8413034,-0.1561973,0.2731917,0.76794,-0.1671012,0.2302767,0.7511842,0.09291705,0.5786923,0.7946361,0.1140368,0.4248176,0.7761585,-0.07669491,0.4236278,0.736537,-0.094759,0.422735,0.73992,-0.04608601,0.2371278,0.8555125,0.05562188,-0.02751344,0.8959707,0.08088247,-0.2084103,0.9017918,0.04880896,0.2453039,0.8109374,0.008460153,0.03273013,0.7852804,0.05160938,-0.2016823,0.8471181,0.01490675,0.6374165,0.8546328
72057594037941341,0,1.609574,9889.73,0.001298546,0.2371883,0.8604708,-0.01468543,0.7873756,0.8482949,-0.1062988,0.5930468,0.9333717,-0.1100891,0.4014592,0.8413034,-0.1561973,0.2731917,0.76794,-0.1671012,0.2302767,0.7511842,0.09291705,0.5786923,0.7946361,0.1140368,0.4248176,0.7761585,-0.07669491,0.4236278,0.736537,-0.094759,0.422735,0.73992,-0.04608601,0.2371278,0.8555125,0.05562188,-0.02751344,0.8959707,0.08088247,-0.2084103,0.9017918,0.04880896,0.2453039,0.8109374,0.008460153,0.03273013,0.7852804,0.05160938,-0.2016823,0.8471181,0.01490675,0.6374165,0.8546328
72057594037941341,0,1.609574,9889.732,0.001298546,0.2371883,0.8604708,-0.01468543,0.7873756,0.8482949,-0.1062988,0.5930468,0.9333717,-0.1100891,0.4014592,0.8413034,-0.1561973,0.2731917,0.76794,-0.1671012,0.2302767,0.7511842,0.09291705,0.5786923,0.7946361,0.1140368,0.4248176,0.7761585,-0.07669491,0.4236278,0.736537,-0.094759,0.422735,0.73992,-0.04608601,0.2371278,0.8555125,0.05562188,-0.02751344,0.8959707,0.08088247,-0.2084103,0.9017918,0.04880896,0.2453039,0.8109374,0.008460153,0.03273013,0.7852804,0.05160938,-0.2016823,0.8471181,0.01490675,0.6374165,0.8546328
72057594037941341,0,1.619785,9889.734,-0.00643045,0.2387769,0.848578,-0.01909334,0.7877463,0.8378376,-0.1105819,0.5942577,0.9271096,-0.1060962,0.4196973,0.804353,-0.1679183,0.2817803,0.7977153,-0.1836354,0.2410455,0.7793895,0.08924596,0.579086,0.7895769,0.0986098,0.4243571,0.7642688,-0.08331104,0.4218009,0.7266544,-0.1006087,0.4218065,0.7366939,-0.05379367,0.2386194,0.8410479,0.04910366,-0.02641556,0.8820827,0.07581288,-0.2046552,0.9047189,0.04157455,0.246948,0.8016554,0.003240066,0.03353676,0.777745,0.0438291,-0.2020339,0.8373694,0.01402685,0.6376483,0.8532308
72057594037941341,0,1.619785,9889.736,-0.00643045,0.2387769,0.848578,-0.01909334,0.7877463,0.8378376,-0.1105819,0.5942577,0.9271096,-0.1060962,0.4196973,0.804353,-0.1679183,0.2817803,0.7977153,-0.1836354,0.2410455,0.7793895,0.08924596,0.579086,0.7895769,0.0986098,0.4243571,0.7642688,-0.08331104,0.4218009,0.7266544,-0.1006087,0.4218065,0.7366939,-0.05379367,0.2386194,0.8410479,0.04910366,-0.02641556,0.8820827,0.07581288,-0.2046552,0.9047189,0.04157455,0.246948,0.8016554,0.003240066,0.03353676,0.777745,0.0438291,-0.2020339,0.8373694,0.01402685,0.6376483,0.8532308
72057594037941341,0,1.619785,9889.739,-0.00643045,0.2387769,0.848578,-0.01909334,0.7877463,0.8378376,-0.1105819,0.5942577,0.9271096,-0.1060962,0.4196973,0.804353,-0.1679183,0.2817803,0.7977153,-0.1836354,0.2410455,0.7793895,0.08924596,0.579086,0.7895769,0.0986098,0.4243571,0.7642688,-0.08331104,0.4218009,0.7266544,-0.1006087,0.4218065,0.7366939,-0.05379367,0.2386194,0.8410479,0.04910366,-0.02641556,0.8820827,0.07581288,-0.2046552,0.9047189,0.04157455,0.246948,0.8016554,0.003240066,0.03353676,0.777745,0.0438291,-0.2020339,0.8373694,0.01402685,0.6376483,0.8532308
72057594037941341,0,1.619785,9889.741,-0.00643045,0.2387769,0.848578,-0.01909334,0.7877463,0.8378376,-0.1105819,0.5942577,0.9271096,-0.1060962,0.4196973,0.804353,-0.1679183,0.2817803,0.7977153,-0.1836354,0.2410455,0.7793895,0.08924596,0.579086,0.7895769,0.0986098,0.4243571,0.7642688,-0.08331104,0.4218009,0.7266544,-0.1006087,0.4218065,0.7366939,-0.05379367,0.2386194,0.8410479,0.04910366,-0.02641556,0.8820827,0.07581288,-0.2046552,0.9047189,0.04157455,0.246948,0.8016554,0.003240066,0.03353676,0.777745,0.0438291,-0.2020339,0.8373694,0.01402685,0.6376483,0.8532308
72057594037941341,0,1.619785,9889.744,-0.00643045,0.2387769,0.848578,-0.01909334,0.7877463,0.8378376,-0.1105819,0.5942577,0.9271096,-0.1060962,0.4196973,0.804353,-0.1679183,0.2817803,0.7977153,-0.1836354,0.2410455,0.7793895,0.08924596,0.579086,0.7895769,0.0986098,0.4243571,0.7642688,-0.08331104,0.4218009,0.7266544,-0.1006087,0.4218065,0.7366939,-0.05379367,0.2386194,0.8410479,0.04910366,-0.02641556,0.8820827,0.07581288,-0.2046552,0.9047189,0.04157455,0.246948,0.8016554,0.003240066,0.03353676,0.777745,0.0438291,-0.2020339,0.8373694,0.01402685,0.6376483,0.8532308
72057594037941341,0,1.619785,9889.746,-0.00643045,0.2387769,0.848578,-0.01909334,0.7877463,0.8378376,-0.1105819,0.5942577,0.9271096,-0.1060962,0.4196973,0.804353,-0.1679183,0.2817803,0.7977153,-0.1836354,0.2410455,0.7793895,0.08924596,0.579086,0.7895769,0.0986098,0.4243571,0.7642688,-0.08331104,0.4218009,0.7266544,-0.1006087,0.4218065,0.7366939,-0.05379367,0.2386194,0.8410479,0.04910366,-0.02641556,0.8820827,0.07581288,-0.2046552,0.9047189,0.04157455,0.246948,0.8016554,0.003240066,0.03353676,0.777745,0.0438291,-0.2020339,0.8373694,0.01402685,0.6376483,0.8532308
72057594037941341,0,1.619785,9889.748,-0.00643045,0.2387769,0.848578,-0.01909334,0.7877463,0.8378376,-0.1105819,0.5942577,0.9271096,-0.1060962,0.4196973,0.804353,-0.1679183,0.2817803,0.7977153,-0.1836354,0.2410455,0.7793895,0.08924596,0.579086,0.7895769,0.0986098,0.4243571,0.7642688,-0.08331104,0.4218009,0.7266544,-0.1006087,0.4218065,0.7366939,-0.05379367,0.2386194,0.8410479,0.04910366,-0.02641556,0.8820827,0.07581288,-0.2046552,0.9047189,0.04157455,0.246948,0.8016554,0.003240066,0.03353676,0.777745,0.0438291,-0.2020339,0.8373694,0.01402685,0.6376483,0.8532308
72057594037941341,0,1.619785,9889.749,-0.00643045,0.2387769,0.848578,-0.01909334,0.7877463,0.8378376,-0.1105819,0.5942577,0.9271096,-0.1060962,0.4196973,0.804353,-0.1679183,0.2817803,0.7977153,-0.1836354,0.2410455,0.7793895,0.08924596,0.579086,0.7895769,0.0986098,0.4243571,0.7642688,-0.08331104,0.4218009,0.7266544,-0.1006087,0.4218065,0.7366939,-0.05379367,0.2386194,0.8410479,0.04910366,-0.02641556,0.8820827,0.07581288,-0.2046552,0.9047189,0.04157455,0.246948,0.8016554,0.003240066,0.03353676,0.777745,0.0438291,-0.2020339,0.8373694,0.01402685,0.6376483,0.8532308
72057594037941341,0,1.619785,9889.751,-0.00643045,0.2387769,0.848578,-0.01909334,0.7877463,0.8378376,-0.1105819,0.5942577,0.9271096,-0.1060962,0.4196973,0.804353,-0.1679183,0.2817803,0.7977153,-0.1836354,0.2410455,0.7793895,0.08924596,0.579086,0.7895769,0.0986098,0.4243571,0.7642688,-0.08331104,0.4218009,0.7266544,-0.1006087,0.4218065,0.7366939,-0.05379367,0.2386194,0.8410479,0.04910366,-0.02641556,0.8820827,0.07581288,-0.2046552,0.9047189,0.04157455,0.246948,0.8016554,0.003240066,0.03353676,0.777745,0.0438291,-0.2020339,0.8373694,0.01402685,0.6376483,0.8532308
72057594037941341,0,1.619785,9889.753,-0.00643045,0.2387769,0.848578,-0.01909334,0.7877463,0.8378376,-0.1105819,0.5942577,0.9271096,-0.1060962,0.4196973,0.804353,-0.1679183,0.2817803,0.7977153,-0.1836354,0.2410455,0.7793895,0.08924596,0.579086,0.7895769,0.0986098,0.4243571,0.7642688,-0.08331104,0.4218009,0.7266544,-0.1006087,0.4218065,0.7366939,-0.05379367,0.2386194,0.8410479,0.04910366,-0.02641556,0.8820827,0.07581288,-0.2046552,0.9047189,0.04157455,0.246948,0.8016554,0.003240066,0.03353676,0.777745,0.0438291,-0.2020339,0.8373694,0.01402685,0.6376483,0.8532308
72057594037941341,0,1.619785,9889.756,-0.00643045,0.2387769,0.848578,-0.01909334,0.7877463,0.8378376,-0.1105819,0.5942577,0.9271096,-0.1060962,0.4196973,0.804353,-0.1679183,0.2817803,0.7977153,-0.1836354,0.2410455,0.7793895,0.08924596,0.579086,0.7895769,0.0986098,0.4243571,0.7642688,-0.08331104,0.4218009,0.7266544,-0.1006087,0.4218065,0.7366939,-0.05379367,0.2386194,0.8410479,0.04910366,-0.02641556,0.8820827,0.07581288,-0.2046552,0.9047189,0.04157455,0.246948,0.8016554,0.003240066,0.03353676,0.777745,0.0438291,-0.2020339,0.8373694,0.01402685,0.6376483,0.8532308
72057594037941341,0,1.619785,9889.758,-0.00643045,0.2387769,0.848578,-0.01909334,0.7877463,0.8378376,-0.1105819,0.5942577,0.9271096,-0.1060962,0.4196973,0.804353,-0.1679183,0.2817803,0.7977153,-0.1836354,0.2410455,0.7793895,0.08924596,0.579086,0.7895769,0.0986098,0.4243571,0.7642688,-0.08331104,0.4218009,0.7266544,-0.1006087,0.4218065,0.7366939,-0.05379367,0.2386194,0.8410479,0.04910366,-0.02641556,0.8820827,0.07581288,-0.2046552,0.9047189,0.04157455,0.246948,0.8016554,0.003240066,0.03353676,0.777745,0.0438291,-0.2020339,0.8373694,0.01402685,0.6376483,0.8532308
72057594037941341,0,1.619785,9889.76,-0.00643045,0.2387769,0.848578,-0.01909334,0.7877463,0.8378376,-0.1105819,0.5942577,0.9271096,-0.1060962,0.4196973,0.804353,-0.1679183,0.2817803,0.7977153,-0.1836354,0.2410455,0.7793895,0.08924596,0.579086,0.7895769,0.0986098,0.4243571,0.7642688,-0.08331104,0.4218009,0.7266544,-0.1006087,0.4218065,0.7366939,-0.05379367,0.2386194,0.8410479,0.04910366,-0.02641556,0.8820827,0.07581288,-0.2046552,0.9047189,0.04157455,0.246948,0.8016554,0.003240066,0.03353676,0.777745,0.0438291,-0.2020339,0.8373694,0.01402685,0.6376483,0.8532308
72057594037941341,0,1.619785,9889.762,-0.00643045,0.2387769,0.848578,-0.01909334,0.7877463,0.8378376,-0.1105819,0.5942577,0.9271096,-0.1060962,0.4196973,0.804353,-0.1679183,0.2817803,0.7977153,-0.1836354,0.2410455,0.7793895,0.08924596,0.579086,0.7895769,0.0986098,0.4243571,0.7642688,-0.08331104,0.4218009,0.7266544,-0.1006087,0.4218065,0.7366939,-0.05379367,0.2386194,0.8410479,0.04910366,-0.02641556,0.8820827,0.07581288,-0.2046552,0.9047189,0.04157455,0.246948,0.8016554,0.003240066,0.03353676,0.777745,0.0438291,-0.2020339,0.8373694,0.01402685,0.6376483,0.8532308
72057594037941341,0,1.619785,9889.764,-0.00643045,0.2387769,0.848578,-0.01909334,0.7877463,0.8378376,-0.1105819,0.5942577,0.9271096,-0.1060962,0.4196973,0.804353,-0.1679183,0.2817803,0.7977153,-0.1836354,0.2410455,0.7793895,0.08924596,0.579086,0.7895769,0.0986098,0.4243571,0.7642688,-0.08331104,0.4218009,0.7266544,-0.1006087,0.4218065,0.7366939,-0.05379367,0.2386194,0.8410479,0.04910366,-0.02641556,0.8820827,0.07581288,-0.2046552,0.9047189,0.04157455,0.246948,0.8016554,0.003240066,0.03353676,0.777745,0.0438291,-0.2020339,0.8373694,0.01402685,0.6376483,0.8532308
72057594037941341,0,1.619785,9889.766,-0.00643045,0.2387769,0.848578,-0.01909334,0.7877463,0.8378376,-0.1105819,0.5942577,0.9271096,-0.1060962,0.4196973,0.804353,-0.1679183,0.2817803,0.7977153,-0.1836354,0.2410455,0.7793895,0.08924596,0.579086,0.7895769,0.0986098,0.4243571,0.7642688,-0.08331104,0.4218009,0.7266544,-0.1006087,0.4218065,0.7366939,-0.05379367,0.2386194,0.8410479,0.04910366,-0.02641556,0.8820827,0.07581288,-0.2046552,0.9047189,0.04157455,0.246948,0.8016554,0.003240066,0.03353676,0.777745,0.0438291,-0.2020339,0.8373694,0.01402685,0.6376483,0.8532308
72057594037941341,0,1.631709,9889.768,-0.01378167,0.2403124,0.8349123,-0.02402781,0.7887239,0.8271906,-0.1227738,0.5965323,0.9059207,-0.1115409,0.4138365,0.7964805,-0.1870332,0.2831158,0.7896084,-0.2087465,0.2469582,0.7682906,0.0793605,0.5800377,0.7758456,0.09211697,0.4249302,0.7587066,-0.08599115,0.4211766,0.7143577,-0.1016885,0.4091759,0.7258077,-0.06136147,0.2399614,0.8253618,0.04334191,-0.02571464,0.8651682,0.0773491,-0.1940988,0.9178969,0.03487059,0.248669,0.7902264,-0.0006071345,0.03443888,0.76948,0.03971704,-0.1997287,0.8336148,0.003159777,0.640829,0.8325661
72057594037941341,0,1.631709,9889.77,-0.01378167,0.2403124,0.8349123,-0.02402781,0.7887239,0.8271906,-0.1227738,0.5965323,0.9059207,-0.1115409,0.4138365,0.7964805,-0.1870332,0.2831158,0.7896084,-0.2087465,0.2469582,0.7682906,0.0793605,0.5800377,0.7758456,0.09211697,0.4249302,0.7587066,-0.08599115,0.4211766,0.7143577,-0.1016885,0.4091759,0.7258077,-0.06136147,0.2399614,0.8253618,0.04334191,-0.02571464,0.8651682,0.0773491,-0.1940988,0.9178969,0.03487059,0.248669,0.7902264,-0.0006071345,0.03443888,0.76948,0.03971704,-0.1997287,0.8336148,0.003159777,0.640829,0.8325661
72057594037941341,0,1.631709,9889.771,-0.01378167,0.2403124,0.8349123,-0.02402781,0.7887239,0.8271906,-0.1227738,0.5965323,0.9059207,-0.1115409,0.4138365,0.7964805,-0.1870332,0.2831158,0.7896084,-0.2087465,0.2469582,0.7682906,0.0793605,0.5800377,0.7758456,0.09211697,0.4249302,0.7587066,-0.08599115,0.4211766,0.7143577,-0.1016885,0.4091759,0.7258077,-0.06136147,0.2399614,0.8253618,0.04334191,-0.02571464,0.8651682,0.0773491,-0.1940988,0.9178969,0.03487059,0.248669,0.7902264,-0.0006071345,0.03443888,0.76948,0.03971704,-0.1997287,0.8336148,0.003159777,0.640829,0.8325661
72057594037941341,0,1.631709,9889.773,-0.01378167,0.2403124,0.8349123,-0.02402781,0.7887239,0.8271906,-0.1227738,0.5965323,0.9059207,-0.1115409,0.4138365,0.7964805,-0.1870332,0.2831158,0.7896084,-0.2087465,0.2469582,0.7682906,0.0793605,0.5800377,0.7758456,0.09211697,0.4249302,0.7587066,-0.08599115,0.4211766,0.7143577,-0.1016885,0.4091759,0.7258077,-0.06136147,0.2399614,0.8253618,0.04334191,-0.02571464,0.8651682,0.0773491,-0.1940988,0.9178969,0.03487059,0.248669,0.7902264,-0.0006071345,0.03443888,0.76948,0.03971704,-0.1997287,0.8336148,0.003159777,0.640829,0.8325661
72057594037941341,0,1.631709,9889.775,-0.01378167,0.2403124,0.8349123,-0.02402781,0.7887239,0.8271906,-0.1227738,0.5965323,0.9059207,-0.1115409,0.4138365,0.7964805,-0.1870332,0.2831158,0.7896084,-0.2087465,0.2469582,0.7682906,0.0793605,0.5800377,0.7758456,0.09211697,0.4249302,0.7587066,-0.08599115,0.4211766,0.7143577,-0.1016885,0.4091759,0.7258077,-0.06136147,0.2399614,0.8253618,0.04334191,-0.02571464,0.8651682,0.0773491,-0.1940988,0.9178969,0.03487059,0.248669,0.7902264,-0.0006071345,0.03443888,0.76948,0.03971704,-0.1997287,0.8336148,0.003159777,0.640829,0.8325661
72057594037941341,0,1.631709,9889.778,-0.01378167,0.2403124,0.8349123,-0.02402781,0.7887239,0.8271906,-0.1227738,0.5965323,0.9059207,-0.1115409,0.4138365,0.7964805,-0.1870332,0.2831158,0.7896084,-0.2087465,0.2469582,0.7682906,0.0793605,0.5800377,0.7758456,0.09211697,0.4249302,0.7587066,-0.08599115,0.4211766,0.7143577,-0.1016885,0.4091759,0.7258077,-0.06136147,0.2399614,0.8253618,0.04334191,-0.02571464,0.8651682,0.0773491,-0.1940988,0.9178969,0.03487059,0.248669,0.7902264,-0.0006071345,0.03443888,0.76948,0.03971704,-0.1997287,0.8336148,0.003159777,0.640829,0.8325661
72057594037941341,0,1.631709,9889.78,-0.01378167,0.2403124,0.8349123,-0.02402781,0.7887239,0.8271906,-0.1227738,0.5965323,0.9059207,-0.1115409,0.4138365,0.7964805,-0.1870332,0.2831158,0.7896084,-0.2087465,0.2469582,0.7682906,0.0793605,0.5800377,0.7758456,0.09211697,0.4249302,0.7587066,-0.08599115,0.4211766,0.7143577,-0.1016885,0.4091759,0.7258077,-0.06136147,0.2399614,0.8253618,0.04334191,-0.02571464,0.8651682,0.0773491,-0.1940988,0.9178969,0.03487059,0.248669,0.7902264,-0.0006071345,0.03443888,0.76948,0.03971704,-0.1997287,0.8336148,0.003159777,0.640829,0.8325661
72057594037941341,0,1.631709,9889.782,-0.01378167,0.2403124,0.8349123,-0.02402781,0.7887239,0.8271906,-0.1227738,0.5965323,0.9059207,-0.1115409,0.4138365,0.7964805,-0.1870332,0.2831158,0.7896084,-0.2087465,0.2469582,0.7682906,0.0793605,0.5800377,0.7758456,0.09211697,0.4249302,0.7587066,-0.08599115,0.4211766,0.7143577,-0.1016885,0.4091759,0.7258077,-0.06136147,0.2399614,0.8253618,0.04334191,-0.02571464,0.8651682,0.0773491,-0.1940988,0.9178969,0.03487059,0.248669,0.7902264,-0.0006071345,0.03443888,0.76948,0.03971704,-0.1997287,0.8336148,0.003159777,0.640829,0.8325661
72057594037941341,0,1.631709,9889.784,-0.01378167,0.2403124,0.8349123,-0.02402781,0.7887239,0.8271906,-0.1227738,0.5965323,0.9059207,-0.1115409,0.4138365,0.7964805,-0.1870332,0.2831158,0.7896084,-0.2087465,0.2469582,0.7682906,0.0793605,0.5800377,0.7758456,0.09211697,0.4249302,0.7587066,-0.08599115,0.4211766,0.7143577,-0.1016885,0.4091759,0.7258077,-0.06136147,0.2399614,0.8253618,0.04334191,-0.02571464,0.8651682,0.0773491,-0.1940988,0.9178969,0.03487059,0.248669,0.7902264,-0.0006071345,0.03443888,0.76948,0.03971704,-0.1997287,0.8336148,0.003159777,0.640829,0.8325661
72057594037941341,0,1.631709,9889.786,-0.01378167,0.2403124,0.8349123,-0.02402781,0.7887239,0.8271906,-0.1227738,0.5965323,0.9059207,-0.1115409,0.4138365,0.7964805,-0.1870332,0.2831158,0.7896084,-0.2087465,0.2469582,0.7682906,0.0793605,0.5800377,0.7758456,0.09211697,0.4249302,0.7587066,-0.08599115,0.4211766,0.7143577,-0.1016885,0.4091759,0.7258077,-0.06136147,0.2399614,0.8253618,0.04334191,-0.02571464,0.8651682,0.0773491,-0.1940988,0.9178969,0.03487059,0.248669,0.7902264,-0.0006071345,0.03443888,0.76948,0.03971704,-0.1997287,0.8336148,0.003159777,0.640829,0.8325661
72057594037941341,0,1.631709,9889.789,-0.01378167,0.2403124,0.8349123,-0.02402781,0.7887239,0.8271906,-0.1227738,0.5965323,0.9059207,-0.1115409,0.4138365,0.7964805,-0.1870332,0.2831158,0.7896084,-0.2087465,0.2469582,0.7682906,0.0793605,0.5800377,0.7758456,0.09211697,0.4249302,0.7587066,-0.08599115,0.4211766,0.7143577,-0.1016885,0.4091759,0.7258077,-0.06136147,0.2399614,0.8253618,0.04334191,-0.02571464,0.8651682,0.0773491,-0.1940988,0.9178969,0.03487059,0.248669,0.7902264,-0.0006071345,0.03443888,0.76948,0.03971704,-0.1997287,0.8336148,0.003159777,0.640829,0.8325661
72057594037941341,0,1.631709,9889.791,-0.01378167,0.2403124,0.8349123,-0.02402781,0.7887239,0.8271906,-0.1227738,0.5965323,0.9059207,-0.1115409,0.4138365,0.7964805,-0.1870332,0.2831158,0.7896084,-0.2087465,0.2469582,0.7682906,0.0793605,0.5800377,0.7758456,0.09211697,0.4249302,0.7587066,-0.08599115,0.4211766,0.7143577,-0.1016885,0.4091759,0.7258077,-0.06136147,0.2399614,0.8253618,0.04334191,-0.02571464,0.8651682,0.0773491,-0.1940988,0.9178969,0.03487059,0.248669,0.7902264,-0.0006071345,0.03443888,0.76948,0.03971704,-0.1997287,0.8336148,0.003159777,0.640829,0.8325661
72057594037941341,0,1.631709,9889.793,-0.01378167,0.2403124,0.8349123,-0.02402781,0.7887239,0.8271906,-0.1227738,0.5965323,0.9059207,-0.1115409,0.4138365,0.7964805,-0.1870332,0.2831158,0.7896084,-0.2087465,0.2469582,0.7682906,0.0793605,0.5800377,0.7758456,0.09211697,0.4249302,0.7587066,-0.08599115,0.4211766,0.7143577,-0.1016885,0.4091759,0.7258077,-0.06136147,0.2399614,0.8253618,0.04334191,-0.02571464,0.8651682,0.0773491,-0.1940988,0.9178969,0.03487059,0.248669,0.7902264,-0.0006071345,0.03443888,0.76948,0.03971704,-0.1997287,0.8336148,0.003159777,0.640829,0.8325661
72057594037941341,0,1.631709,9889.795,-0.01378167,0.2403124,0.8349123,-0.02402781,0.7887239,0.8271906,-0.1227738,0.5965323,0.9059207,-0.1115409,0.4138365,0.7964805,-0.1870332,0.2831158,0.7896084,-0.2087465,0.2469582,0.7682906,0.0793605,0.5800377,0.7758456,0.09211697,0.4249302,0.7587066,-0.08599115,0.4211766,0.7143577,-0.1016885,0.4091759,0.7258077,-0.06136147,0.2399614,0.8253618,0.04334191,-0.02571464,0.8651682,0.0773491,-0.1940988,0.9178969,0.03487059,0.248669,0.7902264,-0.0006071345,0.03443888,0.76948,0.03971704,-0.1997287,0.8336148,0.003159777,0.640829,0.8325661
72057594037941341,0,1.631709,9889.797,-0.01378167,0.2403124,0.8349123,-0.02402781,0.7887239,0.8271906,-0.1227738,0.5965323,0.9059207,-0.1115409,0.4138365,0.7964805,-0.1870332,0.2831158,0.7896084,-0.2087465,0.2469582,0.7682906,0.0793605,0.5800377,0.7758456,0.09211697,0.4249302,0.7587066,-0.08599115,0.4211766,0.7143577,-0.1016885,0.4091759,0.7258077,-0.06136147,0.2399614,0.8253618,0.04334191,-0.02571464,0.8651682,0.0773491,-0.1940988,0.9178969,0.03487059,0.248669,0.7902264,-0.0006071345,0.03443888,0.76948,0.03971704,-0.1997287,0.8336148,0.003159777,0.640829,0.8325661
72057594037941341,0,1.631709,9889.8,-0.01378167,0.2403124,0.8349123,-0.02402781,0.7887239,0.8271906,-0.1227738,0.5965323,0.9059207,-0.1115409,0.4138365,0.7964805,-0.1870332,0.2831158,0.7896084,-0.2087465,0.2469582,0.7682906,0.0793605,0.5800377,0.7758456,0.09211697,0.4249302,0.7587066,-0.08599115,0.4211766,0.7143577,-0.1016885,0.4091759,0.7258077,-0.06136147,0.2399614,0.8253618,0.04334191,-0.02571464,0.8651682,0.0773491,-0.1940988,0.9178969,0.03487059,0.248669,0.7902264,-0.0006071345,0.03443888,0.76948,0.03971704,-0.1997287,0.8336148,0.003159777,0.640829,0.8325661
72057594037941341,0,1.642455,9889.802,-0.01960748,0.2426068,0.8222687,-0.02877282,0.7895882,0.8163228,-0.1283495,0.6000404,0.8935216,-0.1173609,0.4174362,0.7837721,-0.1990726,0.2911921,0.7868438,-0.2214283,0.2556175,0.7653575,0.07401682,0.5817791,0.7670614,0.07701658,0.4261559,0.7467656,-0.08983099,0.4218666,0.703621,-0.1049948,0.4097343,0.7128482,-0.06717882,0.2422243,0.8121735,0.0391617,-0.02422497,0.8503658,0.07421838,-0.1844512,0.9209679,0.0293539,0.2509872,0.7783336,-0.003128303,0.03620622,0.7630904,0.03682159,-0.1972042,0.8297026,-0.001620762,0.6419198,0.8239357
72057594037941341,0,1.642455,9889.804,-0.01960748,0.2426068,0.8222687,-0.02877282,0.7895882,0.8163228,-0.1283495,0.6000404,0.8935216,-0.1173609,0.4174362,0.7837721,-0.1990726,0.2911921,0.7868438,-0.2214283,0.2556175,0.7653575,0.07401682,0.5817791,0.7670614,0.07701658,0.4261559,0.7467656,-0.08983099,0.4218666,0.703621,-0.1049948,0.4097343,0.7128482,-0.06717882,0.2422243,0.8121735,0.0391617,-0.02422497,0.8503658,0.07421838,-0.1844512,0.9209679,0.0293539,0.2509872,0.7783336,-0.003128303,0.03620622,0.7630904,0.03682159,-0.1972042,0.8297026,-0.001620762,0.6419198,0.8239357
72057594037941341,0,1.642455,9889.806,-0.01960748,0.2426068,0.8222687,-0.02877282,0.7895882,0.8163228,-0.1283495,0.6000404,0.8935216,-0.1173609,0.4174362,0.7837721,-0.1990726,0.2911921,0.7868438,-0.2214283,0.2556175,0.7653575,0.07401682,0.5817791,0.7670614,0.07701658,0.4261559,0.7467656,-0.08983099,0.4218666,0.703621,-0.1049948,0.4097343,0.7128482,-0.06717882,0.2422243,0.8121735,0.0391617,-0.02422497,0.8503658,0.07421838,-0.1844512,0.9209679,0.0293539,0.2509872,0.7783336,-0.003128303,0.03620622,0.7630904,0.03682159,-0.1972042,0.8297026,-0.001620762,0.6419198,0.8239357
72057594037941341,0,1.642455,9889.809,-0.01960748,0.2426068,0.8222687,-0.02877282,0.7895882,0.8163228,-0.1283495,0.6000404,0.8935216,-0.1173609,0.4174362,0.7837721,-0.1990726,0.2911921,0.7868438,-0.2214283,0.2556175,0.7653575,0.07401682,0.5817791,0.7670614,0.07701658,0.4261559,0.7467656,-0.08983099,0.4218666,0.703621,-0.1049948,0.4097343,0.7128482,-0.06717882,0.2422243,0.8121735,0.0391617,-0.02422497,0.8503658,0.07421838,-0.1844512,0.9209679,0.0293539,0.2509872,0.7783336,-0.003128303,0.03620622,0.7630904,0.03682159,-0.1972042,0.8297026,-0.001620762,0.6419198,0.8239357
72057594037941341,0,1.642455,9889.81,-0.01960748,0.2426068,0.8222687,-0.02877282,0.7895882,0.8163228,-0.1283495,0.6000404,0.8935216,-0.1173609,0.4174362,0.7837721,-0.1990726,0.2911921,0.7868438,-0.2214283,0.2556175,0.7653575,0.07401682,0.5817791,0.7670614,0.07701658,0.4261559,0.7467656,-0.08983099,0.4218666,0.703621,-0.1049948,0.4097343,0.7128482,-0.06717882,0.2422243,0.8121735,0.0391617,-0.02422497,0.8503658,0.07421838,-0.1844512,0.9209679,0.0293539,0.2509872,0.7783336,-0.003128303,0.03620622,0.7630904,0.03682159,-0.1972042,0.8297026,-0.001620762,0.6419198,0.8239357
72057594037941341,0,1.642455,9889.812,-0.01960748,0.2426068,0.8222687,-0.02877282,0.7895882,0.8163228,-0.1283495,0.6000404,0.8935216,-0.1173609,0.4174362,0.7837721,-0.1990726,0.2911921,0.7868438,-0.2214283,0.2556175,0.7653575,0.07401682,0.5817791,0.7670614,0.07701658,0.4261559,0.7467656,-0.08983099,0.4218666,0.703621,-0.1049948,0.4097343,0.7128482,-0.06717882,0.2422243,0.8121735,0.0391617,-0.02422497,0.8503658,0.07421838,-0.1844512,0.9209679,0.0293539,0.2509872,0.7783336,-0.003128303,0.03620622,0.7630904,0.03682159,-0.1972042,0.8297026,-0.001620762,0.6419198,0.8239357
72057594037941341,0,1.642455,9889.813,-0.01960748,0.2426068,0.8222687,-0.02877282,0.7895882,0.8163228,-0.1283495,0.6000404,0.8935216,-0.1173609,0.4174362,0.7837721,-0.1990726,0.2911921,0.7868438,-0.2214283,0.2556175,0.7653575,0.07401682,0.5817791,0.7670614,0.07701658,0.4261559,0.7467656,-0.08983099,0.4218666,0.703621,-0.1049948,0.4097343,0.7128482,-0.06717882,0.2422243,0.8121735,0.0391617,-0.02422497,0.8503658,0.07421838,-0.1844512,0.9209679,0.0293539,0.2509872,0.7783336,-0.003128303,0.03620622,0.7630904,0.03682159,-0.1972042,0.8297026,-0.001620762,0.6419198,0.8239357
72057594037941341,0,1.642455,9889.815,-0.01960748,0.2426068,0.8222687,-0.02877282,0.7895882,0.8163228,-0.1283495,0.6000404,0.8935216,-0.1173609,0.4174362,0.7837721,-0.1990726,0.2911921,0.7868438,-0.2214283,0.2556175,0.7653575,0.07401682,0.5817791,0.7670614,0.07701658,0.4261559,0.7467656,-0.08983099,0.4218666,0.703621,-0.1049948,0.4097343,0.7128482,-0.06717882,0.2422243,0.8121735,0.0391617,-0.02422497,0.8503658,0.07421838,-0.1844512,0.9209679,0.0293539,0.2509872,0.7783336,-0.003128303,0.03620622,0.7630904,0.03682159,-0.1972042,0.8297026,-0.001620762,0.6419198,0.8239357
72057594037941341,0,1.642455,9889.818,-0.01960748,0.2426068,0.8222687,-0.02877282,0.7895882,0.8163228,-0.1283495,0.6000404,0.8935216,-0.1173609,0.4174362,0.7837721,-0.1990726,0.2911921,0.7868438,-0.2214283,0.2556175,0.7653575,0.07401682,0.5817791,0.7670614,0.07701658,0.4261559,0.7467656,-0.08983099,0.4218666,0.703621,-0.1049948,0.4097343,0.7128482,-0.06717882,0.2422243,0.8121735,0.0391617,-0.02422497,0.8503658,0.07421838,-0.1844512,0.9209679,0.0293539,0.2509872,0.7783336,-0.003128303,0.03620622,0.7630904,0.03682159,-0.1972042,0.8297026,-0.001620762,0.6419198,0.8239357
72057594037941341,0,1.642455,9889.821,-0.01960748,0.2426068,0.8222687,-0.02877282,0.7895882,0.8163228,-0.1283495,0.6000404,0.8935216,-0.1173609,0.4174362,0.7837721,-0.1990726,0.2911921,0.7868438,-0.2214283,0.2556175,0.7653575,0.07401682,0.5817791,0.7670614,0.07701658,0.4261559,0.7467656,-0.08983099,0.4218666,0.703621,-0.1049948,0.4097343,0.7128482,-0.06717882,0.2422243,0.8121735,0.0391617,-0.02422497,0.8503658,0.07421838,-0.1844512,0.9209679,0.0293539,0.2509872,0.7783336,-0.003128303,0.03620622,0.7630904,0.03682159,-0.1972042,0.8297026,-0.001620762,0.6419198,0.8239357
72057594037941341,0,1.642455,9889.823,-0.01960748,0.2426068,0.8222687,-0.02877282,0.7895882,0.8163228,-0.1283495,0.6000404,0.8935216,-0.1173609,0.4174362,0.7837721,-0.1990726,0.2911921,0.7868438,-0.2214283,0.2556175,0.7653575,0.07401682,0.5817791,0.7670614,0.07701658,0.4261559,0.7467656,-0.08983099,0.4218666,0.703621,-0.1049948,0.4097343,0.7128482,-0.06717882,0.2422243,0.8121735,0.0391617,-0.02422497,0.8503658,0.07421838,-0.1844512,0.9209679,0.0293539,0.2509872,0.7783336,-0.003128303,0.03620622,0.7630904,0.03682159,-0.1972042,0.8297026,-0.001620762,0.6419198,0.8239357
72057594037941341,0,1.642455,9889.825,-0.01960748,0.2426068,0.8222687,-0.02877282,0.7895882,0.8163228,-0.1283495,0.6000404,0.8935216,-0.1173609,0.4174362,0.7837721,-0.1990726,0.2911921,0.7868438,-0.2214283,0.2556175,0.7653575,0.07401682,0.5817791,0.7670614,0.07701658,0.4261559,0.7467656,-0.08983099,0.4218666,0.703621,-0.1049948,0.4097343,0.7128482,-0.06717882,0.2422243,0.8121735,0.0391617,-0.02422497,0.8503658,0.07421838,-0.1844512,0.9209679,0.0293539,0.2509872,0.7783336,-0.003128303,0.03620622,0.7630904,0.03682159,-0.1972042,0.8297026,-0.001620762,0.6419198,0.8239357
72057594037941341,0,1.642455,9889.827,-0.01960748,0.2426068,0.8222687,-0.02877282,0.7895882,0.8163228,-0.1283495,0.6000404,0.8935216,-0.1173609,0.4174362,0.7837721,-0.1990726,0.2911921,0.7868438,-0.2214283,0.2556175,0.7653575,0.07401682,0.5817791,0.7670614,0.07701658,0.4261559,0.7467656,-0.08983099,0.4218666,0.703621,-0.1049948,0.4097343,0.7128482,-0.06717882,0.2422243,0.8121735,0.0391617,-0.02422497,0.8503658,0.07421838,-0.1844512,0.9209679,0.0293539,0.2509872,0.7783336,-0.003128303,0.03620622,0.7630904,0.03682159,-0.1972042,0.8297026,-0.001620762,0.6419198,0.8239357
72057594037941341,0,1.642455,9889.829,-0.01960748,0.2426068,0.8222687,-0.02877282,0.7895882,0.8163228,-0.1283495,0.6000404,0.8935216,-0.1173609,0.4174362,0.7837721,-0.1990726,0.2911921,0.7868438,-0.2214283,0.2556175,0.7653575,0.07401682,0.5817791,0.7670614,0.07701658,0.4261559,0.7467656,-0.08983099,0.4218666,0.703621,-0.1049948,0.4097343,0.7128482,-0.06717882,0.2422243,0.8121735,0.0391617,-0.02422497,0.8503658,0.07421838,-0.1844512,0.9209679,0.0293539,0.2509872,0.7783336,-0.003128303,0.03620622,0.7630904,0.03682159,-0.1972042,0.8297026,-0.001620762,0.6419198,0.8239357
72057594037941341,0,1.642455,9889.831,-0.01960748,0.2426068,0.8222687,-0.02877282,0.7895882,0.8163228,-0.1283495,0.6000404,0.8935216,-0.1173609,0.4174362,0.7837721,-0.1990726,0.2911921,0.7868438,-0.2214283,0.2556175,0.7653575,0.07401682,0.5817791,0.7670614,0.07701658,0.4261559,0.7467656,-0.08983099,0.4218666,0.703621,-0.1049948,0.4097343,0.7128482,-0.06717882,0.2422243,0.8121735,0.0391617,-0.02422497,0.8503658,0.07421838,-0.1844512,0.9209679,0.0293539,0.2509872,0.7783336,-0.003128303,0.03620622,0.7630904,0.03682159,-0.1972042,0.8297026,-0.001620762,0.6419198,0.8239357
72057594037941341,0,1.65023,9889.833,-0.02396843,0.2437591,0.8133684,-0.033639,0.7902845,0.8074634,-0.1345808,0.6009991,0.8832951,-0.1245138,0.4158203,0.777986,-0.2231554,0.3019831,0.7729976,-0.2427104,0.2645481,0.7520794,0.06938566,0.5832053,0.7598245,0.06955504,0.427453,0.7396706,-0.09281339,0.4229144,0.6930524,-0.1111047,0.4121954,0.7045054,-0.07174596,0.243213,0.8024434,0.03533101,-0.02394736,0.8401667,0.1000617,-0.1894514,0.874719,0.02541538,0.2523111,0.7702875,-0.005223679,0.03714779,0.7588719,0.03572588,-0.1953462,0.8276545,-0.00696052,0.6430318,0.8152652
72057594037941341,0,1.65023,9889.835,-0.02396843,0.2437591,0.8133684,-0.033639,0.7902845,0.8074634,-0.1345808,0.6009991,0.8832951,-0.1245138,0.4158203,0.777986,-0.2231554,0.3019831,0.7729976,-0.2427104,0.2645481,0.7520794,0.06938566,0.5832053,0.7598245,0.06955504,0.427453,0.7396706,-0.09281339,0.4229144,0.6930524,-0.1111047,0.4121954,0.7045054,-0.07174596,0.243213,0.8024434,0.03533101,-0.02394736,0.8401667,0.1000617,-0.1894514,0.874719,0.02541538,0.2523111,0.7702875,-0.005223679,0.03714779,0.7588719,0.03572588,-0.1953462,0.8276545,-0.00696052,0.6430318,0.8152652
72057594037941341,0,1.65023,9889.837,-0.02396843,0.2437591,0.8133684,-0.033639,0.7902845,0.8074634,-0.1345808,0.6009991,0.8832951,-0.1245138,0.4158203,0.777986,-0.2231554,0.3019831,0.7729976,-0.2427104,0.2645481,0.7520794,0.06938566,0.5832053,0.7598245,0.06955504,0.427453,0.7396706,-0.09281339,0.4229144,0.6930524,-0.1111047,0.4121954,0.7045054,-0.07174596,0.243213,0.8024434,0.03533101,-0.02394736,0.8401667,0.1000617,-0.1894514,0.874719,0.02541538,0.2523111,0.7702875,-0.005223679,0.03714779,0.7588719,0.03572588,-0.1953462,0.8276545,-0.00696052,0.6430318,0.8152652
72057594037941341,0,1.65023,9889.839,-0.02396843,0.2437591,0.8133684,-0.033639,0.7902845,0.8074634,-0.1345808,0.6009991,0.8832951,-0.1245138,0.4158203,0.777986,-0.2231554,0.3019831,0.7729976,-0.2427104,0.2645481,0.7520794,0.06938566,0.5832053,0.7598245,0.06955504,0.427453,0.7396706,-0.09281339,0.4229144,0.6930524,-0.1111047,0.4121954,0.7045054,-0.07174596,0.243213,0.8024434,0.03533101,-0.02394736,0.8401667,0.1000617,-0.1894514,0.874719,0.02541538,0.2523111,0.7702875,-0.005223679,0.03714779,0.7588719,0.03572588,-0.1953462,0.8276545,-0.00696052,0.6430318,0.8152652
72057594037941341,0,1.65023,9889.842,-0.02396843,0.2437591,0.8133684,-0.033639,0.7902845,0.8074634,-0.1345808,0.6009991,0.8832951,-0.1245138,0.4158203,0.777986,-0.2231554,0.3019831,0.7729976,-0.2427104,0.2645481,0.7520794,0.06938566,0.5832053,0.7598245,0.06955504,0.427453,0.7396706,-0.09281339,0.4229144,0.6930524,-0.1111047,0.4121954,0.7045054,-0.07174596,0.243213,0.8024434,0.03533101,-0.02394736,0.8401667,0.1000617,-0.1894514,0.874719,0.02541538,0.2523111,0.7702875,-0.005223679,0.03714779,0.7588719,0.03572588,-0.1953462,0.8276545,-0.00696052,0.6430318,0.8152652
72057594037941341,0,1.65023,9889.844,-0.02396843,0.2437591,0.8133684,-0.033639,0.7902845,0.8074634,-0.1345808,0.6009991,0.8832951,-0.1245138,0.4158203,0.777986,-0.2231554,0.3019831,0.7729976,-0.2427104,0.2645481,0.7520794,0.06938566,0.5832053,0.7598245,0.06955504,0.427453,0.7396706,-0.09281339,0.4229144,0.6930524,-0.1111047,0.4121954,0.7045054,-0.07174596,0.243213,0.8024434,0.03533101,-0.02394736,0.8401667,0.1000617,-0.1894514,0.874719,0.02541538,0.2523111,0.7702875,-0.005223679,0.03714779,0.7588719,0.03572588,-0.1953462,0.8276545,-0.00696052,0.6430318,0.8152652
72057594037941341,0,1.65023,9889.845,-0.02396843,0.2437591,0.8133684,-0.033639,0.7902845,0.8074634,-0.1345808,0.6009991,0.8832951,-0.1245138,0.4158203,0.777986,-0.2231554,0.3019831,0.7729976,-0.2427104,0.2645481,0.7520794,0.06938566,0.5832053,0.7598245,0.06955504,0.427453,0.7396706,-0.09281339,0.4229144,0.6930524,-0.1111047,0.4121954,0.7045054,-0.07174596,0.243213,0.8024434,0.03533101,-0.02394736,0.8401667,0.1000617,-0.1894514,0.874719,0.02541538,0.2523111,0.7702875,-0.005223679,0.03714779,0.7588719,0.03572588,-0.1953462,0.8276545,-0.00696052,0.6430318,0.8152652
72057594037941341,0,1.65023,9889.847,-0.02396843,0.2437591,0.8133684,-0.033639,0.7902845,0.8074634,-0.1345808,0.6009991,0.8832951,-0.1245138,0.4158203,0.777986,-0.2231554,0.3019831,0.7729976,-0.2427104,0.2645481,0.7520794,0.06938566,0.5832053,0.7598245,0.06955504,0.427453,0.7396706,-0.09281339,0.4229144,0.6930524,-0.1111047,0.4121954,0.7045054,-0.07174596,0.243213,0.8024434,0.03533101,-0.02394736,0.8401667,0.1000617,-0.1894514,0.874719,0.02541538,0.2523111,0.7702875,-0.005223679,0.03714779,0.7588719,0.03572588,-0.1953462,0.8276545,-0.00696052,0.6430318,0.8152652
72057594037941341,0,1.65023,9889.848,-0.02396843,0.2437591,0.8133684,-0.033639,0.7902845,0.8074634,-0.1345808,0.6009991,0.8832951,-0.1245138,0.4158203,0.777986,-0.2231554,0.3019831,0.7729976,-0.2427104,0.2645481,0.7520794,0.06938566,0.5832053,0.7598245,0.06955504,0.427453,0.7396706,-0.09281339,0.4229144,0.6930524,-0.1111047,0.4121954,0.7045054,-0.07174596,0.243213,0.8024434,0.03533101,-0.02394736,0.8401667,0.1000617,-0.1894514,0.874719,0.02541538,0.2523111,0.7702875,-0.005223679,0.03714779,0.7588719,0.03572588,-0.1953462,0.8276545,-0.00696052,0.6430318,0.8152652
72057594037941341,0,1.65023,9889.85,-0.02396843,0.2437591,0.8133684,-0.033639,0.7902845,0.8074634,-0.1345808,0.6009991,0.8832951,-0.1245138,0.4158203,0.777986,-0.2231554,0.3019831,0.7729976,-0.2427104,0.2645481,0.7520794,0.06938566,0.5832053,0.7598245,0.06955504,0.427453,0.7396706,-0.09281339,0.4229144,0.6930524,-0.1111047,0.4121954,0.7045054,-0.07174596,0.243213,0.8024434,0.03533101,-0.02394736,0.8401667,0.1000617,-0.1894514,0.874719,0.02541538,0.2523111,0.7702875,-0.005223679,0.03714779,0.7588719,0.03572588,-0.1953462,0.8276545,-0.00696052,0.6430318,0.8152652
72057594037941341,0,1.65023,9889.852,-0.02396843,0.2437591,0.8133684,-0.033639,0.7902845,0.8074634,-0.1345808,0.6009991,0.8832951,-0.1245138,0.4158203,0.777986,-0.2231554,0.3019831,0.7729976,-0.2427104,0.2645481,0.7520794,0.06938566,0.5832053,0.7598245,0.06955504,0.427453,0.7396706,-0.09281339,0.4229144,0.6930524,-0.1111047,0.4121954,0.7045054,-0.07174596,0.243213,0.8024434,0.03533101,-0.02394736,0.8401667,0.1000617,-0.1894514,0.874719,0.02541538,0.2523111,0.7702875,-0.005223679,0.03714779,0.7588719,0.03572588,-0.1953462,0.8276545,-0.00696052,0.6430318,0.8152652
72057594037941341,0,1.65023,9889.854,-0.02396843,0.2437591,0.8133684,-0.033639,0.7902845,0.8074634,-0.1345808,0.6009991,0.8832951,-0.1245138,0.4158203,0.777986,-0.2231554,0.3019831,0.7729976,-0.2427104,0.2645481,0.7520794,0.06938566,0.5832053,0.7598245,0.06955504,0.427453,0.7396706,-0.09281339,0.4229144,0.6930524,-0.1111047,0.4121954,0.7045054,-0.07174596,0.243213,0.8024434,0.03533101,-0.02394736,0.8401667,0.1000617,-0.1894514,0.874719,0.02541538,0.2523111,0.7702875,-0.005223679,0.03714779,0.7588719,0.03572588,-0.1953462,0.8276545,-0.00696052,0.6430318,0.8152652
72057594037941341,0,1.65023,9889.855,-0.02396843,0.2437591,0.8133684,-0.033639,0.7902845,0.8074634,-0.1345808,0.6009991,0.8832951,-0.1245138,0.4158203,0.777986,-0.2231554,0.3019831,0.7729976,-0.2427104,0.2645481,0.7520794,0.06938566,0.5832053,0.7598245,0.06955504,0.427453,0.7396706,-0.09281339,0.4229144,0.6930524,-0.1111047,0.4121954,0.7045054,-0.07174596,0.243213,0.8024434,0.03533101,-0.02394736,0.8401667,0.1000617,-0.1894514,0.874719,0.02541538,0.2523111,0.7702875,-0.005223679,0.03714779,0.7588719,0.03572588,-0.1953462,0.8276545,-0.00696052,0.6430318,0.8152652
72057594037941341,0,1.65023,9889.858,-0.02396843,0.2437591,0.8133684,-0.033639,0.7902845,0.8074634,-0.1345808,0.6009991,0.8832951,-0.1245138,0.4158203,0.777986,-0.2231554,0.3019831,0.7729976,-0.2427104,0.2645481,0.7520794,0.06938566,0.5832053,0.7598245,0.06955504,0.427453,0.7396706,-0.09281339,0.4229144,0.6930524,-0.1111047,0.4121954,0.7045054,-0.07174596,0.243213,0.8024434,0.03533101,-0.02394736,0.8401667,0.1000617,-0.1894514,0.874719,0.02541538,0.2523111,0.7702875,-0.005223679,0.03714779,0.7588719,0.03572588,-0.1953462,0.8276545,-0.00696052,0.6430318,0.8152652
72057594037941341,0,1.65023,9889.86,-0.02396843,0.2437591,0.8133684,-0.033639,0.7902845,0.8074634,-0.1345808,0.6009991,0.8832951,-0.1245138,0.4158203,0.777986,-0.2231554,0.3019831,0.7729976,-0.2427104,0.2645481,0.7520794,0.06938566,0.5832053,0.7598245,0.06955504,0.427453,0.7396706,-0.09281339,0.4229144,0.6930524,-0.1111047,0.4121954,0.7045054,-0.07174596,0.243213,0.8024434,0.03533101,-0.02394736,0.8401667,0.1000617,-0.1894514,0.874719,0.02541538,0.2523111,0.7702875,-0.005223679,0.03714779,0.7588719,0.03572588,-0.1953462,0.8276545,-0.00696052,0.6430318,0.8152652
72057594037941341,0,1.65023,9889.865,-0.02396843,0.2437591,0.8133684,-0.033639,0.7902845,0.8074634,-0.1345808,0.6009991,0.8832951,-0.1245138,0.4158203,0.777986,-0.2231554,0.3019831,0.7729976,-0.2427104,0.2645481,0.7520794,0.06938566,0.5832053,0.7598245,0.06955504,0.427453,0.7396706,-0.09281339,0.4229144,0.6930524,-0.1111047,0.4121954,0.7045054,-0.07174596,0.243213,0.8024434,0.03533101,-0.02394736,0.8401667,0.1000617,-0.1894514,0.874719,0.02541538,0.2523111,0.7702875,-0.005223679,0.03714779,0.7588719,0.03572588,-0.1953462,0.8276545,-0.00696052,0.6430318,0.8152652
72057594037941341,0,1.656837,9889.868,-0.02906459,0.2444163,0.8059687,-0.03817717,0.7901434,0.7996766,-0.1377782,0.6019372,0.8780322,-0.1352593,0.4151769,0.7752358,-0.2340628,0.3041565,0.7412581,-0.2520424,0.2640238,0.7243094,0.06957202,0.5831172,0.7600313,0.06283088,0.4280208,0.7332016,-0.1047284,0.4257972,0.6823682,-0.1206764,0.4138647,0.6962129,-0.0782771,0.2444098,0.7939476,0.02968895,-0.02320296,0.8321294,0.09471114,-0.1885676,0.8668561,0.02184268,0.2525487,0.7639515,-0.008095384,0.03716558,0.7555848,0.03315093,-0.1963358,0.821332,-0.01209462,0.6435637,0.8079123
72057594037941341,0,1.656837,9889.869,-0.02906459,0.2444163,0.8059687,-0.03817717,0.7901434,0.7996766,-0.1377782,0.6019372,0.8780322,-0.1352593,0.4151769,0.7752358,-0.2340628,0.3041565,0.7412581,-0.2520424,0.2640238,0.7243094,0.06957202,0.5831172,0.7600313,0.06283088,0.4280208,0.7332016,-0.1047284,0.4257972,0.6823682,-0.1206764,0.4138647,0.6962129,-0.0782771,0.2444098,0.7939476,0.02968895,-0.02320296,0.8321294,0.09471114,-0.1885676,0.8668561,0.02184268,0.2525487,0.7639515,-0.008095384,0.03716558,0.7555848,0.03315093,-0.1963358,0.821332,-0.01209462,0.6435637,0.8079123
72057594037941341,0,1.656837,9889.872,-0.02906459,0.2444163,0.8059687,-0.03817717,0.7901434,0.7996766,-0.1377782,0.6019372,0.8780322,-0.1352593,0.4151769,0.7752358,-0.2340628,0.3041565,0.7412581,-0.2520424,0.2640238,0.7243094,0.06957202,0.5831172,0.7600313,0.06283088,0.4280208,0.7332016,-0.1047284,0.4257972,0.6823682,-0.1206764,0.4138647,0.6962129,-0.0782771,0.2444098,0.7939476,0.02968895,-0.02320296,0.8321294,0.09471114,-0.1885676,0.8668561,0.02184268,0.2525487,0.7639515,-0.008095384,0.03716558,0.7555848,0.03315093,-0.1963358,0.821332,-0.01209462,0.6435637,0.8079123
72057594037941341,0,1.656837,9889.874,-0.02906459,0.2444163,0.8059687,-0.03817717,0.7901434,0.7996766,-0.1377782,0.6019372,0.8780322,-0.1352593,0.4151769,0.7752358,-0.2340628,0.3041565,0.7412581,-0.2520424,0.2640238,0.7243094,0.06957202,0.5831172,0.7600313,0.06283088,0.4280208,0.7332016,-0.1047284,0.4257972,0.6823682,-0.1206764,0.4138647,0.6962129,-0.0782771,0.2444098,0.7939476,0.02968895,-0.02320296,0.8321294,0.09471114,-0.1885676,0.8668561,0.02184268,0.2525487,0.7639515,-0.008095384,0.03716558,0.7555848,0.03315093,-0.1963358,0.821332,-0.01209462,0.6435637,0.8079123
72057594037941341,0,1.656837,9889.876,-0.02906459,0.2444163,0.8059687,-0.03817717,0.7901434,0.7996766,-0.1377782,0.6019372,0.8780322,-0.1352593,0.4151769,0.7752358,-0.2340628,0.3041565,0.7412581,-0.2520424,0.2640238,0.7243094,0.06957202,0.5831172,0.7600313,0.06283088,0.4280208,0.7332016,-0.1047284,0.4257972,0.6823682,-0.1206764,0.4138647,0.6962129,-0.0782771,0.2444098,0.7939476,0.02968895,-0.02320296,0.8321294,0.09471114,-0.1885676,0.8668561,0.02184268,0.2525487,0.7639515,-0.008095384,0.03716558,0.7555848,0.03315093,-0.1963358,0.821332,-0.01209462,0.6435637,0.8079123
72057594037941341,0,1.656837,9889.878,-0.02906459,0.2444163,0.8059687,-0.03817717,0.7901434,0.7996766,-0.1377782,0.6019372,0.8780322,-0.1352593,0.4151769,0.7752358,-0.2340628,0.3041565,0.7412581,-0.2520424,0.2640238,0.7243094,0.06957202,0.5831172,0.7600313,0.06283088,0.4280208,0.7332016,-0.1047284,0.4257972,0.6823682,-0.1206764,0.4138647,0.6962129,-0.0782771,0.2444098,0.7939476,0.02968895,-0.02320296,0.8321294,0.09471114,-0.1885676,0.8668561,0.02184268,0.2525487,0.7639515,-0.008095384,0.03716558,0.7555848,0.03315093,-0.1963358,0.821332,-0.01209462,0.6435637,0.8079123
72057594037941341,0,1.656837,9889.88,-0.02906459,0.2444163,0.8059687,-0.03817717,0.7901434,0.7996766,-0.1377782,0.6019372,0.8780322,-0.1352593,0.4151769,0.7752358,-0.2340628,0.3041565,0.7412581,-0.2520424,0.2640238,0.7243094,0.06957202,0.5831172,0.7600313,0.06283088,0.4280208,0.7332016,-0.1047284,0.4257972,0.6823682,-0.1206764,0.4138647,0.6962129,-0.0782771,0.2444098,0.7939476,0.02968895,-0.02320296,0.8321294,0.09471114,-0.1885676,0.8668561,0.02184268,0.2525487,0.7639515,-0.008095384,0.03716558,0.7555848,0.03315093,-0.1963358,0.821332,-0.01209462,0.6435637,0.8079123
72057594037941341,0,1.656837,9889.882,-0.02906459,0.2444163,0.8059687,-0.03817717,0.7901434,0.7996766,-0.1377782,0.6019372,0.8780322,-0.1352593,0.4151769,0.7752358,-0.2340628,0.3041565,0.7412581,-0.2520424,0.2640238,0.7243094,0.06957202,0.5831172,0.7600313,0.06283088,0.4280208,0.7332016,-0.1047284,0.4257972,0.6823682,-0.1206764,0.4138647,0.6962129,-0.0782771,0.2444098,0.7939476,0.02968895,-0.02320296,0.8321294,0.09471114,-0.1885676,0.8668561,0.02184268,0.2525487,0.7639515,-0.008095384,0.03716558,0.7555848,0.03315093,-0.1963358,0.821332,-0.01209462,0.6435637,0.8079123
72057594037941341,0,1.656837,9889.884,-0.02906459,0.2444163,0.8059687,-0.03817717,0.7901434,0.7996766,-0.1377782,0.6019372,0.8780322,-0.1352593,0.4151769,0.7752358,-0.2340628,0.3041565,0.7412581,-0.2520424,0.2640238,0.7243094,0.06957202,0.5831172,0.7600313,0.06283088,0.4280208,0.7332016,-0.1047284,0.4257972,0.6823682,-0.1206764,0.4138647,0.6962129,-0.0782771,0.2444098,0.7939476,0.02968895,-0.02320296,0.8321294,0.09471114,-0.1885676,0.8668561,0.02184268,0.2525487,0.7639515,-0.008095384,0.03716558,0.7555848,0.03315093,-0.1963358,0.821332,-0.01209462,0.6435637,0.8079123
72057594037941341,0,1.656837,9889.886,-0.02906459,0.2444163,0.8059687,-0.03817717,0.7901434,0.7996766,-0.1377782,0.6019372,0.8780322,-0.1352593,0.4151769,0.7752358,-0.2340628,0.3041565,0.7412581,-0.2520424,0.2640238,0.7243094,0.06957202,0.5831172,0.7600313,0.06283088,0.4280208,0.7332016,-0.1047284,0.4257972,0.6823682,-0.1206764,0.4138647,0.6962129,-0.0782771,0.2444098,0.7939476,0.02968895,-0.02320296,0.8321294,0.09471114,-0.1885676,0.8668561,0.02184268,0.2525487,0.7639515,-0.008095384,0.03716558,0.7555848,0.03315093,-0.1963358,0.821332,-0.01209462,0.6435637,0.8079123
72057594037941341,0,1.656837,9889.888,-0.02906459,0.2444163,0.8059687,-0.03817717,0.7901434,0.7996766,-0.1377782,0.6019372,0.8780322,-0.1352593,0.4151769,0.7752358,-0.2340628,0.3041565,0.7412581,-0.2520424,0.2640238,0.7243094,0.06957202,0.5831172,0.7600313,0.06283088,0.4280208,0.7332016,-0.1047284,0.4257972,0.6823682,-0.1206764,0.4138647,0.6962129,-0.0782771,0.2444098,0.7939476,0.02968895,-0.02320296,0.8321294,0.09471114,-0.1885676,0.8668561,0.02184268,0.2525487,0.7639515,-0.008095384,0.03716558,0.7555848,0.03315093,-0.1963358,0.821332,-0.01209462,0.6435637,0.8079123
72057594037941341,0,1.656837,9889.89,-0.02906459,0.2444163,0.8059687,-0.03817717,0.7901434,0.7996766,-0.1377782,0.6019372,0.8780322,-0.1352593,0.4151769,0.7752358,-0.2340628,0.3041565,0.7412581,-0.2520424,0.2640238,0.7243094,0.06957202,0.5831172,0.7600313,0.06283088,0.4280208,0.7332016,-0.1047284,0.4257972,0.6823682,-0.1206764,0.4138647,0.6962129,-0.0782771,0.2444098,0.7939476,0.02968895,-0.02320296,0.8321294,0.09471114,-0.1885676,0.8668561,0.02184268,0.2525487,0.7639515,-0.008095384,0.03716558,0.7555848,0.03315093,-0.1963358,0.821332,-0.01209462,0.6435637,0.8079123
72057594037941341,0,1.656837,9889.892,-0.02906459,0.2444163,0.8059687,-0.03817717,0.7901434,0.7996766,-0.1377782,0.6019372,0.8780322,-0.1352593,0.4151769,0.7752358,-0.2340628,0.3041565,0.7412581,-0.2520424,0.2640238,0.7243094,0.06957202,0.5831172,0.7600313,0.06283088,0.4280208,0.7332016,-0.1047284,0.4257972,0.6823682,-0.1206764,0.4138647,0.6962129,-0.0782771,0.2444098,0.7939476,0.02968895,-0.02320296,0.8321294,0.09471114,-0.1885676,0.8668561,0.02184268,0.2525487,0.7639515,-0.008095384,0.03716558,0.7555848,0.03315093,-0.1963358,0.821332,-0.01209462,0.6435637,0.8079123
72057594037941341,0,1.656837,9889.894,-0.02906459,0.2444163,0.8059687,-0.03817717,0.7901434,0.7996766,-0.1377782,0.6019372,0.8780322,-0.1352593,0.4151769,0.7752358,-0.2340628,0.3041565,0.7412581,-0.2520424,0.2640238,0.7243094,0.06957202,0.5831172,0.7600313,0.06283088,0.4280208,0.7332016,-0.1047284,0.4257972,0.6823682,-0.1206764,0.4138647,0.6962129,-0.0782771,0.2444098,0.7939476,0.02968895,-0.02320296,0.8321294,0.09471114,-0.1885676,0.8668561,0.02184268,0.2525487,0.7639515,-0.008095384,0.03716558,0.7555848,0.03315093,-0.1963358,0.821332,-0.01209462,0.6435637,0.8079123
72057594037941341,0,1.656837,9889.895,-0.02906459,0.2444163,0.8059687,-0.03817717,0.7901434,0.7996766,-0.1377782,0.6019372,0.8780322,-0.1352593,0.4151769,0.7752358,-0.2340628,0.3041565,0.7412581,-0.2520424,0.2640238,0.7243094,0.06957202,0.5831172,0.7600313,0.06283088,0.4280208,0.7332016,-0.1047284,0.4257972,0.6823682,-0.1206764,0.4138647,0.6962129,-0.0782771,0.2444098,0.7939476,0.02968895,-0.02320296,0.8321294,0.09471114,-0.1885676,0.8668561,0.02184268,0.2525487,0.7639515,-0.008095384,0.03716558,0.7555848,0.03315093,-0.1963358,0.821332,-0.01209462,0.6435637,0.8079123
72057594037941341,0,1.656837,9889.897,-0.02906459,0.2444163,0.8059687,-0.03817717,0.7901434,0.7996766,-0.1377782,0.6019372,0.8780322,-0.1352593,0.4151769,0.7752358,-0.2340628,0.3041565,0.7412581,-0.2520424,0.2640238,0.7243094,0.06957202,0.5831172,0.7600313,0.06283088,0.4280208,0.7332016,-0.1047284,0.4257972,0.6823682,-0.1206764,0.4138647,0.6962129,-0.0782771,0.2444098,0.7939476,0.02968895,-0.02320296,0.8321294,0.09471114,-0.1885676,0.8668561,0.02184268,0.2525487,0.7639515,-0.008095384,0.03716558,0.7555848,0.03315093,-0.1963358,0.821332,-0.01209462,0.6435637,0.8079123
72057594037941341,0,1.656837,9889.899,-0.02906459,0.2444163,0.8059687,-0.03817717,0.7901434,0.7996766,-0.1377782,0.6019372,0.8780322,-0.1352593,0.4151769,0.7752358,-0.2340628,0.3041565,0.7412581,-0.2520424,0.2640238,0.7243094,0.06957202,0.5831172,0.7600313,0.06283088,0.4280208,0.7332016,-0.1047284,0.4257972,0.6823682,-0.1206764,0.4138647,0.6962129,-0.0782771,0.2444098,0.7939476,0.02968895,-0.02320296,0.8321294,0.09471114,-0.1885676,0.8668561,0.02184268,0.2525487,0.7639515,-0.008095384,0.03716558,0.7555848,0.03315093,-0.1963358,0.821332,-0.01209462,0.6435637,0.8079123
72057594037941341,0,1.661849,9889.901,-0.03476905,0.2441576,0.8007053,-0.04359677,0.789206,0.7922701,-0.1460416,0.6029376,0.8657038,-0.1440751,0.4126584,0.769846,-0.2427272,0.3044782,0.7254859,-0.2615077,0.2648616,0.7082797,0.05971407,0.5838825,0.7441621,0.05961442,0.4278018,0.7285671,-0.1038223,0.4265307,0.6751196,-0.1211024,0.4171517,0.6843361,-0.0829599,0.2444633,0.7893559,0.02369603,-0.02450716,0.827576,0.08769371,-0.1902913,0.8622169,0.01553587,0.2519714,0.7581469,-0.01340683,0.03648579,0.7534548,0.03038042,-0.1975245,0.81635,-0.01727325,0.6437308,0.8013664
72057594037941341,0,1.661849,9889.904,-0.03476905,0.2441576,0.8007053,-0.04359677,0.789206,0.7922701,-0.1460416,0.6029376,0.8657038,-0.1440751,0.4126584,0.769846,-0.2427272,0.3044782,0.7254859,-0.2615077,0.2648616,0.7082797,0.05971407,0.5838825,0.7441621,0.05961442,0.4278018,0.7285671,-0.1038223,0.4265307,0.6751196,-0.1211024,0.4171517,0.6843361,-0.0829599,0.2444633,0.7893559,0.02369603,-0.02450716,0.827576,0.08769371,-0.1902913,0.8622169,0.01553587,0.2519714,0.7581469,-0.01340683,0.03648579,0.7534548,0.03038042,-0.1975245,0.81635,-0.01727325,0.6437308,0.8013664
72057594037941341,0,1.661849,9889.906,-0.03476905,0.2441576,0.8007053,-0.04359677,0.789206,0.7922701,-0.1460416,0.6029376,0.8657038,-0.1440751,0.4126584,0.769846,-0.2427272,0.3044782,0.7254859,-0.2615077,0.2648616,0.7082797,0.05971407,0.5838825,0.7441621,0.05961442,0.4278018,0.7285671,-0.1038223,0.4265307,0.6751196,-0.1211024,0.4171517,0.6843361,-0.0829599,0.2444633,0.7893559,0.02369603,-0.02450716,0.827576,0.08769371,-0.1902913,0.8622169,0.01553587,0.2519714,0.7581469,-0.01340683,0.03648579,0.7534548,0.03038042,-0.1975245,0.81635,-0.01727325,0.6437308,0.8013664
72057594037941341,0,1.661849,9889.908,-0.03476905,0.2441576,0.8007053,-0.04359677,0.789206,0.7922701,-0.1460416,0.6029376,0.8657038,-0.1440751,0.4126584,0.769846,-0.2427272,0.3044782,0.7254859,-0.2615077,0.2648616,0.7082797,0.05971407,0.5838825,0.7441621,0.05961442,0.4278018,0.7285671,-0.1038223,0.4265307,0.6751196,-0.1211024,0.4171517,0.6843361,-0.0829599,0.2444633,0.7893559,0.02369603,-0.02450716,0.827576,0.08769371,-0.1902913,0.8622169,0.01553587,0.2519714,0.7581469,-0.01340683,0.03648579,0.7534548,0.03038042,-0.1975245,0.81635,-0.01727325,0.6437308,0.8013664
72057594037941341,0,1.661849,9889.909,-0.03476905,0.2441576,0.8007053,-0.04359677,0.789206,0.7922701,-0.1460416,0.6029376,0.8657038,-0.1440751,0.4126584,0.769846,-0.2427272,0.3044782,0.7254859,-0.2615077,0.2648616,0.7082797,0.05971407,0.5838825,0.7441621,0.05961442,0.4278018,0.7285671,-0.1038223,0.4265307,0.6751196,-0.1211024,0.4171517,0.6843361,-0.0829599,0.2444633,0.7893559,0.02369603,-0.02450716,0.827576,0.08769371,-0.1902913,0.8622169,0.01553587,0.2519714,0.7581469,-0.01340683,0.03648579,0.7534548,0.03038042,-0.1975245,0.81635,-0.01727325,0.6437308,0.8013664
72057594037941341,0,1.661849,9889.911,-0.03476905,0.2441576,0.8007053,-0.04359677,0.789206,0.7922701,-0.1460416,0.6029376,0.8657038,-0.1440751,0.4126584,0.769846,-0.2427272,0.3044782,0.7254859,-0.2615077,0.2648616,0.7082797,0.05971407,0.5838825,0.7441621,0.05961442,0.4278018,0.7285671,-0.1038223,0.4265307,0.6751196,-0.1211024,0.4171517,0.6843361,-0.0829599,0.2444633,0.7893559,0.02369603,-0.02450716,0.827576,0.08769371,-0.1902913,0.8622169,0.01553587,0.2519714,0.7581469,-0.01340683,0.03648579,0.7534548,0.03038042,-0.1975245,0.81635,-0.01727325,0.6437308,0.8013664
72057594037941341,0,1.661849,9889.913,-0.03476905,0.2441576,0.8007053,-0.04359677,0.789206,0.7922701,-0.1460416,0.6029376,0.8657038,-0.1440751,0.4126584,0.769846,-0.2427272,0.3044782,0.7254859,-0.2615077,0.2648616,0.7082797,0.05971407,0.5838825,0.7441621,0.05961442,0.4278018,0.7285671,-0.1038223,0.4265307,0.6751196,-0.1211024,0.4171517,0.6843361,-0.0829599,0.2444633,0.7893559,0.02369603,-0.02450716,0.827576,0.08769371,-0.1902913,0.8622169,0.01553587,0.2519714,0.7581469,-0.01340683,0.03648579,0.7534548,0.03038042,-0.1975245,0.81635,-0.01727325,0.6437308,0.8013664
72057594037941341,0,1.661849,9889.915,-0.03476905,0.2441576,0.8007053,-0.04359677,0.789206,0.7922701,-0.1460416,0.6029376,0.8657038,-0.1440751,0.4126584,0.769846,-0.2427272,0.3044782,0.7254859,-0.2615077,0.2648616,0.7082797,0.05971407,0.5838825,0.7441621,0.05961442,0.4278018,0.7285671,-0.1038223,0.4265307,0.6751196,-0.1211024,0.4171517,0.6843361,-0.0829599,0.2444633,0.7893559,0.02369603,-0.02450716,0.827576,0.08769371,-0.1902913,0.8622169,0.01553587,0.2519714,0.7581469,-0.01340683,0.03648579,0.7534548,0.03038042,-0.1975245,0.81635,-0.01727325,0.6437308,0.8013664
72057594037941341,0,1.661849,9889.916,-0.03476905,0.2441576,0.8007053,-0.04359677,0.789206,0.7922701,-0.1460416,0.6029376,0.8657038,-0.1440751,0.4126584,0.769846,-0.2427272,0.3044782,0.7254859,-0.2615077,0.2648616,0.7082797,0.05971407,0.5838825,0.7441621,0.05961442,0.4278018,0.7285671,-0.1038223,0.4265307,0.6751196,-0.1211024,0.4171517,0.6843361,-0.0829599,0.2444633,0.7893559,0.02369603,-0.02450716,0.827576,0.08769371,-0.1902913,0.8622169,0.01553587,0.2519714,0.7581469,-0.01340683,0.03648579,0.7534548,0.03038042,-0.1975245,0.81635,-0.01727325,0.6437308,0.8013664
72057594037941341,0,1.661849,9889.918,-0.03476905,0.2441576,0.8007053,-0.04359677,0.789206,0.7922701,-0.1460416,0.6029376,0.8657038,-0.1440751,0.4126584,0.769846,-0.2427272,0.3044782,0.7254859,-0.2615077,0.2648616,0.7082797,0.05971407,0.5838825,0.7441621,0.05961442,0.4278018,0.7285671,-0.1038223,0.4265307,0.6751196,-0.1211024,0.4171517,0.6843361,-0.0829599,0.2444633,0.7893559,0.02369603,-0.02450716,0.827576,0.08769371,-0.1902913,0.8622169,0.01553587,0.2519714,0.7581469,-0.01340683,0.03648579,0.7534548,0.03038042,-0.1975245,0.81635,-0.01727325,0.6437308,0.8013664
72057594037941341,0,1.661849,9889.921,-0.03476905,0.2441576,0.8007053,-0.04359677,0.789206,0.7922701,-0.1460416,0.6029376,0.8657038,-0.1440751,0.4126584,0.769846,-0.2427272,0.3044782,0.7254859,-0.2615077,0.2648616,0.7082797,0.05971407,0.5838825,0.7441621,0.05961442,0.4278018,0.7285671,-0.1038223,0.4265307,0.6751196,-0.1211024,0.4171517,0.6843361,-0.0829599,0.2444633,0.7893559,0.02369603,-0.02450716,0.827576,0.08769371,-0.1902913,0.8622169,0.01553587,0.2519714,0.7581469,-0.01340683,0.03648579,0.7534548,0.03038042,-0.1975245,0.81635,-0.01727325,0.6437308,0.8013664
72057594037941341,0,1.661849,9889.924,-0.03476905,0.2441576,0.8007053,-0.04359677,0.789206,0.7922701,-0.1460416,0.6029376,0.8657038,-0.1440751,0.4126584,0.769846,-0.2427272,0.3044782,0.7254859,-0.2615077,0.2648616,0.7082797,0.05971407,0.5838825,0.7441621,0.05961442,0.4278018,0.7285671,-0.1038223,0.4265307,0.6751196,-0.1211024,0.4171517,0.6843361,-0.0829599,0.2444633,0.7893559,0.02369603,-0.02450716,0.827576,0.08769371,-0.1902913,0.8622169,0.01553587,0.2519714,0.7581469,-0.01340683,0.03648579,0.7534548,0.03038042,-0.1975245,0.81635,-0.01727325,0.6437308,0.8013664
72057594037941341,0,1.661849,9889.926,-0.03476905,0.2441576,0.8007053,-0.04359677,0.789206,0.7922701,-0.1460416,0.6029376,0.8657038,-0.1440751,0.4126584,0.769846,-0.2427272,0.3044782,0.7254859,-0.2615077,0.2648616,0.7082797,0.05971407,0.5838825,0.7441621,0.05961442,0.4278018,0.7285671,-0.1038223,0.4265307,0.6751196,-0.1211024,0.4171517,0.6843361,-0.0829599,0.2444633,0.7893559,0.02369603,-0.02450716,0.827576,0.08769371,-0.1902913,0.8622169,0.01553587,0.2519714,0.7581469,-0.01340683,0.03648579,0.7534548,0.03038042,-0.1975245,0.81635,-0.01727325,0.6437308,0.8013664
72057594037941341,0,1.661849,9889.927,-0.03476905,0.2441576,0.8007053,-0.04359677,0.789206,0.7922701,-0.1460416,0.6029376,0.8657038,-0.1440751,0.4126584,0.769846,-0.2427272,0.3044782,0.7254859,-0.2615077,0.2648616,0.7082797,0.05971407,0.5838825,0.7441621,0.05961442,0.4278018,0.7285671,-0.1038223,0.4265307,0.6751196,-0.1211024,0.4171517,0.6843361,-0.0829599,0.2444633,0.7893559,0.02369603,-0.02450716,0.827576,0.08769371,-0.1902913,0.8622169,0.01553587,0.2519714,0.7581469,-0.01340683,0.03648579,0.7534548,0.03038042,-0.1975245,0.81635,-0.01727325,0.6437308,0.8013664
72057594037941341,0,1.661849,9889.929,-0.03476905,0.2441576,0.8007053,-0.04359677,0.789206,0.7922701,-0.1460416,0.6029376,0.8657038,-0.1440751,0.4126584,0.769846,-0.2427272,0.3044782,0.7254859,-0.2615077,0.2648616,0.7082797,0.05971407,0.5838825,0.7441621,0.05961442,0.4278018,0.7285671,-0.1038223,0.4265307,0.6751196,-0.1211024,0.4171517,0.6843361,-0.0829599,0.2444633,0.7893559,0.02369603,-0.02450716,0.827576,0.08769371,-0.1902913,0.8622169,0.01553587,0.2519714,0.7581469,-0.01340683,0.03648579,0.7534548,0.03038042,-0.1975245,0.81635,-0.01727325,0.6437308,0.8013664
72057594037941341,0,1.661849,9889.931,-0.03476905,0.2441576,0.8007053,-0.04359677,0.789206,0.7922701,-0.1460416,0.6029376,0.8657038,-0.1440751,0.4126584,0.769846,-0.2427272,0.3044782,0.7254859,-0.2615077,0.2648616,0.7082797,0.05971407,0.5838825,0.7441621,0.05961442,0.4278018,0.7285671,-0.1038223,0.4265307,0.6751196,-0.1211024,0.4171517,0.6843361,-0.0829599,0.2444633,0.7893559,0.02369603,-0.02450716,0.827576,0.08769371,-0.1902913,0.8622169,0.01553587,0.2519714,0.7581469,-0.01340683,0.03648579,0.7534548,0.03038042,-0.1975245,0.81635,-0.01727325,0.6437308,0.8013664
72057594037941341,0,1.661849,9889.933,-0.03476905,0.2441576,0.8007053,-0.04359677,0.789206,0.7922701,-0.1460416,0.6029376,0.8657038,-0.1440751,0.4126584,0.769846,-0.2427272,0.3044782,0.7254859,-0.2615077,0.2648616,0.7082797,0.05971407,0.5838825,0.7441621,0.05961442,0.4278018,0.7285671,-0.1038223,0.4265307,0.6751196,-0.1211024,0.4171517,0.6843361,-0.0829599,0.2444633,0.7893559,0.02369603,-0.02450716,0.827576,0.08769371,-0.1902913,0.8622169,0.01553587,0.2519714,0.7581469,-0.01340683,0.03648579,0.7534548,0.03038042,-0.1975245,0.81635,-0.01727325,0.6437308,0.8013664
72057594037941341,0,1.667027,9889.935,-0.04450681,0.2443662,0.7951584,-0.04840038,0.7881361,0.7854784,-0.150885,0.6037663,0.8588058,-0.1795809,0.4133841,0.7681098,-0.207186,0.2778893,0.6983743,-0.2246272,0.2381657,0.6801797,0.05698866,0.5841517,0.7389992,0.0570565,0.4279994,0.7231325,-0.1029651,0.4273656,0.6670471,-0.121624,0.4193662,0.673421,-0.09197923,0.2453587,0.784493,-0.06940391,0.02725959,0.7598261,0.04825567,-0.1436374,0.8698784,0.005737124,0.2514758,0.7519905,-0.0211205,0.03651765,0.7518903,0.03772134,-0.1959376,0.8083945,-0.0224093,0.6437256,0.7953572
72057594037941341,0,1.667027,9889.937,-0.04450681,0.2443662,0.7951584,-0.04840038,0.7881361,0.7854784,-0.150885,0.6037663,0.8588058,-0.1795809,0.4133841,0.7681098,-0.207186,0.2778893,0.6983743,-0.2246272,0.2381657,0.6801797,0.05698866,0.5841517,0.7389992,0.0570565,0.4279994,0.7231325,-0.1029651,0.4273656,0.6670471,-0.121624,0.4193662,0.673421,-0.09197923,0.2453587,0.784493,-0.06940391,0.02725959,0.7598261,0.04825567,-0.1436374,0.8698784,0.005737124,0.2514758,0.7519905,-0.0211205,0.03651765,0.7518903,0.03772134,-0.1959376,0.8083945,-0.0224093,0.6437256,0.7953572
72057594037941341,0,1.667027,9889.94,-0.04450681,0.2443662,0.7951584,-0.04840038,0.7881361,0.7854784,-0.150885,0.6037663,0.8588058,-0.1795809,0.4133841,0.7681098,-0.207186,0.2778893,0.6983743,-0.2246272,0.2381657,0.6801797,0.05698866,0.5841517,0.7389992,0.0570565,0.4279994,0.7231325,-0.1029651,0.4273656,0.6670471,-0.121624,0.4193662,0.673421,-0.09197923,0.2453587,0.784493,-0.06940391,0.02725959,0.7598261,0.04825567,-0.1436374,0.8698784,0.005737124,0.2514758,0.7519905,-0.0211205,0.03651765,0.7518903,0.03772134,-0.1959376,0.8083945,-0.0224093,0.6437256,0.7953572
72057594037941341,0,1.667027,9889.943,-0.04450681,0.2443662,0.7951584,-0.04840038,0.7881361,0.7854784,-0.150885,0.6037663,0.8588058,-0.1795809,0.4133841,0.7681098,-0.207186,0.2778893,0.6983743,-0.2246272,0.2381657,0.6801797,0.05698866,0.5841517,0.7389992,0.0570565,0.4279994,0.7231325,-0.1029651,0.4273656,0.6670471,-0.121624,0.4193662,0.673421,-0.09197923,0.2453587,0.784493,-0.06940391,0.02725959,0.7598261,0.04825567,-0.1436374,0.8698784,0.005737124,0.2514758,0.7519905,-0.0211205,0.03651765,0.7518903,0.03772134,-0.1959376,0.8083945,-0.0224093,0.6437256,0.7953572
72057594037941341,0,1.667027,9889.945,-0.04450681,0.2443662,0.7951584,-0.04840038,0.7881361,0.7854784,-0.150885,0.6037663,0.8588058,-0.1795809,0.4133841,0.7681098,-0.207186,0.2778893,0.6983743,-0.2246272,0.2381657,0.6801797,0.05698866,0.5841517,0.7389992,0.0570565,0.4279994,0.7231325,-0.1029651,0.4273656,0.6670471,-0.121624,0.4193662,0.673421,-0.09197923,0.2453587,0.784493,-0.06940391,0.02725959,0.7598261,0.04825567,-0.1436374,0.8698784,0.005737124,0.2514758,0.7519905,-0.0211205,0.03651765,0.7518903,0.03772134,-0.1959376,0.8083945,-0.0224093,0.6437256,0.7953572
72057594037941341,0,1.667027,9889.947,-0.04450681,0.2443662,0.7951584,-0.04840038,0.7881361,0.7854784,-0.150885,0.6037663,0.8588058,-0.1795809,0.4133841,0.7681098,-0.207186,0.2778893,0.6983743,-0.2246272,0.2381657,0.6801797,0.05698866,0.5841517,0.7389992,0.0570565,0.4279994,0.7231325,-0.1029651,0.4273656,0.6670471,-0.121624,0.4193662,0.673421,-0.09197923,0.2453587,0.784493,-0.06940391,0.02725959,0.7598261,0.04825567,-0.1436374,0.8698784,0.005737124,0.2514758,0.7519905,-0.0211205,0.03651765,0.7518903,0.03772134,-0.1959376,0.8083945,-0.0224093,0.6437256,0.7953572
72057594037941341,0,1.667027,9889.949,-0.04450681,0.2443662,0.7951584,-0.04840038,0.7881361,0.7854784,-0.150885,0.6037663,0.8588058,-0.1795809,0.4133841,0.7681098,-0.207186,0.2778893,0.6983743,-0.2246272,0.2381657,0.6801797,0.05698866,0.5841517,0.7389992,0.0570565,0.4279994,0.7231325,-0.1029651,0.4273656,0.6670471,-0.121624,0.4193662,0.673421,-0.09197923,0.2453587,0.784493,-0.06940391,0.02725959,0.7598261,0.04825567,-0.1436374,0.8698784,0.005737124,0.2514758,0.7519905,-0.0211205,0.03651765,0.7518903,0.03772134,-0.1959376,0.8083945,-0.0224093,0.6437256,0.7953572
72057594037941341,0,1.667027,9889.951,-0.04450681,0.2443662,0.7951584,-0.04840038,0.7881361,0.7854784,-0.150885,0.6037663,0.8588058,-0.1795809,0.4133841,0.7681098,-0.207186,0.2778893,0.6983743,-0.2246272,0.2381657,0.6801797,0.05698866,0.5841517,0.7389992,0.0570565,0.4279994,0.7231325,-0.1029651,0.4273656,0.6670471,-0.121624,0.4193662,0.673421,-0.09197923,0.2453587,0.784493,-0.06940391,0.02725959,0.7598261,0.04825567,-0.1436374,0.8698784,0.005737124,0.2514758,0.7519905,-0.0211205,0.03651765,0.7518903,0.03772134,-0.1959376,0.8083945,-0.0224093,0.6437256,0.7953572
72057594037941341,0,1.667027,9889.953,-0.04450681,0.2443662,0.7951584,-0.04840038,0.7881361,0.7854784,-0.150885,0.6037663,0.8588058,-0.1795809,0.4133841,0.7681098,-0.207186,0.2778893,0.6983743,-0.2246272,0.2381657,0.6801797,0.05698866,0.5841517,0.7389992,0.0570565,0.4279994,0.7231325,-0.1029651,0.4273656,0.6670471,-0.121624,0.4193662,0.673421,-0.09197923,0.2453587,0.784493,-0.06940391,0.02725959,0.7598261,0.04825567,-0.1436374,0.8698784,0.005737124,0.2514758,0.7519905,-0.0211205,0.03651765,0.7518903,0.03772134,-0.1959376,0.8083945,-0.0224093,0.6437256,0.7953572
72057594037941341,0,1.667027,9889.955,-0.04450681,0.2443662,0.7951584,-0.04840038,0.7881361,0.7854784,-0.150885,0.6037663,0.8588058,-0.1795809,0.4133841,0.7681098,-0.207186,0.2778893,0.6983743,-0.2246272,0.2381657,0.6801797,0.05698866,0.5841517,0.7389992,0.0570565,0.4279994,0.7231325,-0.1029651,0.4273656,0.6670471,-0.121624,0.4193662,0.673421,-0.09197923,0.2453587,0.784493,-0.06940391,0.02725959,0.7598261,0.04825567,-0.1436374,0.8698784,0.005737124,0.2514758,0.7519905,-0.0211205,0.03651765,0.7518903,0.03772134,-0.1959376,0.8083945,-0.0224093,0.6437256,0.7953572
72057594037941341,0,1.667027,9889.957,-0.04450681,0.2443662,0.7951584,-0.04840038,0.7881361,0.7854784,-0.150885,0.6037663,0.8588058,-0.1795809,0.4133841,0.7681098,-0.207186,0.2778893,0.6983743,-0.2246272,0.2381657,0.6801797,0.05698866,0.5841517,0.7389992,0.0570565,0.4279994,0.7231325,-0.1029651,0.4273656,0.6670471,-0.121624,0.4193662,0.673421,-0.09197923,0.2453587,0.784493,-0.06940391,0.02725959,0.7598261,0.04825567,-0.1436374,0.8698784,0.005737124,0.2514758,0.7519905,-0.0211205,0.03651765,0.7518903,0.03772134,-0.1959376,0.8083945,-0.0224093,0.6437256,0.7953572
72057594037941341,0,1.667027,9889.959,-0.04450681,0.2443662,0.7951584,-0.04840038,0.7881361,0.7854784,-0.150885,0.6037663,0.8588058,-0.1795809,0.4133841,0.7681098,-0.207186,0.2778893,0.6983743,-0.2246272,0.2381657,0.6801797,0.05698866,0.5841517,0.7389992,0.0570565,0.4279994,0.7231325,-0.1029651,0.4273656,0.6670471,-0.121624,0.4193662,0.673421,-0.09197923,0.2453587,0.784493,-0.06940391,0.02725959,0.7598261,0.04825567,-0.1436374,0.8698784,0.005737124,0.2514758,0.7519905,-0.0211205,0.03651765,0.7518903,0.03772134,-0.1959376,0.8083945,-0.0224093,0.6437256,0.7953572
72057594037941341,0,1.667027,9889.961,-0.04450681,0.2443662,0.7951584,-0.04840038,0.7881361,0.7854784,-0.150885,0.6037663,0.8588058,-0.1795809,0.4133841,0.7681098,-0.207186,0.2778893,0.6983743,-0.2246272,0.2381657,0.6801797,0.05698866,0.5841517,0.7389992,0.0570565,0.4279994,0.7231325,-0.1029651,0.4273656,0.6670471,-0.121624,0.4193662,0.673421,-0.09197923,0.2453587,0.784493,-0.06940391,0.02725959,0.7598261,0.04825567,-0.1436374,0.8698784,0.005737124,0.2514758,0.7519905,-0.0211205,0.03651765,0.7518903,0.03772134,-0.1959376,0.8083945,-0.0224093,0.6437256,0.7953572
72057594037941341,0,1.667027,9889.963,-0.04450681,0.2443662,0.7951584,-0.04840038,0.7881361,0.7854784,-0.150885,0.6037663,0.8588058,-0.1795809,0.4133841,0.7681098,-0.207186,0.2778893,0.6983743,-0.2246272,0.2381657,0.6801797,0.05698866,0.5841517,0.7389992,0.0570565,0.4279994,0.7231325,-0.1029651,0.4273656,0.6670471,-0.121624,0.4193662,0.673421,-0.09197923,0.2453587,0.784493,-0.06940391,0.02725959,0.7598261,0.04825567,-0.1436374,0.8698784,0.005737124,0.2514758,0.7519905,-0.0211205,0.03651765,0.7518903,0.03772134,-0.1959376,0.8083945,-0.0224093,0.6437256,0.7953572
72057594037941341,0,1.667027,9889.965,-0.04450681,0.2443662,0.7951584,-0.04840038,0.7881361,0.7854784,-0.150885,0.6037663,0.8588058,-0.1795809,0.4133841,0.7681098,-0.207186,0.2778893,0.6983743,-0.2246272,0.2381657,0.6801797,0.05698866,0.5841517,0.7389992,0.0570565,0.4279994,0.7231325,-0.1029651,0.4273656,0.6670471,-0.121624,0.4193662,0.673421,-0.09197923,0.2453587,0.784493,-0.06940391,0.02725959,0.7598261,0.04825567,-0.1436374,0.8698784,0.005737124,0.2514758,0.7519905,-0.0211205,0.03651765,0.7518903,0.03772134,-0.1959376,0.8083945,-0.0224093,0.6437256,0.7953572
72057594037941341,0,1.670799,9889.968,-0.05157886,0.2438179,0.7914465,-0.05274856,0.7871199,0.7801445,-0.1563105,0.6031381,0.8523023,-0.1809119,0.4104362,0.7656345,-0.2238073,0.29077,0.6760604,-0.2398889,0.2487507,0.6624914,0.05405489,0.5844348,0.7339074,0.05409204,0.4282672,0.7176004,-0.1004788,0.4272283,0.6577528,-0.1191664,0.4182259,0.6637489,-0.09881342,0.2456091,0.780835,-0.07602599,0.02775875,0.7607993,0.02862412,-0.165911,0.8685056,-0.001140882,0.2501902,0.7483017,-0.02725701,0.03534588,0.7488922,0.04255736,-0.1965415,0.7992944,-0.02758235,0.6432501,0.7904767
72057594037941341,0,1.670799,9889.969,-0.05157886,0.2438179,0.7914465,-0.05274856,0.7871199,0.7801445,-0.1563105,0.6031381,0.8523023,-0.1809119,0.4104362,0.7656345,-0.2238073,0.29077,0.6760604,-0.2398889,0.2487507,0.6624914,0.05405489,0.5844348,0.7339074,0.05409204,0.4282672,0.7176004,-0.1004788,0.4272283,0.6577528,-0.1191664,0.4182259,0.6637489,-0.09881342,0.2456091,0.780835,-0.07602599,0.02775875,0.7607993,0.02862412,-0.165911,0.8685056,-0.001140882,0.2501902,0.7483017,-0.02725701,0.03534588,0.7488922,0.04255736,-0.1965415,0.7992944,-0.02758235,0.6432501,0.7904767
72057594037941341,0,1.670799,9889.971,-0.05157886,0.2438179,0.7914465,-0.05274856,0.7871199,0.7801445,-0.1563105,0.6031381,0.8523023,-0.1809119,0.4104362,0.7656345,-0.2238073,0.29077,0.6760604,-0.2398889,0.2487507,0.6624914,0.05405489,0.5844348,0.7339074,0.05409204,0.4282672,0.7176004,-0.1004788,0.4272283,0.6577528,-0.1191664,0.4182259,0.6637489,-0.09881342,0.2456091,0.780835,-0.07602599,0.02775875,0.7607993,0.02862412,-0.165911,0.8685056,-0.001140882,0.2501902,0.7483017,-0.02725701,0.03534588,0.7488922,0.04255736,-0.1965415,0.7992944,-0.02758235,0.6432501,0.7904767
72057594037941341,0,1.670799,9889.973,-0.05157886,0.2438179,0.7914465,-0.05274856,0.7871199,0.7801445,-0.1563105,0.6031381,0.8523023,-0.1809119,0.4104362,0.7656345,-0.2238073,0.29077,0.6760604,-0.2398889,0.2487507,0.6624914,0.05405489,0.5844348,0.7339074,0.05409204,0.4282672,0.7176004,-0.1004788,0.4272283,0.6577528,-0.1191664,0.4182259,0.6637489,-0.09881342,0.2456091,0.780835,-0.07602599,0.02775875,0.7607993,0.02862412,-0.165911,0.8685056,-0.001140882,0.2501902,0.7483017,-0.02725701,0.03534588,0.7488922,0.04255736,-0.1965415,0.7992944,-0.02758235,0.6432501,0.7904767
72057594037941341,0,1.670799,9889.974,-0.05157886,0.2438179,0.7914465,-0.05274856,0.7871199,0.7801445,-0.1563105,0.6031381,0.8523023,-0.1809119,0.4104362,0.7656345,-0.2238073,0.29077,0.6760604,-0.2398889,0.2487507,0.6624914,0.05405489,0.5844348,0.7339074,0.05409204,0.4282672,0.7176004,-0.1004788,0.4272283,0.6577528,-0.1191664,0.4182259,0.6637489,-0.09881342,0.2456091,0.780835,-0.07602599,0.02775875,0.7607993,0.02862412,-0.165911,0.8685056,-0.001140882,0.2501902,0.7483017,-0.02725701,0.03534588,0.7488922,0.04255736,-0.1965415,0.7992944,-0.02758235,0.6432501,0.7904767
72057594037941341,0,1.670799,9889.976,-0.05157886,0.2438179,0.7914465,-0.05274856,0.7871199,0.7801445,-0.1563105,0.6031381,0.8523023,-0.1809119,0.4104362,0.7656345,-0.2238073,0.29077,0.6760604,-0.2398889,0.2487507,0.6624914,0.05405489,0.5844348,0.7339074,0.05409204,0.4282672,0.7176004,-0.1004788,0.4272283,0.6577528,-0.1191664,0.4182259,0.6637489,-0.09881342,0.2456091,0.780835,-0.07602599,0.02775875,0.7607993,0.02862412,-0.165911,0.8685056,-0.001140882,0.2501902,0.7483017,-0.02725701,0.03534588,0.7488922,0.04255736,-0.1965415,0.7992944,-0.02758235,0.6432501,0.7904767
72057594037941341,0,1.670799,9889.979,-0.05157886,0.2438179,0.7914465,-0.05274856,0.7871199,0.7801445,-0.1563105,0.6031381,0.8523023,-0.1809119,0.4104362,0.7656345,-0.2238073,0.29077,0.6760604,-0.2398889,0.2487507,0.6624914,0.05405489,0.5844348,0.7339074,0.05409204,0.4282672,0.7176004,-0.1004788,0.4272283,0.6577528,-0.1191664,0.4182259,0.6637489,-0.09881342,0.2456091,0.780835,-0.07602599,0.02775875,0.7607993,0.02862412,-0.165911,0.8685056,-0.001140882,0.2501902,0.7483017,-0.02725701,0.03534588,0.7488922,0.04255736,-0.1965415,0.7992944,-0.02758235,0.6432501,0.7904767
72057594037941341,0,1.670799,9889.979,-0.05157886,0.2438179,0.7914465,-0.05274856,0.7871199,0.7801445,-0.1563105,0.6031381,0.8523023,-0.1809119,0.4104362,0.7656345,-0.2238073,0.29077,0.6760604,-0.2398889,0.2487507,0.6624914,0.05405489,0.5844348,0.7339074,0.05409204,0.4282672,0.7176004,-0.1004788,0.4272283,0.6577528,-0.1191664,0.4182259,0.6637489,-0.09881342,0.2456091,0.780835,-0.07602599,0.02775875,0.7607993,0.02862412,-0.165911,0.8685056,-0.001140882,0.2501902,0.7483017,-0.02725701,0.03534588,0.7488922,0.04255736,-0.1965415,0.7992944,-0.02758235,0.6432501,0.7904767
72057594037941341,0,1.670799,9889.982,-0.05157886,0.2438179,0.7914465,-0.05274856,0.7871199,0.7801445,-0.1563105,0.6031381,0.8523023,-0.1809119,0.4104362,0.7656345,-0.2238073,0.29077,0.6760604,-0.2398889,0.2487507,0.6624914,0.05405489,0.5844348,0.7339074,0.05409204,0.4282672,0.7176004,-0.1004788,0.4272283,0.6577528,-0.1191664,0.4182259,0.6637489,-0.09881342,0.2456091,0.780835,-0.07602599,0.02775875,0.7607993,0.02862412,-0.165911,0.8685056,-0.001140882,0.2501902,0.7483017,-0.02725701,0.03534588,0.7488922,0.04255736,-0.1965415,0.7992944,-0.02758235,0.6432501,0.7904767
72057594037941341,0,1.670799,9889.984,-0.05157886,0.2438179,0.7914465,-0.05274856,0.7871199,0.7801445,-0.1563105,0.6031381,0.8523023,-0.1809119,0.4104362,0.7656345,-0.2238073,0.29077,0.6760604,-0.2398889,0.2487507,0.6624914,0.05405489,0.5844348,0.7339074,0.05409204,0.4282672,0.7176004,-0.1004788,0.4272283,0.6577528,-0.1191664,0.4182259,0.6637489,-0.09881342,0.2456091,0.780835,-0.07602599,0.02775875,0.7607993,0.02862412,-0.165911,0.8685056,-0.001140882,0.2501902,0.7483017,-0.02725701,0.03534588,0.7488922,0.04255736,-0.1965415,0.7992944,-0.02758235,0.6432501,0.7904767
72057594037941341,0,1.670799,9889.986,-0.05157886,0.2438179,0.7914465,-0.05274856,0.7871199,0.7801445,-0.1563105,0.6031381,0.8523023,-0.1809119,0.4104362,0.7656345,-0.2238073,0.29077,0.6760604,-0.2398889,0.2487507,0.6624914,0.05405489,0.5844348,0.7339074,0.05409204,0.4282672,0.7176004,-0.1004788,0.4272283,0.6577528,-0.1191664,0.4182259,0.6637489,-0.09881342,0.2456091,0.780835,-0.07602599,0.02775875,0.7607993,0.02862412,-0.165911,0.8685056,-0.001140882,0.2501902,0.7483017,-0.02725701,0.03534588,0.7488922,0.04255736,-0.1965415,0.7992944,-0.02758235,0.6432501,0.7904767
72057594037941341,0,1.670799,9889.988,-0.05157886,0.2438179,0.7914465,-0.05274856,0.7871199,0.7801445,-0.1563105,0.6031381,0.8523023,-0.1809119,0.4104362,0.7656345,-0.2238073,0.29077,0.6760604,-0.2398889,0.2487507,0.6624914,0.05405489,0.5844348,0.7339074,0.05409204,0.4282672,0.7176004,-0.1004788,0.4272283,0.6577528,-0.1191664,0.4182259,0.6637489,-0.09881342,0.2456091,0.780835,-0.07602599,0.02775875,0.7607993,0.02862412,-0.165911,0.8685056,-0.001140882,0.2501902,0.7483017,-0.02725701,0.03534588,0.7488922,0.04255736,-0.1965415,0.7992944,-0.02758235,0.6432501,0.7904767
72057594037941341,0,1.670799,9889.99,-0.05157886,0.2438179,0.7914465,-0.05274856,0.7871199,0.7801445,-0.1563105,0.6031381,0.8523023,-0.1809119,0.4104362,0.7656345,-0.2238073,0.29077,0.6760604,-0.2398889,0.2487507,0.6624914,0.05405489,0.5844348,0.7339074,0.05409204,0.4282672,0.7176004,-0.1004788,0.4272283,0.6577528,-0.1191664,0.4182259,0.6637489,-0.09881342,0.2456091,0.780835,-0.07602599,0.02775875,0.7607993,0.02862412,-0.165911,0.8685056,-0.001140882,0.2501902,0.7483017,-0.02725701,0.03534588,0.7488922,0.04255736,-0.1965415,0.7992944,-0.02758235,0.6432501,0.7904767
72057594037941341,0,1.670799,9889.992,-0.05157886,0.2438179,0.7914465,-0.05274856,0.7871199,0.7801445,-0.1563105,0.6031381,0.8523023,-0.1809119,0.4104362,0.7656345,-0.2238073,0.29077,0.6760604,-0.2398889,0.2487507,0.6624914,0.05405489,0.5844348,0.7339074,0.05409204,0.4282672,0.7176004,-0.1004788,0.4272283,0.6577528,-0.1191664,0.4182259,0.6637489,-0.09881342,0.2456091,0.780835,-0.07602599,0.02775875,0.7607993,0.02862412,-0.165911,0.8685056,-0.001140882,0.2501902,0.7483017,-0.02725701,0.03534588,0.7488922,0.04255736,-0.1965415,0.7992944,-0.02758235,0.6432501,0.7904767
72057594037941341,0,1.670799,9889.994,-0.05157886,0.2438179,0.7914465,-0.05274856,0.7871199,0.7801445,-0.1563105,0.6031381,0.8523023,-0.1809119,0.4104362,0.7656345,-0.2238073,0.29077,0.6760604,-0.2398889,0.2487507,0.6624914,0.05405489,0.5844348,0.7339074,0.05409204,0.4282672,0.7176004,-0.1004788,0.4272283,0.6577528,-0.1191664,0.4182259,0.6637489,-0.09881342,0.2456091,0.780835,-0.07602599,0.02775875,0.7607993,0.02862412,-0.165911,0.8685056,-0.001140882,0.2501902,0.7483017,-0.02725701,0.03534588,0.7488922,0.04255736,-0.1965415,0.7992944,-0.02758235,0.6432501,0.7904767
72057594037941341,0,1.670799,9889.996,-0.05157886,0.2438179,0.7914465,-0.05274856,0.7871199,0.7801445,-0.1563105,0.6031381,0.8523023,-0.1809119,0.4104362,0.7656345,-0.2238073,0.29077,0.6760604,-0.2398889,0.2487507,0.6624914,0.05405489,0.5844348,0.7339074,0.05409204,0.4282672,0.7176004,-0.1004788,0.4272283,0.6577528,-0.1191664,0.4182259,0.6637489,-0.09881342,0.2456091,0.780835,-0.07602599,0.02775875,0.7607993,0.02862412,-0.165911,0.8685056,-0.001140882,0.2501902,0.7483017,-0.02725701,0.03534588,0.7488922,0.04255736,-0.1965415,0.7992944,-0.02758235,0.6432501,0.7904767
72057594037941341,0,1.670799,9889.998,-0.05157886,0.2438179,0.7914465,-0.05274856,0.7871199,0.7801445,-0.1563105,0.6031381,0.8523023,-0.1809119,0.4104362,0.7656345,-0.2238073,0.29077,0.6760604,-0.2398889,0.2487507,0.6624914,0.05405489,0.5844348,0.7339074,0.05409204,0.4282672,0.7176004,-0.1004788,0.4272283,0.6577528,-0.1191664,0.4182259,0.6637489,-0.09881342,0.2456091,0.780835,-0.07602599,0.02775875,0.7607993,0.02862412,-0.165911,0.8685056,-0.001140882,0.2501902,0.7483017,-0.02725701,0.03534588,0.7488922,0.04255736,-0.1965415,0.7992944,-0.02758235,0.6432501,0.7904767
72057594037941341,0,1.675713,9890,-0.06160071,0.2421478,0.7870747,-0.05725793,0.786216,0.7756851,-0.1613068,0.6045964,0.8491946,-0.1831876,0.4105546,0.7648118,-0.2284512,0.2976518,0.6674501,-0.2436528,0.2543829,0.6575786,0.05101616,0.5842158,0.7298759,0.05226936,0.4280002,0.7133167,-0.1018506,0.4276318,0.6525652,-0.1210609,0.4191639,0.6576024,-0.1078025,0.2440761,0.7767118,-0.09386259,0.02015832,0.7644903,0.02040537,-0.1689626,0.8721432,-0.01153074,0.2485331,0.7438145,-0.02896593,0.03343582,0.7472204,0.04298937,-0.1982102,0.7977862,-0.03272042,0.6427794,0.7862687
72057594037941341,0,1.675713,9890.002,-0.06160071,0.2421478,0.7870747,-0.05725793,0.786216,0.7756851,-0.1613068,0.6045964,0.8491946,-0.1831876,0.4105546,0.7648118,-0.2284512,0.2976518,0.6674501,-0.2436528,0.2543829,0.6575786,0.05101616,0.5842158,0.7298759,0.05226936,0.4280002,0.7133167,-0.1018506,0.4276318,0.6525652,-0.1210609,0.4191639,0.6576024,-0.1078025,0.2440761,0.7767118,-0.09386259,0.02015832,0.7644903,0.02040537,-0.1689626,0.8721432,-0.01153074,0.2485331,0.7438145,-0.02896593,0.03343582,0.7472204,0.04298937,-0.1982102,0.7977862,-0.03272042,0.6427794,0.7862687
72057594037941341,0,1.675713,9890.004,-0.06160071,0.2421478,0.7870747,-0.05725793,0.786216,0.7756851,-0.1613068,0.6045964,0.8491946,-0.1831876,0.4105546,0.7648118,-0.2284512,0.2976518,0.6674501,-0.2436528,0.2543829,0.6575786,0.05101616,0.5842158,0.7298759,0.05226936,0.4280002,0.7133167,-0.1018506,0.4276318,0.6525652,-0.1210609,0.4191639,0.6576024,-0.1078025,0.2440761,0.7767118,-0.09386259,0.02015832,0.7644903,0.02040537,-0.1689626,0.8721432,-0.01153074,0.2485331,0.7438145,-0.02896593,0.03343582,0.7472204,0.04298937,-0.1982102,0.7977862,-0.03272042,0.6427794,0.7862687
72057594037941341,0,1.675713,9890.005,-0.06160071,0.2421478,0.7870747,-0.05725793,0.786216,0.7756851,-0.1613068,0.6045964,0.8491946,-0.1831876,0.4105546,0.7648118,-0.2284512,0.2976518,0.6674501,-0.2436528,0.2543829,0.6575786,0.05101616,0.5842158,0.7298759,0.05226936,0.4280002,0.7133167,-0.1018506,0.4276318,0.6525652,-0.1210609,0.4191639,0.6576024,-0.1078025,0.2440761,0.7767118,-0.09386259,0.02015832,0.7644903,0.02040537,-0.1689626,0.8721432,-0.01153074,0.2485331,0.7438145,-0.02896593,0.03343582,0.7472204,0.04298937,-0.1982102,0.7977862,-0.03272042,0.6427794,0.7862687
72057594037941341,0,1.675713,9890.007,-0.06160071,0.2421478,0.7870747,-0.05725793,0.786216,0.7756851,-0.1613068,0.6045964,0.8491946,-0.1831876,0.4105546,0.7648118,-0.2284512,0.2976518,0.6674501,-0.2436528,0.2543829,0.6575786,0.05101616,0.5842158,0.7298759,0.05226936,0.4280002,0.7133167,-0.1018506,0.4276318,0.6525652,-0.1210609,0.4191639,0.6576024,-0.1078025,0.2440761,0.7767118,-0.09386259,0.02015832,0.7644903,0.02040537,-0.1689626,0.8721432,-0.01153074,0.2485331,0.7438145,-0.02896593,0.03343582,0.7472204,0.04298937,-0.1982102,0.7977862,-0.03272042,0.6427794,0.7862687
72057594037941341,0,1.675713,9890.009,-0.06160071,0.2421478,0.7870747,-0.05725793,0.786216,0.7756851,-0.1613068,0.6045964,0.8491946,-0.1831876,0.4105546,0.7648118,-0.2284512,0.2976518,0.6674501,-0.2436528,0.2543829,0.6575786,0.05101616,0.5842158,0.7298759,0.05226936,0.4280002,0.7133167,-0.1018506,0.4276318,0.6525652,-0.1210609,0.4191639,0.6576024,-0.1078025,0.2440761,0.7767118,-0.09386259,0.02015832,0.7644903,0.02040537,-0.1689626,0.8721432,-0.01153074,0.2485331,0.7438145,-0.02896593,0.03343582,0.7472204,0.04298937,-0.1982102,0.7977862,-0.03272042,0.6427794,0.7862687
72057594037941341,0,1.675713,9890.011,-0.06160071,0.2421478,0.7870747,-0.05725793,0.786216,0.7756851,-0.1613068,0.6045964,0.8491946,-0.1831876,0.4105546,0.7648118,-0.2284512,0.2976518,0.6674501,-0.2436528,0.2543829,0.6575786,0.05101616,0.5842158,0.7298759,0.05226936,0.4280002,0.7133167,-0.1018506,0.4276318,0.6525652,-0.1210609,0.4191639,0.6576024,-0.1078025,0.2440761,0.7767118,-0.09386259,0.02015832,0.7644903,0.02040537,-0.1689626,0.8721432,-0.01153074,0.2485331,0.7438145,-0.02896593,0.03343582,0.7472204,0.04298937,-0.1982102,0.7977862,-0.03272042,0.6427794,0.7862687
72057594037941341,0,1.675713,9890.012,-0.06160071,0.2421478,0.7870747,-0.05725793,0.786216,0.7756851,-0.1613068,0.6045964,0.8491946,-0.1831876,0.4105546,0.7648118,-0.2284512,0.2976518,0.6674501,-0.2436528,0.2543829,0.6575786,0.05101616,0.5842158,0.7298759,0.05226936,0.4280002,0.7133167,-0.1018506,0.4276318,0.6525652,-0.1210609,0.4191639,0.6576024,-0.1078025,0.2440761,0.7767118,-0.09386259,0.02015832,0.7644903,0.02040537,-0.1689626,0.8721432,-0.01153074,0.2485331,0.7438145,-0.02896593,0.03343582,0.7472204,0.04298937,-0.1982102,0.7977862,-0.03272042,0.6427794,0.7862687
72057594037941341,0,1.675713,9890.014,-0.06160071,0.2421478,0.7870747,-0.05725793,0.786216,0.7756851,-0.1613068,0.6045964,0.8491946,-0.1831876,0.4105546,0.7648118,-0.2284512,0.2976518,0.6674501,-0.2436528,0.2543829,0.6575786,0.05101616,0.5842158,0.7298759,0.05226936,0.4280002,0.7133167,-0.1018506,0.4276318,0.6525652,-0.1210609,0.4191639,0.6576024,-0.1078025,0.2440761,0.7767118,-0.09386259,0.02015832,0.7644903,0.02040537,-0.1689626,0.8721432,-0.01153074,0.2485331,0.7438145,-0.02896593,0.03343582,0.7472204,0.04298937,-0.1982102,0.7977862,-0.03272042,0.6427794,0.7862687
72057594037941341,0,1.675713,9890.016,-0.06160071,0.2421478,0.7870747,-0.05725793,0.786216,0.7756851,-0.1613068,0.6045964,0.8491946,-0.1831876,0.4105546,0.7648118,-0.2284512,0.2976518,0.6674501,-0.2436528,0.2543829,0.6575786,0.05101616,0.5842158,0.7298759,0.05226936,0.4280002,0.7133167,-0.1018506,0.4276318,0.6525652,-0.1210609,0.4191639,0.6576024,-0.1078025,0.2440761,0.7767118,-0.09386259,0.02015832,0.7644903,0.02040537,-0.1689626,0.8721432,-0.01153074,0.2485331,0.7438145,-0.02896593,0.03343582,0.7472204,0.04298937,-0.1982102,0.7977862,-0.03272042,0.6427794,0.7862687
72057594037941341,0,1.675713,9890.019,-0.06160071,0.2421478,0.7870747,-0.05725793,0.786216,0.7756851,-0.1613068,0.6045964,0.8491946,-0.1831876,0.4105546,0.7648118,-0.2284512,0.2976518,0.6674501,-0.2436528,0.2543829,0.6575786,0.05101616,0.5842158,0.7298759,0.05226936,0.4280002,0.7133167,-0.1018506,0.4276318,0.6525652,-0.1210609,0.4191639,0.6576024,-0.1078025,0.2440761,0.7767118,-0.09386259,0.02015832,0.7644903,0.02040537,-0.1689626,0.8721432,-0.01153074,0.2485331,0.7438145,-0.02896593,0.03343582,0.7472204,0.04298937,-0.1982102,0.7977862,-0.03272042,0.6427794,0.7862687
72057594037941341,0,1.675713,9890.021,-0.06160071,0.2421478,0.7870747,-0.05725793,0.786216,0.7756851,-0.1613068,0.6045964,0.8491946,-0.1831876,0.4105546,0.7648118,-0.2284512,0.2976518,0.6674501,-0.2436528,0.2543829,0.6575786,0.05101616,0.5842158,0.7298759,0.05226936,0.4280002,0.7133167,-0.1018506,0.4276318,0.6525652,-0.1210609,0.4191639,0.6576024,-0.1078025,0.2440761,0.7767118,-0.09386259,0.02015832,0.7644903,0.02040537,-0.1689626,0.8721432,-0.01153074,0.2485331,0.7438145,-0.02896593,0.03343582,0.7472204,0.04298937,-0.1982102,0.7977862,-0.03272042,0.6427794,0.7862687
72057594037941341,0,1.675713,9890.021,-0.06160071,0.2421478,0.7870747,-0.05725793,0.786216,0.7756851,-0.1613068,0.6045964,0.8491946,-0.1831876,0.4105546,0.7648118,-0.2284512,0.2976518,0.6674501,-0.2436528,0.2543829,0.6575786,0.05101616,0.5842158,0.7298759,0.05226936,0.4280002,0.7133167,-0.1018506,0.4276318,0.6525652,-0.1210609,0.4191639,0.6576024,-0.1078025,0.2440761,0.7767118,-0.09386259,0.02015832,0.7644903,0.02040537,-0.1689626,0.8721432,-0.01153074,0.2485331,0.7438145,-0.02896593,0.03343582,0.7472204,0.04298937,-0.1982102,0.7977862,-0.03272042,0.6427794,0.7862687
72057594037941341,0,1.675713,9890.024,-0.06160071,0.2421478,0.7870747,-0.05725793,0.786216,0.7756851,-0.1613068,0.6045964,0.8491946,-0.1831876,0.4105546,0.7648118,-0.2284512,0.2976518,0.6674501,-0.2436528,0.2543829,0.6575786,0.05101616,0.5842158,0.7298759,0.05226936,0.4280002,0.7133167,-0.1018506,0.4276318,0.6525652,-0.1210609,0.4191639,0.6576024,-0.1078025,0.2440761,0.7767118,-0.09386259,0.02015832,0.7644903,0.02040537,-0.1689626,0.8721432,-0.01153074,0.2485331,0.7438145,-0.02896593,0.03343582,0.7472204,0.04298937,-0.1982102,0.7977862,-0.03272042,0.6427794,0.7862687
72057594037941341,0,1.675713,9890.027,-0.06160071,0.2421478,0.7870747,-0.05725793,0.786216,0.7756851,-0.1613068,0.6045964,0.8491946,-0.1831876,0.4105546,0.7648118,-0.2284512,0.2976518,0.6674501,-0.2436528,0.2543829,0.6575786,0.05101616,0.5842158,0.7298759,0.05226936,0.4280002,0.7133167,-0.1018506,0.4276318,0.6525652,-0.1210609,0.4191639,0.6576024,-0.1078025,0.2440761,0.7767118,-0.09386259,0.02015832,0.7644903,0.02040537,-0.1689626,0.8721432,-0.01153074,0.2485331,0.7438145,-0.02896593,0.03343582,0.7472204,0.04298937,-0.1982102,0.7977862,-0.03272042,0.6427794,0.7862687
72057594037941341,0,1.675713,9890.029,-0.06160071,0.2421478,0.7870747,-0.05725793,0.786216,0.7756851,-0.1613068,0.6045964,0.8491946,-0.1831876,0.4105546,0.7648118,-0.2284512,0.2976518,0.6674501,-0.2436528,0.2543829,0.6575786,0.05101616,0.5842158,0.7298759,0.05226936,0.4280002,0.7133167,-0.1018506,0.4276318,0.6525652,-0.1210609,0.4191639,0.6576024,-0.1078025,0.2440761,0.7767118,-0.09386259,0.02015832,0.7644903,0.02040537,-0.1689626,0.8721432,-0.01153074,0.2485331,0.7438145,-0.02896593,0.03343582,0.7472204,0.04298937,-0.1982102,0.7977862,-0.03272042,0.6427794,0.7862687
72057594037941341,0,1.675713,9890.031,-0.06160071,0.2421478,0.7870747,-0.05725793,0.786216,0.7756851,-0.1613068,0.6045964,0.8491946,-0.1831876,0.4105546,0.7648118,-0.2284512,0.2976518,0.6674501,-0.2436528,0.2543829,0.6575786,0.05101616,0.5842158,0.7298759,0.05226936,0.4280002,0.7133167,-0.1018506,0.4276318,0.6525652,-0.1210609,0.4191639,0.6576024,-0.1078025,0.2440761,0.7767118,-0.09386259,0.02015832,0.7644903,0.02040537,-0.1689626,0.8721432,-0.01153074,0.2485331,0.7438145,-0.02896593,0.03343582,0.7472204,0.04298937,-0.1982102,0.7977862,-0.03272042,0.6427794,0.7862687
72057594037941341,0,1.679168,9890.033,-0.06818824,0.2408318,0.7840825,-0.06164714,0.7853855,0.7723337,-0.1662917,0.6050711,0.8449568,-0.1857098,0.4095657,0.763454,-0.2331951,0.3066645,0.656038,-0.2451449,0.2628311,0.6446841,0.04788597,0.5843177,0.7260896,0.05047546,0.4280618,0.7094609,-0.1024154,0.426839,0.6482266,-0.1212278,0.4173787,0.6523427,-0.114229,0.2431303,0.7735888,-0.1115255,0.01765281,0.7657614,0.007363597,-0.1686154,0.8746734,-0.01786472,0.24695,0.7410274,-0.03169726,0.03184691,0.7453634,0.03686003,-0.2007529,0.7974623,-0.0375794,0.6425207,0.7830495
72057594037941341,0,1.679168,9890.035,-0.06818824,0.2408318,0.7840825,-0.06164714,0.7853855,0.7723337,-0.1662917,0.6050711,0.8449568,-0.1857098,0.4095657,0.763454,-0.2331951,0.3066645,0.656038,-0.2451449,0.2628311,0.6446841,0.04788597,0.5843177,0.7260896,0.05047546,0.4280618,0.7094609,-0.1024154,0.426839,0.6482266,-0.1212278,0.4173787,0.6523427,-0.114229,0.2431303,0.7735888,-0.1115255,0.01765281,0.7657614,0.007363597,-0.1686154,0.8746734,-0.01786472,0.24695,0.7410274,-0.03169726,0.03184691,0.7453634,0.03686003,-0.2007529,0.7974623,-0.0375794,0.6425207,0.7830495
72057594037941341,0,1.679168,9890.037,-0.06818824,0.2408318,0.7840825,-0.06164714,0.7853855,0.7723337,-0.1662917,0.6050711,0.8449568,-0.1857098,0.4095657,0.763454,-0.2331951,0.3066645,0.656038,-0.2451449,0.2628311,0.6446841,0.04788597,0.5843177,0.7260896,0.05047546,0.4280618,0.7094609,-0.1024154,0.426839,0.6482266,-0.1212278,0.4173787,0.6523427,-0.114229,0.2431303,0.7735888,-0.1115255,0.01765281,0.7657614,0.007363597,-0.1686154,0.8746734,-0.01786472,0.24695,0.7410274,-0.03169726,0.03184691,0.7453634,0.03686003,-0.2007529,0.7974623,-0.0375794,0.6425207,0.7830495
72057594037941341,0,1.679168,9890.04,-0.06818824,0.2408318,0.7840825,-0.06164714,0.7853855,0.7723337,-0.1662917,0.6050711,0.8449568,-0.1857098,0.4095657,0.763454,-0.2331951,0.3066645,0.656038,-0.2451449,0.2628311,0.6446841,0.04788597,0.5843177,0.7260896,0.05047546,0.4280618,0.7094609,-0.1024154,0.426839,0.6482266,-0.1212278,0.4173787,0.6523427,-0.114229,0.2431303,0.7735888,-0.1115255,0.01765281,0.7657614,0.007363597,-0.1686154,0.8746734,-0.01786472,0.24695,0.7410274,-0.03169726,0.03184691,0.7453634,0.03686003,-0.2007529,0.7974623,-0.0375794,0.6425207,0.7830495
72057594037941341,0,1.679168,9890.042,-0.06818824,0.2408318,0.7840825,-0.06164714,0.7853855,0.7723337,-0.1662917,0.6050711,0.8449568,-0.1857098,0.4095657,0.763454,-0.2331951,0.3066645,0.656038,-0.2451449,0.2628311,0.6446841,0.04788597,0.5843177,0.7260896,0.05047546,0.4280618,0.7094609,-0.1024154,0.426839,0.6482266,-0.1212278,0.4173787,0.6523427,-0.114229,0.2431303,0.7735888,-0.1115255,0.01765281,0.7657614,0.007363597,-0.1686154,0.8746734,-0.01786472,0.24695,0.7410274,-0.03169726,0.03184691,0.7453634,0.03686003,-0.2007529,0.7974623,-0.0375794,0.6425207,0.7830495
72057594037941341,0,1.679168,9890.044,-0.06818824,0.2408318,0.7840825,-0.06164714,0.7853855,0.7723337,-0.1662917,0.6050711,0.8449568,-0.1857098,0.4095657,0.763454,-0.2331951,0.3066645,0.656038,-0.2451449,0.2628311,0.6446841,0.04788597,0.5843177,0.7260896,0.05047546,0.4280618,0.7094609,-0.1024154,0.426839,0.6482266,-0.1212278,0.4173787,0.6523427,-0.114229,0.2431303,0.7735888,-0.1115255,0.01765281,0.7657614,0.007363597,-0.1686154,0.8746734,-0.01786472,0.24695,0.7410274,-0.03169726,0.03184691,0.7453634,0.03686003,-0.2007529,0.7974623,-0.0375794,0.6425207,0.7830495
72057594037941341,0,1.679168,9890.046,-0.06818824,0.2408318,0.7840825,-0.06164714,0.7853855,0.7723337,-0.1662917,0.6050711,0.8449568,-0.1857098,0.4095657,0.763454,-0.2331951,0.3066645,0.656038,-0.2451449,0.2628311,0.6446841,0.04788597,0.5843177,0.7260896,0.05047546,0.4280618,0.7094609,-0.1024154,0.426839,0.6482266,-0.1212278,0.4173787,0.6523427,-0.114229,0.2431303,0.7735888,-0.1115255,0.01765281,0.7657614,0.007363597,-0.1686154,0.8746734,-0.01786472,0.24695,0.7410274,-0.03169726,0.03184691,0.7453634,0.03686003,-0.2007529,0.7974623,-0.0375794,0.6425207,0.7830495
72057594037941341,0,1.679168,9890.048,-0.06818824,0.2408318,0.7840825,-0.06164714,0.7853855,0.7723337,-0.1662917,0.6050711,0.8449568,-0.1857098,0.4095657,0.763454,-0.2331951,0.3066645,0.656038,-0.2451449,0.2628311,0.6446841,0.04788597,0.5843177,0.7260896,0.05047546,0.4280618,0.7094609,-0.1024154,0.426839,0.6482266,-0.1212278,0.4173787,0.6523427,-0.114229,0.2431303,0.7735888,-0.1115255,0.01765281,0.7657614,0.007363597,-0.1686154,0.8746734,-0.01786472,0.24695,0.7410274,-0.03169726,0.03184691,0.7453634,0.03686003,-0.2007529,0.7974623,-0.0375794,0.6425207,0.7830495
72057594037941341,0,1.679168,9890.05,-0.06818824,0.2408318,0.7840825,-0.06164714,0.7853855,0.7723337,-0.1662917,0.6050711,0.8449568,-0.1857098,0.4095657,0.763454,-0.2331951,0.3066645,0.656038,-0.2451449,0.2628311,0.6446841,0.04788597,0.5843177,0.7260896,0.05047546,0.4280618,0.7094609,-0.1024154,0.426839,0.6482266,-0.1212278,0.4173787,0.6523427,-0.114229,0.2431303,0.7735888,-0.1115255,0.01765281,0.7657614,0.007363597,-0.1686154,0.8746734,-0.01786472,0.24695,0.7410274,-0.03169726,0.03184691,0.7453634,0.03686003,-0.2007529,0.7974623,-0.0375794,0.6425207,0.7830495
72057594037941341,0,1.679168,9890.052,-0.06818824,0.2408318,0.7840825,-0.06164714,0.7853855,0.7723337,-0.1662917,0.6050711,0.8449568,-0.1857098,0.4095657,0.763454,-0.2331951,0.3066645,0.656038,-0.2451449,0.2628311,0.6446841,0.04788597,0.5843177,0.7260896,0.05047546,0.4280618,0.7094609,-0.1024154,0.426839,0.6482266,-0.1212278,0.4173787,0.6523427,-0.114229,0.2431303,0.7735888,-0.1115255,0.01765281,0.7657614,0.007363597,-0.1686154,0.8746734,-0.01786472,0.24695,0.7410274,-0.03169726,0.03184691,0.7453634,0.03686003,-0.2007529,0.7974623,-0.0375794,0.6425207,0.7830495
72057594037941341,0,1.679168,9890.054,-0.06818824,0.2408318,0.7840825,-0.06164714,0.7853855,0.7723337,-0.1662917,0.6050711,0.8449568,-0.1857098,0.4095657,0.763454,-0.2331951,0.3066645,0.656038,-0.2451449,0.2628311,0.6446841,0.04788597,0.5843177,0.7260896,0.05047546,0.4280618,0.7094609,-0.1024154,0.426839,0.6482266,-0.1212278,0.4173787,0.6523427,-0.114229,0.2431303,0.7735888,-0.1115255,0.01765281,0.7657614,0.007363597,-0.1686154,0.8746734,-0.01786472,0.24695,0.7410274,-0.03169726,0.03184691,0.7453634,0.03686003,-0.2007529,0.7974623,-0.0375794,0.6425207,0.7830495
72057594037941341,0,1.679168,9890.056,-0.06818824,0.2408318,0.7840825,-0.06164714,0.7853855,0.7723337,-0.1662917,0.6050711,0.8449568,-0.1857098,0.4095657,0.763454,-0.2331951,0.3066645,0.656038,-0.2451449,0.2628311,0.6446841,0.04788597,0.5843177,0.7260896,0.05047546,0.4280618,0.7094609,-0.1024154,0.426839,0.6482266,-0.1212278,0.4173787,0.6523427,-0.114229,0.2431303,0.7735888,-0.1115255,0.01765281,0.7657614,0.007363597,-0.1686154,0.8746734,-0.01786472,0.24695,0.7410274,-0.03169726,0.03184691,0.7453634,0.03686003,-0.2007529,0.7974623,-0.0375794,0.6425207,0.7830495
72057594037941341,0,1.679168,9890.06,-0.06818824,0.2408318,0.7840825,-0.06164714,0.7853855,0.7723337,-0.1662917,0.6050711,0.8449568,-0.1857098,0.4095657,0.763454,-0.2331951,0.3066645,0.656038,-0.2451449,0.2628311,0.6446841,0.04788597,0.5843177,0.7260896,0.05047546,0.4280618,0.7094609,-0.1024154,0.426839,0.6482266,-0.1212278,0.4173787,0.6523427,-0.114229,0.2431303,0.7735888,-0.1115255,0.01765281,0.7657614,0.007363597,-0.1686154,0.8746734,-0.01786472,0.24695,0.7410274,-0.03169726,0.03184691,0.7453634,0.03686003,-0.2007529,0.7974623,-0.0375794,0.6425207,0.7830495
72057594037941341,0,1.679168,9890.063,-0.06818824,0.2408318,0.7840825,-0.06164714,0.7853855,0.7723337,-0.1662917,0.6050711,0.8449568,-0.1857098,0.4095657,0.763454,-0.2331951,0.3066645,0.656038,-0.2451449,0.2628311,0.6446841,0.04788597,0.5843177,0.7260896,0.05047546,0.4280618,0.7094609,-0.1024154,0.426839,0.6482266,-0.1212278,0.4173787,0.6523427,-0.114229,0.2431303,0.7735888,-0.1115255,0.01765281,0.7657614,0.007363597,-0.1686154,0.8746734,-0.01786472,0.24695,0.7410274,-0.03169726,0.03184691,0.7453634,0.03686003,-0.2007529,0.7974623,-0.0375794,0.6425207,0.7830495
72057594037941341,0,1.679168,9890.064,-0.06818824,0.2408318,0.7840825,-0.06164714,0.7853855,0.7723337,-0.1662917,0.6050711,0.8449568,-0.1857098,0.4095657,0.763454,-0.2331951,0.3066645,0.656038,-0.2451449,0.2628311,0.6446841,0.04788597,0.5843177,0.7260896,0.05047546,0.4280618,0.7094609,-0.1024154,0.426839,0.6482266,-0.1212278,0.4173787,0.6523427,-0.114229,0.2431303,0.7735888,-0.1115255,0.01765281,0.7657614,0.007363597,-0.1686154,0.8746734,-0.01786472,0.24695,0.7410274,-0.03169726,0.03184691,0.7453634,0.03686003,-0.2007529,0.7974623,-0.0375794,0.6425207,0.7830495
72057594037941341,0,1.68256,9890.066,-0.07407045,0.2396038,0.7811229,-0.06683044,0.7849517,0.7695,-0.1652448,0.6048275,0.8465941,-0.1877443,0.4104153,0.7630033,-0.2328048,0.3104804,0.6515305,-0.2433591,0.2682761,0.6344913,0.04541075,0.5847595,0.7237083,0.04700691,0.4284266,0.7063457,-0.09396998,0.4260185,0.6407253,-0.1132939,0.4253114,0.647366,-0.1182995,0.2423793,0.7711302,-0.1265154,0.01337117,0.7688976,-0.007618342,-0.1720045,0.8798472,-0.02547281,0.2452483,0.7376171,-0.03564374,0.03121966,0.7439103,0.02446003,-0.2037868,0.7963284,-0.04160544,0.6424317,0.7806121
72057594037941341,0,1.68256,9890.069,-0.07407045,0.2396038,0.7811229,-0.06683044,0.7849517,0.7695,-0.1652448,0.6048275,0.8465941,-0.1877443,0.4104153,0.7630033,-0.2328048,0.3104804,0.6515305,-0.2433591,0.2682761,0.6344913,0.04541075,0.5847595,0.7237083,0.04700691,0.4284266,0.7063457,-0.09396998,0.4260185,0.6407253,-0.1132939,0.4253114,0.647366,-0.1182995,0.2423793,0.7711302,-0.1265154,0.01337117,0.7688976,-0.007618342,-0.1720045,0.8798472,-0.02547281,0.2452483,0.7376171,-0.03564374,0.03121966,0.7439103,0.02446003,-0.2037868,0.7963284,-0.04160544,0.6424317,0.7806121
72057594037941341,0,1.68256,9890.07,-0.07407045,0.2396038,0.7811229,-0.06683044,0.7849517,0.7695,-0.1652448,0.6048275,0.8465941,-0.1877443,0.4104153,0.7630033,-0.2328048,0.3104804,0.6515305,-0.2433591,0.2682761,0.6344913,0.04541075,0.5847595,0.7237083,0.04700691,0.4284266,0.7063457,-0.09396998,0.4260185,0.6407253,-0.1132939,0.4253114,0.647366,-0.1182995,0.2423793,0.7711302,-0.1265154,0.01337117,0.7688976,-0.007618342,-0.1720045,0.8798472,-0.02547281,0.2452483,0.7376171,-0.03564374,0.03121966,0.7439103,0.02446003,-0.2037868,0.7963284,-0.04160544,0.6424317,0.7806121
72057594037941341,0,1.68256,9890.072,-0.07407045,0.2396038,0.7811229,-0.06683044,0.7849517,0.7695,-0.1652448,0.6048275,0.8465941,-0.1877443,0.4104153,0.7630033,-0.2328048,0.3104804,0.6515305,-0.2433591,0.2682761,0.6344913,0.04541075,0.5847595,0.7237083,0.04700691,0.4284266,0.7063457,-0.09396998,0.4260185,0.6407253,-0.1132939,0.4253114,0.647366,-0.1182995,0.2423793,0.7711302,-0.1265154,0.01337117,0.7688976,-0.007618342,-0.1720045,0.8798472,-0.02547281,0.2452483,0.7376171,-0.03564374,0.03121966,0.7439103,0.02446003,-0.2037868,0.7963284,-0.04160544,0.6424317,0.7806121
72057594037941341,0,1.68256,9890.074,-0.07407045,0.2396038,0.7811229,-0.06683044,0.7849517,0.7695,-0.1652448,0.6048275,0.8465941,-0.1877443,0.4104153,0.7630033,-0.2328048,0.3104804,0.6515305,-0.2433591,0.2682761,0.6344913,0.04541075,0.5847595,0.7237083,0.04700691,0.4284266,0.7063457,-0.09396998,0.4260185,0.6407253,-0.1132939,0.4253114,0.647366,-0.1182995,0.2423793,0.7711302,-0.1265154,0.01337117,0.7688976,-0.007618342,-0.1720045,0.8798472,-0.02547281,0.2452483,0.7376171,-0.03564374,0.03121966,0.7439103,0.02446003,-0.2037868,0.7963284,-0.04160544,0.6424317,0.7806121
72057594037941341,0,1.68256,9890.076,-0.07407045,0.2396038,0.7811229,-0.06683044,0.7849517,0.7695,-0.1652448,0.6048275,0.8465941,-0.1877443,0.4104153,0.7630033,-0.2328048,0.3104804,0.6515305,-0.2433591,0.2682761,0.6344913,0.04541075,0.5847595,0.7237083,0.04700691,0.4284266,0.7063457,-0.09396998,0.4260185,0.6407253,-0.1132939,0.4253114,0.647366,-0.1182995,0.2423793,0.7711302,-0.1265154,0.01337117,0.7688976,-0.007618342,-0.1720045,0.8798472,-0.02547281,0.2452483,0.7376171,-0.03564374,0.03121966,0.7439103,0.02446003,-0.2037868,0.7963284,-0.04160544,0.6424317,0.7806121
72057594037941341,0,1.68256,9890.078,-0.07407045,0.2396038,0.7811229,-0.06683044,0.7849517,0.7695,-0.1652448,0.6048275,0.8465941,-0.1877443,0.4104153,0.7630033,-0.2328048,0.3104804,0.6515305,-0.2433591,0.2682761,0.6344913,0.04541075,0.5847595,0.7237083,0.04700691,0.4284266,0.7063457,-0.09396998,0.4260185,0.6407253,-0.1132939,0.4253114,0.647366,-0.1182995,0.2423793,0.7711302,-0.1265154,0.01337117,0.7688976,-0.007618342,-0.1720045,0.8798472,-0.02547281,0.2452483,0.7376171,-0.03564374,0.03121966,0.7439103,0.02446003,-0.2037868,0.7963284,-0.04160544,0.6424317,0.7806121
72057594037941341,0,1.68256,9890.08,-0.07407045,0.2396038,0.7811229,-0.06683044,0.7849517,0.7695,-0.1652448,0.6048275,0.8465941,-0.1877443,0.4104153,0.7630033,-0.2328048,0.3104804,0.6515305,-0.2433591,0.2682761,0.6344913,0.04541075,0.5847595,0.7237083,0.04700691,0.4284266,0.7063457,-0.09396998,0.4260185,0.6407253,-0.1132939,0.4253114,0.647366,-0.1182995,0.2423793,0.7711302,-0.1265154,0.01337117,0.7688976,-0.007618342,-0.1720045,0.8798472,-0.02547281,0.2452483,0.7376171,-0.03564374,0.03121966,0.7439103,0.02446003,-0.2037868,0.7963284,-0.04160544,0.6424317,0.7806121
72057594037941341,0,1.68256,9890.082,-0.07407045,0.2396038,0.7811229,-0.06683044,0.7849517,0.7695,-0.1652448,0.6048275,0.8465941,-0.1877443,0.4104153,0.7630033,-0.2328048,0.3104804,0.6515305,-0.2433591,0.2682761,0.6344913,0.04541075,0.5847595,0.7237083,0.04700691,0.4284266,0.7063457,-0.09396998,0.4260185,0.6407253,-0.1132939,0.4253114,0.647366,-0.1182995,0.2423793,0.7711302,-0.1265154,0.01337117,0.7688976,-0.007618342,-0.1720045,0.8798472,-0.02547281,0.2452483,0.7376171,-0.03564374,0.03121966,0.7439103,0.02446003,-0.2037868,0.7963284,-0.04160544,0.6424317,0.7806121
72057594037941341,0,1.68256,9890.083,-0.07407045,0.2396038,0.7811229,-0.06683044,0.7849517,0.7695,-0.1652448,0.6048275,0.8465941,-0.1877443,0.4104153,0.7630033,-0.2328048,0.3104804,0.6515305,-0.2433591,0.2682761,0.6344913,0.04541075,0.5847595,0.7237083,0.04700691,0.4284266,0.7063457,-0.09396998,0.4260185,0.6407253,-0.1132939,0.4253114,0.647366,-0.1182995,0.2423793,0.7711302,-0.1265154,0.01337117,0.7688976,-0.007618342,-0.1720045,0.8798472,-0.02547281,0.2452483,0.7376171,-0.03564374,0.03121966,0.7439103,0.02446003,-0.2037868,0.7963284,-0.04160544,0.6424317,0.7806121
72057594037941341,0,1.68256,9890.085,-0.07407045,0.2396038,0.7811229,-0.06683044,0.7849517,0.7695,-0.1652448,0.6048275,0.8465941,-0.1877443,0.4104153,0.7630033,-0.2328048,0.3104804,0.6515305,-0.2433591,0.2682761,0.6344913,0.04541075,0.5847595,0.7237083,0.04700691,0.4284266,0.7063457,-0.09396998,0.4260185,0.6407253,-0.1132939,0.4253114,0.647366,-0.1182995,0.2423793,0.7711302,-0.1265154,0.01337117,0.7688976,-0.007618342,-0.1720045,0.8798472,-0.02547281,0.2452483,0.7376171,-0.03564374,0.03121966,0.7439103,0.02446003,-0.2037868,0.7963284,-0.04160544,0.6424317,0.7806121
72057594037941341,0,1.68256,9890.087,-0.07407045,0.2396038,0.7811229,-0.06683044,0.7849517,0.7695,-0.1652448,0.6048275,0.8465941,-0.1877443,0.4104153,0.7630033,-0.2328048,0.3104804,0.6515305,-0.2433591,0.2682761,0.6344913,0.04541075,0.5847595,0.7237083,0.04700691,0.4284266,0.7063457,-0.09396998,0.4260185,0.6407253,-0.1132939,0.4253114,0.647366,-0.1182995,0.2423793,0.7711302,-0.1265154,0.01337117,0.7688976,-0.007618342,-0.1720045,0.8798472,-0.02547281,0.2452483,0.7376171,-0.03564374,0.03121966,0.7439103,0.02446003,-0.2037868,0.7963284,-0.04160544,0.6424317,0.7806121
72057594037941341,0,1.68256,9890.089,-0.07407045,0.2396038,0.7811229,-0.06683044,0.7849517,0.7695,-0.1652448,0.6048275,0.8465941,-0.1877443,0.4104153,0.7630033,-0.2328048,0.3104804,0.6515305,-0.2433591,0.2682761,0.6344913,0.04541075,0.5847595,0.7237083,0.04700691,0.4284266,0.7063457,-0.09396998,0.4260185,0.6407253,-0.1132939,0.4253114,0.647366,-0.1182995,0.2423793,0.7711302,-0.1265154,0.01337117,0.7688976,-0.007618342,-0.1720045,0.8798472,-0.02547281,0.2452483,0.7376171,-0.03564374,0.03121966,0.7439103,0.02446003,-0.2037868,0.7963284,-0.04160544,0.6424317,0.7806121
72057594037941341,0,1.68256,9890.091,-0.07407045,0.2396038,0.7811229,-0.06683044,0.7849517,0.7695,-0.1652448,0.6048275,0.8465941,-0.1877443,0.4104153,0.7630033,-0.2328048,0.3104804,0.6515305,-0.2433591,0.2682761,0.6344913,0.04541075,0.5847595,0.7237083,0.04700691,0.4284266,0.7063457,-0.09396998,0.4260185,0.6407253,-0.1132939,0.4253114,0.647366,-0.1182995,0.2423793,0.7711302,-0.1265154,0.01337117,0.7688976,-0.007618342,-0.1720045,0.8798472,-0.02547281,0.2452483,0.7376171,-0.03564374,0.03121966,0.7439103,0.02446003,-0.2037868,0.7963284,-0.04160544,0.6424317,0.7806121
72057594037941341,0,1.68256,9890.093,-0.07407045,0.2396038,0.7811229,-0.06683044,0.7849517,0.7695,-0.1652448,0.6048275,0.8465941,-0.1877443,0.4104153,0.7630033,-0.2328048,0.3104804,0.6515305,-0.2433591,0.2682761,0.6344913,0.04541075,0.5847595,0.7237083,0.04700691,0.4284266,0.7063457,-0.09396998,0.4260185,0.6407253,-0.1132939,0.4253114,0.647366,-0.1182995,0.2423793,0.7711302,-0.1265154,0.01337117,0.7688976,-0.007618342,-0.1720045,0.8798472,-0.02547281,0.2452483,0.7376171,-0.03564374,0.03121966,0.7439103,0.02446003,-0.2037868,0.7963284,-0.04160544,0.6424317,0.7806121
72057594037941341,0,1.68256,9890.095,-0.07407045,0.2396038,0.7811229,-0.06683044,0.7849517,0.7695,-0.1652448,0.6048275,0.8465941,-0.1877443,0.4104153,0.7630033,-0.2328048,0.3104804,0.6515305,-0.2433591,0.2682761,0.6344913,0.04541075,0.5847595,0.7237083,0.04700691,0.4284266,0.7063457,-0.09396998,0.4260185,0.6407253,-0.1132939,0.4253114,0.647366,-0.1182995,0.2423793,0.7711302,-0.1265154,0.01337117,0.7688976,-0.007618342,-0.1720045,0.8798472,-0.02547281,0.2452483,0.7376171,-0.03564374,0.03121966,0.7439103,0.02446003,-0.2037868,0.7963284,-0.04160544,0.6424317,0.7806121
72057594037941341,0,1.68256,9890.098,-0.07407045,0.2396038,0.7811229,-0.06683044,0.7849517,0.7695,-0.1652448,0.6048275,0.8465941,-0.1877443,0.4104153,0.7630033,-0.2328048,0.3104804,0.6515305,-0.2433591,0.2682761,0.6344913,0.04541075,0.5847595,0.7237083,0.04700691,0.4284266,0.7063457,-0.09396998,0.4260185,0.6407253,-0.1132939,0.4253114,0.647366,-0.1182995,0.2423793,0.7711302,-0.1265154,0.01337117,0.7688976,-0.007618342,-0.1720045,0.8798472,-0.02547281,0.2452483,0.7376171,-0.03564374,0.03121966,0.7439103,0.02446003,-0.2037868,0.7963284,-0.04160544,0.6424317,0.7806121
72057594037941341,0,1.68256,9890.101,-0.07407045,0.2396038,0.7811229,-0.06683044,0.7849517,0.7695,-0.1652448,0.6048275,0.8465941,-0.1877443,0.4104153,0.7630033,-0.2328048,0.3104804,0.6515305,-0.2433591,0.2682761,0.6344913,0.04541075,0.5847595,0.7237083,0.04700691,0.4284266,0.7063457,-0.09396998,0.4260185,0.6407253,-0.1132939,0.4253114,0.647366,-0.1182995,0.2423793,0.7711302,-0.1265154,0.01337117,0.7688976,-0.007618342,-0.1720045,0.8798472,-0.02547281,0.2452483,0.7376171,-0.03564374,0.03121966,0.7439103,0.02446003,-0.2037868,0.7963284,-0.04160544,0.6424317,0.7806121
72057594037941341,0,1.684932,9890.103,-0.07935674,0.2386006,0.7791717,-0.07310543,0.7856923,0.7666028,-0.1761206,0.605784,0.8391296,-0.191067,0.4090039,0.7594157,-0.2326935,0.3106621,0.6450119,-0.2435075,0.2676106,0.6306981,0.04016614,0.586223,0.720377,0.04306746,0.4298307,0.702555,-0.09613317,0.4222807,0.6331511,-0.1151966,0.4242013,0.6442578,-0.1242871,0.2416089,0.7687802,-0.1346068,0.009952605,0.7709316,-0.01608163,-0.1759933,0.881697,-0.02964421,0.244168,0.7361118,-0.03703943,0.03073487,0.7421618,0.01345326,-0.2076597,0.7905155,-0.04926843,0.6429192,0.776895
72057594037941341,0,1.684932,9890.105,-0.07935674,0.2386006,0.7791717,-0.07310543,0.7856923,0.7666028,-0.1761206,0.605784,0.8391296,-0.191067,0.4090039,0.7594157,-0.2326935,0.3106621,0.6450119,-0.2435075,0.2676106,0.6306981,0.04016614,0.586223,0.720377,0.04306746,0.4298307,0.702555,-0.09613317,0.4222807,0.6331511,-0.1151966,0.4242013,0.6442578,-0.1242871,0.2416089,0.7687802,-0.1346068,0.009952605,0.7709316,-0.01608163,-0.1759933,0.881697,-0.02964421,0.244168,0.7361118,-0.03703943,0.03073487,0.7421618,0.01345326,-0.2076597,0.7905155,-0.04926843,0.6429192,0.776895
72057594037941341,0,1.684932,9890.107,-0.07935674,0.2386006,0.7791717,-0.07310543,0.7856923,0.7666028,-0.1761206,0.605784,0.8391296,-0.191067,0.4090039,0.7594157,-0.2326935,0.3106621,0.6450119,-0.2435075,0.2676106,0.6306981,0.04016614,0.586223,0.720377,0.04306746,0.4298307,0.702555,-0.09613317,0.4222807,0.6331511,-0.1151966,0.4242013,0.6442578,-0.1242871,0.2416089,0.7687802,-0.1346068,0.009952605,0.7709316,-0.01608163,-0.1759933,0.881697,-0.02964421,0.244168,0.7361118,-0.03703943,0.03073487,0.7421618,0.01345326,-0.2076597,0.7905155,-0.04926843,0.6429192,0.776895
72057594037941341,0,1.684932,9890.109,-0.07935674,0.2386006,0.7791717,-0.07310543,0.7856923,0.7666028,-0.1761206,0.605784,0.8391296,-0.191067,0.4090039,0.7594157,-0.2326935,0.3106621,0.6450119,-0.2435075,0.2676106,0.6306981,0.04016614,0.586223,0.720377,0.04306746,0.4298307,0.702555,-0.09613317,0.4222807,0.6331511,-0.1151966,0.4242013,0.6442578,-0.1242871,0.2416089,0.7687802,-0.1346068,0.009952605,0.7709316,-0.01608163,-0.1759933,0.881697,-0.02964421,0.244168,0.7361118,-0.03703943,0.03073487,0.7421618,0.01345326,-0.2076597,0.7905155,-0.04926843,0.6429192,0.776895
72057594037941341,0,1.684932,9890.111,-0.07935674,0.2386006,0.7791717,-0.07310543,0.7856923,0.7666028,-0.1761206,0.605784,0.8391296,-0.191067,0.4090039,0.7594157,-0.2326935,0.3106621,0.6450119,-0.2435075,0.2676106,0.6306981,0.04016614,0.586223,0.720377,0.04306746,0.4298307,0.702555,-0.09613317,0.4222807,0.6331511,-0.1151966,0.4242013,0.6442578,-0.1242871,0.2416089,0.7687802,-0.1346068,0.009952605,0.7709316,-0.01608163,-0.1759933,0.881697,-0.02964421,0.244168,0.7361118,-0.03703943,0.03073487,0.7421618,0.01345326,-0.2076597,0.7905155,-0.04926843,0.6429192,0.776895
72057594037941341,0,1.684932,9890.113,-0.07935674,0.2386006,0.7791717,-0.07310543,0.7856923,0.7666028,-0.1761206,0.605784,0.8391296,-0.191067,0.4090039,0.7594157,-0.2326935,0.3106621,0.6450119,-0.2435075,0.2676106,0.6306981,0.04016614,0.586223,0.720377,0.04306746,0.4298307,0.702555,-0.09613317,0.4222807,0.6331511,-0.1151966,0.4242013,0.6442578,-0.1242871,0.2416089,0.7687802,-0.1346068,0.009952605,0.7709316,-0.01608163,-0.1759933,0.881697,-0.02964421,0.244168,0.7361118,-0.03703943,0.03073487,0.7421618,0.01345326,-0.2076597,0.7905155,-0.04926843,0.6429192,0.776895
72057594037941341,0,1.684932,9890.115,-0.07935674,0.2386006,0.7791717,-0.07310543,0.7856923,0.7666028,-0.1761206,0.605784,0.8391296,-0.191067,0.4090039,0.7594157,-0.2326935,0.3106621,0.6450119,-0.2435075,0.2676106,0.6306981,0.04016614,0.586223,0.720377,0.04306746,0.4298307,0.702555,-0.09613317,0.4222807,0.6331511,-0.1151966,0.4242013,0.6442578,-0.1242871,0.2416089,0.7687802,-0.1346068,0.009952605,0.7709316,-0.01608163,-0.1759933,0.881697,-0.02964421,0.244168,0.7361118,-0.03703943,0.03073487,0.7421618,0.01345326,-0.2076597,0.7905155,-0.04926843,0.6429192,0.776895
72057594037941341,0,1.684932,9890.117,-0.07935674,0.2386006,0.7791717,-0.07310543,0.7856923,0.7666028,-0.1761206,0.605784,0.8391296,-0.191067,0.4090039,0.7594157,-0.2326935,0.3106621,0.6450119,-0.2435075,0.2676106,0.6306981,0.04016614,0.586223,0.720377,0.04306746,0.4298307,0.702555,-0.09613317,0.4222807,0.6331511,-0.1151966,0.4242013,0.6442578,-0.1242871,0.2416089,0.7687802,-0.1346068,0.009952605,0.7709316,-0.01608163,-0.1759933,0.881697,-0.02964421,0.244168,0.7361118,-0.03703943,0.03073487,0.7421618,0.01345326,-0.2076597,0.7905155,-0.04926843,0.6429192,0.776895
72057594037941341,0,1.684932,9890.119,-0.07935674,0.2386006,0.7791717,-0.07310543,0.7856923,0.7666028,-0.1761206,0.605784,0.8391296,-0.191067,0.4090039,0.7594157,-0.2326935,0.3106621,0.6450119,-0.2435075,0.2676106,0.6306981,0.04016614,0.586223,0.720377,0.04306746,0.4298307,0.702555,-0.09613317,0.4222807,0.6331511,-0.1151966,0.4242013,0.6442578,-0.1242871,0.2416089,0.7687802,-0.1346068,0.009952605,0.7709316,-0.01608163,-0.1759933,0.881697,-0.02964421,0.244168,0.7361118,-0.03703943,0.03073487,0.7421618,0.01345326,-0.2076597,0.7905155,-0.04926843,0.6429192,0.776895
72057594037941341,0,1.684932,9890.122,-0.07935674,0.2386006,0.7791717,-0.07310543,0.7856923,0.7666028,-0.1761206,0.605784,0.8391296,-0.191067,0.4090039,0.7594157,-0.2326935,0.3106621,0.6450119,-0.2435075,0.2676106,0.6306981,0.04016614,0.586223,0.720377,0.04306746,0.4298307,0.702555,-0.09613317,0.4222807,0.6331511,-0.1151966,0.4242013,0.6442578,-0.1242871,0.2416089,0.7687802,-0.1346068,0.009952605,0.7709316,-0.01608163,-0.1759933,0.881697,-0.02964421,0.244168,0.7361118,-0.03703943,0.03073487,0.7421618,0.01345326,-0.2076597,0.7905155,-0.04926843,0.6429192,0.776895
72057594037941341,0,1.684932,9890.125,-0.07935674,0.2386006,0.7791717,-0.07310543,0.7856923,0.7666028,-0.1761206,0.605784,0.8391296,-0.191067,0.4090039,0.7594157,-0.2326935,0.3106621,0.6450119,-0.2435075,0.2676106,0.6306981,0.04016614,0.586223,0.720377,0.04306746,0.4298307,0.702555,-0.09613317,0.4222807,0.6331511,-0.1151966,0.4242013,0.6442578,-0.1242871,0.2416089,0.7687802,-0.1346068,0.009952605,0.7709316,-0.01608163,-0.1759933,0.881697,-0.02964421,0.244168,0.7361118,-0.03703943,0.03073487,0.7421618,0.01345326,-0.2076597,0.7905155,-0.04926843,0.6429192,0.776895
72057594037941341,0,1.684932,9890.127,-0.07935674,0.2386006,0.7791717,-0.07310543,0.7856923,0.7666028,-0.1761206,0.605784,0.8391296,-0.191067,0.4090039,0.7594157,-0.2326935,0.3106621,0.6450119,-0.2435075,0.2676106,0.6306981,0.04016614,0.586223,0.720377,0.04306746,0.4298307,0.702555,-0.09613317,0.4222807,0.6331511,-0.1151966,0.4242013,0.6442578,-0.1242871,0.2416089,0.7687802,-0.1346068,0.009952605,0.7709316,-0.01608163,-0.1759933,0.881697,-0.02964421,0.244168,0.7361118,-0.03703943,0.03073487,0.7421618,0.01345326,-0.2076597,0.7905155,-0.04926843,0.6429192,0.776895
72057594037941341,0,1.684932,9890.129,-0.07935674,0.2386006,0.7791717,-0.07310543,0.7856923,0.7666028,-0.1761206,0.605784,0.8391296,-0.191067,0.4090039,0.7594157,-0.2326935,0.3106621,0.6450119,-0.2435075,0.2676106,0.6306981,0.04016614,0.586223,0.720377,0.04306746,0.4298307,0.702555,-0.09613317,0.4222807,0.6331511,-0.1151966,0.4242013,0.6442578,-0.1242871,0.2416089,0.7687802,-0.1346068,0.009952605,0.7709316,-0.01608163,-0.1759933,0.881697,-0.02964421,0.244168,0.7361118,-0.03703943,0.03073487,0.7421618,0.01345326,-0.2076597,0.7905155,-0.04926843,0.6429192,0.776895
72057594037941341,0,1.684932,9890.131,-0.07935674,0.2386006,0.7791717,-0.07310543,0.7856923,0.7666028,-0.1761206,0.605784,0.8391296,-0.191067,0.4090039,0.7594157,-0.2326935,0.3106621,0.6450119,-0.2435075,0.2676106,0.6306981,0.04016614,0.586223,0.720377,0.04306746,0.4298307,0.702555,-0.09613317,0.4222807,0.6331511,-0.1151966,0.4242013,0.6442578,-0.1242871,0.2416089,0.7687802,-0.1346068,0.009952605,0.7709316,-0.01608163,-0.1759933,0.881697,-0.02964421,0.244168,0.7361118,-0.03703943,0.03073487,0.7421618,0.01345326,-0.2076597,0.7905155,-0.04926843,0.6429192,0.776895
72057594037941341,0,1.686635,9890.133,-0.08456984,0.2374547,0.7780184,-0.08003232,0.7867259,0.7639013,-0.1825068,0.6069872,0.8369824,-0.1930643,0.4093146,0.7585334,-0.2318824,0.3115738,0.6424542,-0.2443053,0.2706123,0.6242734,0.03478858,0.5868338,0.7181521,0.0394733,0.4303901,0.7002474,-0.09888081,0.4206786,0.6291477,-0.1176426,0.4241676,0.6416574,-0.1293301,0.240555,0.7676716,-0.1429202,0.00106445,0.7734305,-0.02519338,-0.1848122,0.8852451,-0.03457685,0.2430192,0.7349954,-0.03673544,0.02928832,0.7405165,0.003940479,-0.2100192,0.7925086,-0.05700167,0.6430461,0.7742311
72057594037941341,0,1.686635,9890.136,-0.08456984,0.2374547,0.7780184,-0.08003232,0.7867259,0.7639013,-0.1825068,0.6069872,0.8369824,-0.1930643,0.4093146,0.7585334,-0.2318824,0.3115738,0.6424542,-0.2443053,0.2706123,0.6242734,0.03478858,0.5868338,0.7181521,0.0394733,0.4303901,0.7002474,-0.09888081,0.4206786,0.6291477,-0.1176426,0.4241676,0.6416574,-0.1293301,0.240555,0.7676716,-0.1429202,0.00106445,0.7734305,-0.02519338,-0.1848122,0.8852451,-0.03457685,0.2430192,0.7349954,-0.03673544,0.02928832,0.7405165,0.003940479,-0.2100192,0.7925086,-0.05700167,0.6430461,0.7742311
72057594037941341,0,1.686635,9890.139,-0.08456984,0.2374547,0.7780184,-0.08003232,0.7867259,0.7639013,-0.1825068,0.6069872,0.8369824,-0.1930643,0.4093146,0.7585334,-0.2318824,0.3115738,0.6424542,-0.2443053,0.2706123,0.6242734,0.03478858,0.5868338,0.7181521,0.0394733,0.4303901,0.7002474,-0.09888081,0.4206786,0.6291477,-0.1176426,0.4241676,0.6416574,-0.1293301,0.240555,0.7676716,-0.1429202,0.00106445,0.7734305,-0.02519338,-0.1848122,0.8852451,-0.03457685,0.2430192,0.7349954,-0.03673544,0.02928832,0.7405165,0.003940479,-0.2100192,0.7925086,-0.05700167,0.6430461,0.7742311
72057594037941341,0,1.686635,9890.141,-0.08456984,0.2374547,0.7780184,-0.08003232,0.7867259,0.7639013,-0.1825068,0.6069872,0.8369824,-0.1930643,0.4093146,0.7585334,-0.2318824,0.3115738,0.6424542,-0.2443053,0.2706123,0.6242734,0.03478858,0.5868338,0.7181521,0.0394733,0.4303901,0.7002474,-0.09888081,0.4206786,0.6291477,-0.1176426,0.4241676,0.6416574,-0.1293301,0.240555,0.7676716,-0.1429202,0.00106445,0.7734305,-0.02519338,-0.1848122,0.8852451,-0.03457685,0.2430192,0.7349954,-0.03673544,0.02928832,0.7405165,0.003940479,-0.2100192,0.7925086,-0.05700167,0.6430461,0.7742311
72057594037941341,0,1.686635,9890.144,-0.08456984,0.2374547,0.7780184,-0.08003232,0.7867259,0.7639013,-0.1825068,0.6069872,0.8369824,-0.1930643,0.4093146,0.7585334,-0.2318824,0.3115738,0.6424542,-0.2443053,0.2706123,0.6242734,0.03478858,0.5868338,0.7181521,0.0394733,0.4303901,0.7002474,-0.09888081,0.4206786,0.6291477,-0.1176426,0.4241676,0.6416574,-0.1293301,0.240555,0.7676716,-0.1429202,0.00106445,0.7734305,-0.02519338,-0.1848122,0.8852451,-0.03457685,0.2430192,0.7349954,-0.03673544,0.02928832,0.7405165,0.003940479,-0.2100192,0.7925086,-0.05700167,0.6430461,0.7742311
72057594037941341,0,1.686635,9890.146,-0.08456984,0.2374547,0.7780184,-0.08003232,0.7867259,0.7639013,-0.1825068,0.6069872,0.8369824,-0.1930643,0.4093146,0.7585334,-0.2318824,0.3115738,0.6424542,-0.2443053,0.2706123,0.6242734,0.03478858,0.5868338,0.7181521,0.0394733,0.4303901,0.7002474,-0.09888081,0.4206786,0.6291477,-0.1176426,0.4241676,0.6416574,-0.1293301,0.240555,0.7676716,-0.1429202,0.00106445,0.7734305,-0.02519338,-0.1848122,0.8852451,-0.03457685,0.2430192,0.7349954,-0.03673544,0.02928832,0.7405165,0.003940479,-0.2100192,0.7925086,-0.05700167,0.6430461,0.7742311
72057594037941341,0,1.686635,9890.148,-0.08456984,0.2374547,0.7780184,-0.08003232,0.7867259,0.7639013,-0.1825068,0.6069872,0.8369824,-0.1930643,0.4093146,0.7585334,-0.2318824,0.3115738,0.6424542,-0.2443053,0.2706123,0.6242734,0.03478858,0.5868338,0.7181521,0.0394733,0.4303901,0.7002474,-0.09888081,0.4206786,0.6291477,-0.1176426,0.4241676,0.6416574,-0.1293301,0.240555,0.7676716,-0.1429202,0.00106445,0.7734305,-0.02519338,-0.1848122,0.8852451,-0.03457685,0.2430192,0.7349954,-0.03673544,0.02928832,0.7405165,0.003940479,-0.2100192,0.7925086,-0.05700167,0.6430461,0.7742311
72057594037941341,0,1.686635,9890.15,-0.08456984,0.2374547,0.7780184,-0.08003232,0.7867259,0.7639013,-0.1825068,0.6069872,0.8369824,-0.1930643,0.4093146,0.7585334,-0.2318824,0.3115738,0.6424542,-0.2443053,0.2706123,0.6242734,0.03478858,0.5868338,0.7181521,0.0394733,0.4303901,0.7002474,-0.09888081,0.4206786,0.6291477,-0.1176426,0.4241676,0.6416574,-0.1293301,0.240555,0.7676716,-0.1429202,0.00106445,0.7734305,-0.02519338,-0.1848122,0.8852451,-0.03457685,0.2430192,0.7349954,-0.03673544,0.02928832,0.7405165,0.003940479,-0.2100192,0.7925086,-0.05700167,0.6430461,0.7742311
72057594037941341,0,1.686635,9890.151,-0.08456984,0.2374547,0.7780184,-0.08003232,0.7867259,0.7639013,-0.1825068,0.6069872,0.8369824,-0.1930643,0.4093146,0.7585334,-0.2318824,0.3115738,0.6424542,-0.2443053,0.2706123,0.6242734,0.03478858,0.5868338,0.7181521,0.0394733,0.4303901,0.7002474,-0.09888081,0.4206786,0.6291477,-0.1176426,0.4241676,0.6416574,-0.1293301,0.240555,0.7676716,-0.1429202,0.00106445,0.7734305,-0.02519338,-0.1848122,0.8852451,-0.03457685,0.2430192,0.7349954,-0.03673544,0.02928832,0.7405165,0.003940479,-0.2100192,0.7925086,-0.05700167,0.6430461,0.7742311
72057594037941341,0,1.686635,9890.153,-0.08456984,0.2374547,0.7780184,-0.08003232,0.7867259,0.7639013,-0.1825068,0.6069872,0.8369824,-0.1930643,0.4093146,0.7585334,-0.2318824,0.3115738,0.6424542,-0.2443053,0.2706123,0.6242734,0.03478858,0.5868338,0.7181521,0.0394733,0.4303901,0.7002474,-0.09888081,0.4206786,0.6291477,-0.1176426,0.4241676,0.6416574,-0.1293301,0.240555,0.7676716,-0.1429202,0.00106445,0.7734305,-0.02519338,-0.1848122,0.8852451,-0.03457685,0.2430192,0.7349954,-0.03673544,0.02928832,0.7405165,0.003940479,-0.2100192,0.7925086,-0.05700167,0.6430461,0.7742311
72057594037941341,0,1.686635,9890.154,-0.08456984,0.2374547,0.7780184,-0.08003232,0.7867259,0.7639013,-0.1825068,0.6069872,0.8369824,-0.1930643,0.4093146,0.7585334,-0.2318824,0.3115738,0.6424542,-0.2443053,0.2706123,0.6242734,0.03478858,0.5868338,0.7181521,0.0394733,0.4303901,0.7002474,-0.09888081,0.4206786,0.6291477,-0.1176426,0.4241676,0.6416574,-0.1293301,0.240555,0.7676716,-0.1429202,0.00106445,0.7734305,-0.02519338,-0.1848122,0.8852451,-0.03457685,0.2430192,0.7349954,-0.03673544,0.02928832,0.7405165,0.003940479,-0.2100192,0.7925086,-0.05700167,0.6430461,0.7742311
72057594037941341,0,1.686635,9890.157,-0.08456984,0.2374547,0.7780184,-0.08003232,0.7867259,0.7639013,-0.1825068,0.6069872,0.8369824,-0.1930643,0.4093146,0.7585334,-0.2318824,0.3115738,0.6424542,-0.2443053,0.2706123,0.6242734,0.03478858,0.5868338,0.7181521,0.0394733,0.4303901,0.7002474,-0.09888081,0.4206786,0.6291477,-0.1176426,0.4241676,0.6416574,-0.1293301,0.240555,0.7676716,-0.1429202,0.00106445,0.7734305,-0.02519338,-0.1848122,0.8852451,-0.03457685,0.2430192,0.7349954,-0.03673544,0.02928832,0.7405165,0.003940479,-0.2100192,0.7925086,-0.05700167,0.6430461,0.7742311
72057594037941341,0,1.686635,9890.159,-0.08456984,0.2374547,0.7780184,-0.08003232,0.7867259,0.7639013,-0.1825068,0.6069872,0.8369824,-0.1930643,0.4093146,0.7585334,-0.2318824,0.3115738,0.6424542,-0.2443053,0.2706123,0.6242734,0.03478858,0.5868338,0.7181521,0.0394733,0.4303901,0.7002474,-0.09888081,0.4206786,0.6291477,-0.1176426,0.4241676,0.6416574,-0.1293301,0.240555,0.7676716,-0.1429202,0.00106445,0.7734305,-0.02519338,-0.1848122,0.8852451,-0.03457685,0.2430192,0.7349954,-0.03673544,0.02928832,0.7405165,0.003940479,-0.2100192,0.7925086,-0.05700167,0.6430461,0.7742311
72057594037941341,0,1.686635,9890.161,-0.08456984,0.2374547,0.7780184,-0.08003232,0.7867259,0.7639013,-0.1825068,0.6069872,0.8369824,-0.1930643,0.4093146,0.7585334,-0.2318824,0.3115738,0.6424542,-0.2443053,0.2706123,0.6242734,0.03478858,0.5868338,0.7181521,0.0394733,0.4303901,0.7002474,-0.09888081,0.4206786,0.6291477,-0.1176426,0.4241676,0.6416574,-0.1293301,0.240555,0.7676716,-0.1429202,0.00106445,0.7734305,-0.02519338,-0.1848122,0.8852451,-0.03457685,0.2430192,0.7349954,-0.03673544,0.02928832,0.7405165,0.003940479,-0.2100192,0.7925086,-0.05700167,0.6430461,0.7742311
72057594037941341,0,1.686635,9890.163,-0.08456984,0.2374547,0.7780184,-0.08003232,0.7867259,0.7639013,-0.1825068,0.6069872,0.8369824,-0.1930643,0.4093146,0.7585334,-0.2318824,0.3115738,0.6424542,-0.2443053,0.2706123,0.6242734,0.03478858,0.5868338,0.7181521,0.0394733,0.4303901,0.7002474,-0.09888081,0.4206786,0.6291477,-0.1176426,0.4241676,0.6416574,-0.1293301,0.240555,0.7676716,-0.1429202,0.00106445,0.7734305,-0.02519338,-0.1848122,0.8852451,-0.03457685,0.2430192,0.7349954,-0.03673544,0.02928832,0.7405165,0.003940479,-0.2100192,0.7925086,-0.05700167,0.6430461,0.7742311
72057594037941341,0,1.686635,9890.164,-0.08456984,0.2374547,0.7780184,-0.08003232,0.7867259,0.7639013,-0.1825068,0.6069872,0.8369824,-0.1930643,0.4093146,0.7585334,-0.2318824,0.3115738,0.6424542,-0.2443053,0.2706123,0.6242734,0.03478858,0.5868338,0.7181521,0.0394733,0.4303901,0.7002474,-0.09888081,0.4206786,0.6291477,-0.1176426,0.4241676,0.6416574,-0.1293301,0.240555,0.7676716,-0.1429202,0.00106445,0.7734305,-0.02519338,-0.1848122,0.8852451,-0.03457685,0.2430192,0.7349954,-0.03673544,0.02928832,0.7405165,0.003940479,-0.2100192,0.7925086,-0.05700167,0.6430461,0.7742311
72057594037941341,0,1.686635,9890.166,-0.08456984,0.2374547,0.7780184,-0.08003232,0.7867259,0.7639013,-0.1825068,0.6069872,0.8369824,-0.1930643,0.4093146,0.7585334,-0.2318824,0.3115738,0.6424542,-0.2443053,0.2706123,0.6242734,0.03478858,0.5868338,0.7181521,0.0394733,0.4303901,0.7002474,-0.09888081,0.4206786,0.6291477,-0.1176426,0.4241676,0.6416574,-0.1293301,0.240555,0.7676716,-0.1429202,0.00106445,0.7734305,-0.02519338,-0.1848122,0.8852451,-0.03457685,0.2430192,0.7349954,-0.03673544,0.02928832,0.7405165,0.003940479,-0.2100192,0.7925086,-0.05700167,0.6430461,0.7742311
72057594037941341,0,1.688146,9890.168,-0.08880998,0.2370286,0.7767475,-0.08821507,0.786974,0.7620453,-0.1881572,0.6078223,0.8342846,-0.1969073,0.4097964,0.7559386,-0.2299862,0.3094422,0.640086,-0.2430775,0.2682803,0.6231196,0.02889656,0.5882394,0.7162644,0.0348061,0.4317106,0.6972971,-0.1033236,0.4202866,0.6257017,-0.1215933,0.4240329,0.6385273,-0.1335076,0.2401659,0.7667598,-0.1512131,-0.008997381,0.7777367,-0.1328174,-0.2032826,0.8636751,-0.03859962,0.2425839,0.7334042,-0.03659673,0.02854905,0.7388267,-0.1001529,-0.1986786,0.8116327,-0.06342043,0.6435598,0.7725173
72057594037941341,0,1.688146,9890.17,-0.08880998,0.2370286,0.7767475,-0.08821507,0.786974,0.7620453,-0.1881572,0.6078223,0.8342846,-0.1969073,0.4097964,0.7559386,-0.2299862,0.3094422,0.640086,-0.2430775,0.2682803,0.6231196,0.02889656,0.5882394,0.7162644,0.0348061,0.4317106,0.6972971,-0.1033236,0.4202866,0.6257017,-0.1215933,0.4240329,0.6385273,-0.1335076,0.2401659,0.7667598,-0.1512131,-0.008997381,0.7777367,-0.1328174,-0.2032826,0.8636751,-0.03859962,0.2425839,0.7334042,-0.03659673,0.02854905,0.7388267,-0.1001529,-0.1986786,0.8116327,-0.06342043,0.6435598,0.7725173
72057594037941341,0,1.688146,9890.172,-0.08880998,0.2370286,0.7767475,-0.08821507,0.786974,0.7620453,-0.1881572,0.6078223,0.8342846,-0.1969073,0.4097964,0.7559386,-0.2299862,0.3094422,0.640086,-0.2430775,0.2682803,0.6231196,0.02889656,0.5882394,0.7162644,0.0348061,0.4317106,0.6972971,-0.1033236,0.4202866,0.6257017,-0.1215933,0.4240329,0.6385273,-0.1335076,0.2401659,0.7667598,-0.1512131,-0.008997381,0.7777367,-0.1328174,-0.2032826,0.8636751,-0.03859962,0.2425839,0.7334042,-0.03659673,0.02854905,0.7388267,-0.1001529,-0.1986786,0.8116327,-0.06342043,0.6435598,0.7725173
72057594037941341,0,1.688146,9890.175,-0.08880998,0.2370286,0.7767475,-0.08821507,0.786974,0.7620453,-0.1881572,0.6078223,0.8342846,-0.1969073,0.4097964,0.7559386,-0.2299862,0.3094422,0.640086,-0.2430775,0.2682803,0.6231196,0.02889656,0.5882394,0.7162644,0.0348061,0.4317106,0.6972971,-0.1033236,0.4202866,0.6257017,-0.1215933,0.4240329,0.6385273,-0.1335076,0.2401659,0.7667598,-0.1512131,-0.008997381,0.7777367,-0.1328174,-0.2032826,0.8636751,-0.03859962,0.2425839,0.7334042,-0.03659673,0.02854905,0.7388267,-0.1001529,-0.1986786,0.8116327,-0.06342043,0.6435598,0.7725173
72057594037941341,0,1.688146,9890.177,-0.08880998,0.2370286,0.7767475,-0.08821507,0.786974,0.7620453,-0.1881572,0.6078223,0.8342846,-0.1969073,0.4097964,0.7559386,-0.2299862,0.3094422,0.640086,-0.2430775,0.2682803,0.6231196,0.02889656,0.5882394,0.7162644,0.0348061,0.4317106,0.6972971,-0.1033236,0.4202866,0.6257017,-0.1215933,0.4240329,0.6385273,-0.1335076,0.2401659,0.7667598,-0.1512131,-0.008997381,0.7777367,-0.1328174,-0.2032826,0.8636751,-0.03859962,0.2425839,0.7334042,-0.03659673,0.02854905,0.7388267,-0.1001529,-0.1986786,0.8116327,-0.06342043,0.6435598,0.7725173
72057594037941341,0,1.688146,9890.179,-0.08880998,0.2370286,0.7767475,-0.08821507,0.786974,0.7620453,-0.1881572,0.6078223,0.8342846,-0.1969073,0.4097964,0.7559386,-0.2299862,0.3094422,0.640086,-0.2430775,0.2682803,0.6231196,0.02889656,0.5882394,0.7162644,0.0348061,0.4317106,0.6972971,-0.1033236,0.4202866,0.6257017,-0.1215933,0.4240329,0.6385273,-0.1335076,0.2401659,0.7667598,-0.1512131,-0.008997381,0.7777367,-0.1328174,-0.2032826,0.8636751,-0.03859962,0.2425839,0.7334042,-0.03659673,0.02854905,0.7388267,-0.1001529,-0.1986786,0.8116327,-0.06342043,0.6435598,0.7725173
72057594037941341,0,1.688146,9890.182,-0.08880998,0.2370286,0.7767475,-0.08821507,0.786974,0.7620453,-0.1881572,0.6078223,0.8342846,-0.1969073,0.4097964,0.7559386,-0.2299862,0.3094422,0.640086,-0.2430775,0.2682803,0.6231196,0.02889656,0.5882394,0.7162644,0.0348061,0.4317106,0.6972971,-0.1033236,0.4202866,0.6257017,-0.1215933,0.4240329,0.6385273,-0.1335076,0.2401659,0.7667598,-0.1512131,-0.008997381,0.7777367,-0.1328174,-0.2032826,0.8636751,-0.03859962,0.2425839,0.7334042,-0.03659673,0.02854905,0.7388267,-0.1001529,-0.1986786,0.8116327,-0.06342043,0.6435598,0.7725173
72057594037941341,0,1.688146,9890.184,-0.08880998,0.2370286,0.7767475,-0.08821507,0.786974,0.7620453,-0.1881572,0.6078223,0.8342846,-0.1969073,0.4097964,0.7559386,-0.2299862,0.3094422,0.640086,-0.2430775,0.2682803,0.6231196,0.02889656,0.5882394,0.7162644,0.0348061,0.4317106,0.6972971,-0.1033236,0.4202866,0.6257017,-0.1215933,0.4240329,0.6385273,-0.1335076,0.2401659,0.7667598,-0.1512131,-0.008997381,0.7777367,-0.1328174,-0.2032826,0.8636751,-0.03859962,0.2425839,0.7334042,-0.03659673,0.02854905,0.7388267,-0.1001529,-0.1986786,0.8116327,-0.06342043,0.6435598,0.7725173
72057594037941341,0,1.688146,9890.187,-0.08880998,0.2370286,0.7767475,-0.08821507,0.786974,0.7620453,-0.1881572,0.6078223,0.8342846,-0.1969073,0.4097964,0.7559386,-0.2299862,0.3094422,0.640086,-0.2430775,0.2682803,0.6231196,0.02889656,0.5882394,0.7162644,0.0348061,0.4317106,0.6972971,-0.1033236,0.4202866,0.6257017,-0.1215933,0.4240329,0.6385273,-0.1335076,0.2401659,0.7667598,-0.1512131,-0.008997381,0.7777367,-0.1328174,-0.2032826,0.8636751,-0.03859962,0.2425839,0.7334042,-0.03659673,0.02854905,0.7388267,-0.1001529,-0.1986786,0.8116327,-0.06342043,0.6435598,0.7725173
72057594037941341,0,1.688146,9890.188,-0.08880998,0.2370286,0.7767475,-0.08821507,0.786974,0.7620453,-0.1881572,0.6078223,0.8342846,-0.1969073,0.4097964,0.7559386,-0.2299862,0.3094422,0.640086,-0.2430775,0.2682803,0.6231196,0.02889656,0.5882394,0.7162644,0.0348061,0.4317106,0.6972971,-0.1033236,0.4202866,0.6257017,-0.1215933,0.4240329,0.6385273,-0.1335076,0.2401659,0.7667598,-0.1512131,-0.008997381,0.7777367,-0.1328174,-0.2032826,0.8636751,-0.03859962,0.2425839,0.7334042,-0.03659673,0.02854905,0.7388267,-0.1001529,-0.1986786,0.8116327,-0.06342043,0.6435598,0.7725173
72057594037941341,0,1.688146,9890.19,-0.08880998,0.2370286,0.7767475,-0.08821507,0.786974,0.7620453,-0.1881572,0.6078223,0.8342846,-0.1969073,0.4097964,0.7559386,-0.2299862,0.3094422,0.640086,-0.2430775,0.2682803,0.6231196,0.02889656,0.5882394,0.7162644,0.0348061,0.4317106,0.6972971,-0.1033236,0.4202866,0.6257017,-0.1215933,0.4240329,0.6385273,-0.1335076,0.2401659,0.7667598,-0.1512131,-0.008997381,0.7777367,-0.1328174,-0.2032826,0.8636751,-0.03859962,0.2425839,0.7334042,-0.03659673,0.02854905,0.7388267,-0.1001529,-0.1986786,0.8116327,-0.06342043,0.6435598,0.7725173
72057594037941341,0,1.688146,9890.193,-0.08880998,0.2370286,0.7767475,-0.08821507,0.786974,0.7620453,-0.1881572,0.6078223,0.8342846,-0.1969073,0.4097964,0.7559386,-0.2299862,0.3094422,0.640086,-0.2430775,0.2682803,0.6231196,0.02889656,0.5882394,0.7162644,0.0348061,0.4317106,0.6972971,-0.1033236,0.4202866,0.6257017,-0.1215933,0.4240329,0.6385273,-0.1335076,0.2401659,0.7667598,-0.1512131,-0.008997381,0.7777367,-0.1328174,-0.2032826,0.8636751,-0.03859962,0.2425839,0.7334042,-0.03659673,0.02854905,0.7388267,-0.1001529,-0.1986786,0.8116327,-0.06342043,0.6435598,0.7725173
72057594037941341,0,1.688146,9890.195,-0.08880998,0.2370286,0.7767475,-0.08821507,0.786974,0.7620453,-0.1881572,0.6078223,0.8342846,-0.1969073,0.4097964,0.7559386,-0.2299862,0.3094422,0.640086,-0.2430775,0.2682803,0.6231196,0.02889656,0.5882394,0.7162644,0.0348061,0.4317106,0.6972971,-0.1033236,0.4202866,0.6257017,-0.1215933,0.4240329,0.6385273,-0.1335076,0.2401659,0.7667598,-0.1512131,-0.008997381,0.7777367,-0.1328174,-0.2032826,0.8636751,-0.03859962,0.2425839,0.7334042,-0.03659673,0.02854905,0.7388267,-0.1001529,-0.1986786,0.8116327,-0.06342043,0.6435598,0.7725173
72057594037941341,0,1.688146,9890.197,-0.08880998,0.2370286,0.7767475,-0.08821507,0.786974,0.7620453,-0.1881572,0.6078223,0.8342846,-0.1969073,0.4097964,0.7559386,-0.2299862,0.3094422,0.640086,-0.2430775,0.2682803,0.6231196,0.02889656,0.5882394,0.7162644,0.0348061,0.4317106,0.6972971,-0.1033236,0.4202866,0.6257017,-0.1215933,0.4240329,0.6385273,-0.1335076,0.2401659,0.7667598,-0.1512131,-0.008997381,0.7777367,-0.1328174,-0.2032826,0.8636751,-0.03859962,0.2425839,0.7334042,-0.03659673,0.02854905,0.7388267,-0.1001529,-0.1986786,0.8116327,-0.06342043,0.6435598,0.7725173
72057594037941341,0,1.688146,9890.199,-0.08880998,0.2370286,0.7767475,-0.08821507,0.786974,0.7620453,-0.1881572,0.6078223,0.8342846,-0.1969073,0.4097964,0.7559386,-0.2299862,0.3094422,0.640086,-0.2430775,0.2682803,0.6231196,0.02889656,0.5882394,0.7162644,0.0348061,0.4317106,0.6972971,-0.1033236,0.4202866,0.6257017,-0.1215933,0.4240329,0.6385273,-0.1335076,0.2401659,0.7667598,-0.1512131,-0.008997381,0.7777367,-0.1328174,-0.2032826,0.8636751,-0.03859962,0.2425839,0.7334042,-0.03659673,0.02854905,0.7388267,-0.1001529,-0.1986786,0.8116327,-0.06342043,0.6435598,0.7725173
72057594037941341,0,1.689324,9890.201,-0.09172169,0.2363821,0.7758753,-0.09632415,0.7872406,0.7609087,-0.1875968,0.6070343,0.8348837,-0.1990877,0.4094537,0.7551556,-0.231094,0.310484,0.6375474,-0.2416792,0.2687343,0.6205709,0.02869458,0.5883172,0.7161893,0.03299151,0.431622,0.6962404,-0.1052004,0.4202547,0.6244149,-0.1248238,0.4250289,0.6391661,-0.1362257,0.2395005,0.7660259,-0.1635141,-0.01537982,0.7838714,-0.1356521,-0.1966476,0.8760068,-0.04149833,0.2420019,0.7324306,-0.03707632,0.02820578,0.7379271,-0.1004458,-0.1988825,0.8112073,-0.07065739,0.6435786,0.7713291
72057594037941341,0,1.689324,9890.204,-0.09172169,0.2363821,0.7758753,-0.09632415,0.7872406,0.7609087,-0.1875968,0.6070343,0.8348837,-0.1990877,0.4094537,0.7551556,-0.231094,0.310484,0.6375474,-0.2416792,0.2687343,0.6205709,0.02869458,0.5883172,0.7161893,0.03299151,0.431622,0.6962404,-0.1052004,0.4202547,0.6244149,-0.1248238,0.4250289,0.6391661,-0.1362257,0.2395005,0.7660259,-0.1635141,-0.01537982,0.7838714,-0.1356521,-0.1966476,0.8760068,-0.04149833,0.2420019,0.7324306,-0.03707632,0.02820578,0.7379271,-0.1004458,-0.1988825,0.8112073,-0.07065739,0.6435786,0.7713291
72057594037941341,0,1.689324,9890.205,-0.09172169,0.2363821,0.7758753,-0.09632415,0.7872406,0.7609087,-0.1875968,0.6070343,0.8348837,-0.1990877,0.4094537,0.7551556,-0.231094,0.310484,0.6375474,-0.2416792,0.2687343,0.6205709,0.02869458,0.5883172,0.7161893,0.03299151,0.431622,0.6962404,-0.1052004,0.4202547,0.6244149,-0.1248238,0.4250289,0.6391661,-0.1362257,0.2395005,0.7660259,-0.1635141,-0.01537982,0.7838714,-0.1356521,-0.1966476,0.8760068,-0.04149833,0.2420019,0.7324306,-0.03707632,0.02820578,0.7379271,-0.1004458,-0.1988825,0.8112073,-0.07065739,0.6435786,0.7713291
72057594037941341,0,1.689324,9890.207,-0.09172169,0.2363821,0.7758753,-0.09632415,0.7872406,0.7609087,-0.1875968,0.6070343,0.8348837,-0.1990877,0.4094537,0.7551556,-0.231094,0.310484,0.6375474,-0.2416792,0.2687343,0.6205709,0.02869458,0.5883172,0.7161893,0.03299151,0.431622,0.6962404,-0.1052004,0.4202547,0.6244149,-0.1248238,0.4250289,0.6391661,-0.1362257,0.2395005,0.7660259,-0.1635141,-0.01537982,0.7838714,-0.1356521,-0.1966476,0.8760068,-0.04149833,0.2420019,0.7324306,-0.03707632,0.02820578,0.7379271,-0.1004458,-0.1988825,0.8112073,-0.07065739,0.6435786,0.7713291
72057594037941341,0,1.689324,9890.209,-0.09172169,0.2363821,0.7758753,-0.09632415,0.7872406,0.7609087,-0.1875968,0.6070343,0.8348837,-0.1990877,0.4094537,0.7551556,-0.231094,0.310484,0.6375474,-0.2416792,0.2687343,0.6205709,0.02869458,0.5883172,0.7161893,0.03299151,0.431622,0.6962404,-0.1052004,0.4202547,0.6244149,-0.1248238,0.4250289,0.6391661,-0.1362257,0.2395005,0.7660259,-0.1635141,-0.01537982,0.7838714,-0.1356521,-0.1966476,0.8760068,-0.04149833,0.2420019,0.7324306,-0.03707632,0.02820578,0.7379271,-0.1004458,-0.1988825,0.8112073,-0.07065739,0.6435786,0.7713291
72057594037941341,0,1.689324,9890.211,-0.09172169,0.2363821,0.7758753,-0.09632415,0.7872406,0.7609087,-0.1875968,0.6070343,0.8348837,-0.1990877,0.4094537,0.7551556,-0.231094,0.310484,0.6375474,-0.2416792,0.2687343,0.6205709,0.02869458,0.5883172,0.7161893,0.03299151,0.431622,0.6962404,-0.1052004,0.4202547,0.6244149,-0.1248238,0.4250289,0.6391661,-0.1362257,0.2395005,0.7660259,-0.1635141,-0.01537982,0.7838714,-0.1356521,-0.1966476,0.8760068,-0.04149833,0.2420019,0.7324306,-0.03707632,0.02820578,0.7379271,-0.1004458,-0.1988825,0.8112073,-0.07065739,0.6435786,0.7713291
72057594037941341,0,1.689324,9890.213,-0.09172169,0.2363821,0.7758753,-0.09632415,0.7872406,0.7609087,-0.1875968,0.6070343,0.8348837,-0.1990877,0.4094537,0.7551556,-0.231094,0.310484,0.6375474,-0.2416792,0.2687343,0.6205709,0.02869458,0.5883172,0.7161893,0.03299151,0.431622,0.6962404,-0.1052004,0.4202547,0.6244149,-0.1248238,0.4250289,0.6391661,-0.1362257,0.2395005,0.7660259,-0.1635141,-0.01537982,0.7838714,-0.1356521,-0.1966476,0.8760068,-0.04149833,0.2420019,0.7324306,-0.03707632,0.02820578,0.7379271,-0.1004458,-0.1988825,0.8112073,-0.07065739,0.6435786,0.7713291
72057594037941341,0,1.689324,9890.215,-0.09172169,0.2363821,0.7758753,-0.09632415,0.7872406,0.7609087,-0.1875968,0.6070343,0.8348837,-0.1990877,0.4094537,0.7551556,-0.231094,0.310484,0.6375474,-0.2416792,0.2687343,0.6205709,0.02869458,0.5883172,0.7161893,0.03299151,0.431622,0.6962404,-0.1052004,0.4202547,0.6244149,-0.1248238,0.4250289,0.6391661,-0.1362257,0.2395005,0.7660259,-0.1635141,-0.01537982,0.7838714,-0.1356521,-0.1966476,0.8760068,-0.04149833,0.2420019,0.7324306,-0.03707632,0.02820578,0.7379271,-0.1004458,-0.1988825,0.8112073,-0.07065739,0.6435786,0.7713291
72057594037941341,0,1.689324,9890.217,-0.09172169,0.2363821,0.7758753,-0.09632415,0.7872406,0.7609087,-0.1875968,0.6070343,0.8348837,-0.1990877,0.4094537,0.7551556,-0.231094,0.310484,0.6375474,-0.2416792,0.2687343,0.6205709,0.02869458,0.5883172,0.7161893,0.03299151,0.431622,0.6962404,-0.1052004,0.4202547,0.6244149,-0.1248238,0.4250289,0.6391661,-0.1362257,0.2395005,0.7660259,-0.1635141,-0.01537982,0.7838714,-0.1356521,-0.1966476,0.8760068,-0.04149833,0.2420019,0.7324306,-0.03707632,0.02820578,0.7379271,-0.1004458,-0.1988825,0.8112073,-0.07065739,0.6435786,0.7713291
72057594037941341,0,1.689324,9890.219,-0.09172169,0.2363821,0.7758753,-0.09632415,0.7872406,0.7609087,-0.1875968,0.6070343,0.8348837,-0.1990877,0.4094537,0.7551556,-0.231094,0.310484,0.6375474,-0.2416792,0.2687343,0.6205709,0.02869458,0.5883172,0.7161893,0.03299151,0.431622,0.6962404,-0.1052004,0.4202547,0.6244149,-0.1248238,0.4250289,0.6391661,-0.1362257,0.2395005,0.7660259,-0.1635141,-0.01537982,0.7838714,-0.1356521,-0.1966476,0.8760068,-0.04149833,0.2420019,0.7324306,-0.03707632,0.02820578,0.7379271,-0.1004458,-0.1988825,0.8112073,-0.07065739,0.6435786,0.7713291
72057594037941341,0,1.689324,9890.221,-0.09172169,0.2363821,0.7758753,-0.09632415,0.7872406,0.7609087,-0.1875968,0.6070343,0.8348837,-0.1990877,0.4094537,0.7551556,-0.231094,0.310484,0.6375474,-0.2416792,0.2687343,0.6205709,0.02869458,0.5883172,0.7161893,0.03299151,0.431622,0.6962404,-0.1052004,0.4202547,0.6244149,-0.1248238,0.4250289,0.6391661,-0.1362257,0.2395005,0.7660259,-0.1635141,-0.01537982,0.7838714,-0.1356521,-0.1966476,0.8760068,-0.04149833,0.2420019,0.7324306,-0.03707632,0.02820578,0.7379271,-0.1004458,-0.1988825,0.8112073,-0.07065739,0.6435786,0.7713291
72057594037941341,0,1.689324,9890.223,-0.09172169,0.2363821,0.7758753,-0.09632415,0.7872406,0.7609087,-0.1875968,0.6070343,0.8348837,-0.1990877,0.4094537,0.7551556,-0.231094,0.310484,0.6375474,-0.2416792,0.2687343,0.6205709,0.02869458,0.5883172,0.7161893,0.03299151,0.431622,0.6962404,-0.1052004,0.4202547,0.6244149,-0.1248238,0.4250289,0.6391661,-0.1362257,0.2395005,0.7660259,-0.1635141,-0.01537982,0.7838714,-0.1356521,-0.1966476,0.8760068,-0.04149833,0.2420019,0.7324306,-0.03707632,0.02820578,0.7379271,-0.1004458,-0.1988825,0.8112073,-0.07065739,0.6435786,0.7713291
72057594037941341,0,1.689324,9890.226,-0.09172169,0.2363821,0.7758753,-0.09632415,0.7872406,0.7609087,-0.1875968,0.6070343,0.8348837,-0.1990877,0.4094537,0.7551556,-0.231094,0.310484,0.6375474,-0.2416792,0.2687343,0.6205709,0.02869458,0.5883172,0.7161893,0.03299151,0.431622,0.6962404,-0.1052004,0.4202547,0.6244149,-0.1248238,0.4250289,0.6391661,-0.1362257,0.2395005,0.7660259,-0.1635141,-0.01537982,0.7838714,-0.1356521,-0.1966476,0.8760068,-0.04149833,0.2420019,0.7324306,-0.03707632,0.02820578,0.7379271,-0.1004458,-0.1988825,0.8112073,-0.07065739,0.6435786,0.7713291
72057594037941341,0,1.689324,9890.228,-0.09172169,0.2363821,0.7758753,-0.09632415,0.7872406,0.7609087,-0.1875968,0.6070343,0.8348837,-0.1990877,0.4094537,0.7551556,-0.231094,0.310484,0.6375474,-0.2416792,0.2687343,0.6205709,0.02869458,0.5883172,0.7161893,0.03299151,0.431622,0.6962404,-0.1052004,0.4202547,0.6244149,-0.1248238,0.4250289,0.6391661,-0.1362257,0.2395005,0.7660259,-0.1635141,-0.01537982,0.7838714,-0.1356521,-0.1966476,0.8760068,-0.04149833,0.2420019,0.7324306,-0.03707632,0.02820578,0.7379271,-0.1004458,-0.1988825,0.8112073,-0.07065739,0.6435786,0.7713291
72057594037941341,0,1.689324,9890.23,-0.09172169,0.2363821,0.7758753,-0.09632415,0.7872406,0.7609087,-0.1875968,0.6070343,0.8348837,-0.1990877,0.4094537,0.7551556,-0.231094,0.310484,0.6375474,-0.2416792,0.2687343,0.6205709,0.02869458,0.5883172,0.7161893,0.03299151,0.431622,0.6962404,-0.1052004,0.4202547,0.6244149,-0.1248238,0.4250289,0.6391661,-0.1362257,0.2395005,0.7660259,-0.1635141,-0.01537982,0.7838714,-0.1356521,-0.1966476,0.8760068,-0.04149833,0.2420019,0.7324306,-0.03707632,0.02820578,0.7379271,-0.1004458,-0.1988825,0.8112073,-0.07065739,0.6435786,0.7713291
72057594037941341,0,1.691059,9890.232,-0.09382574,0.2354787,0.7744724,-0.103749,0.7869059,0.7604731,-0.2059309,0.6014122,0.8272869,-0.201346,0.4040814,0.7458388,-0.2367356,0.3005936,0.6334351,-0.247014,0.2603961,0.613176,0.01676011,0.5907075,0.7154588,0.02938651,0.4344289,0.6957581,-0.1078761,0.4197101,0.6226929,-0.1289929,0.4232349,0.6383812,-0.1394893,0.2378626,0.7643777,-0.1706668,-0.02213025,0.7894757,-0.1794421,-0.2180384,0.8301347,-0.04263153,0.2416694,0.7312762,-0.03771388,0.02786326,0.7375687,-0.1013159,-0.1995692,0.8117725,-0.07763685,0.6429265,0.770591
72057594037941341,0,1.691059,9890.234,-0.09382574,0.2354787,0.7744724,-0.103749,0.7869059,0.7604731,-0.2059309,0.6014122,0.8272869,-0.201346,0.4040814,0.7458388,-0.2367356,0.3005936,0.6334351,-0.247014,0.2603961,0.613176,0.01676011,0.5907075,0.7154588,0.02938651,0.4344289,0.6957581,-0.1078761,0.4197101,0.6226929,-0.1289929,0.4232349,0.6383812,-0.1394893,0.2378626,0.7643777,-0.1706668,-0.02213025,0.7894757,-0.1794421,-0.2180384,0.8301347,-0.04263153,0.2416694,0.7312762,-0.03771388,0.02786326,0.7375687,-0.1013159,-0.1995692,0.8117725,-0.07763685,0.6429265,0.770591
72057594037941341,0,1.691059,9890.236,-0.09382574,0.2354787,0.7744724,-0.103749,0.7869059,0.7604731,-0.2059309,0.6014122,0.8272869,-0.201346,0.4040814,0.7458388,-0.2367356,0.3005936,0.6334351,-0.247014,0.2603961,0.613176,0.01676011,0.5907075,0.7154588,0.02938651,0.4344289,0.6957581,-0.1078761,0.4197101,0.6226929,-0.1289929,0.4232349,0.6383812,-0.1394893,0.2378626,0.7643777,-0.1706668,-0.02213025,0.7894757,-0.1794421,-0.2180384,0.8301347,-0.04263153,0.2416694,0.7312762,-0.03771388,0.02786326,0.7375687,-0.1013159,-0.1995692,0.8117725,-0.07763685,0.6429265,0.770591
72057594037941341,0,1.691059,9890.238,-0.09382574,0.2354787,0.7744724,-0.103749,0.7869059,0.7604731,-0.2059309,0.6014122,0.8272869,-0.201346,0.4040814,0.7458388,-0.2367356,0.3005936,0.6334351,-0.247014,0.2603961,0.613176,0.01676011,0.5907075,0.7154588,0.02938651,0.4344289,0.6957581,-0.1078761,0.4197101,0.6226929,-0.1289929,0.4232349,0.6383812,-0.1394893,0.2378626,0.7643777,-0.1706668,-0.02213025,0.7894757,-0.1794421,-0.2180384,0.8301347,-0.04263153,0.2416694,0.7312762,-0.03771388,0.02786326,0.7375687,-0.1013159,-0.1995692,0.8117725,-0.07763685,0.6429265,0.770591
72057594037941341,0,1.691059,9890.241,-0.09382574,0.2354787,0.7744724,-0.103749,0.7869059,0.7604731,-0.2059309,0.6014122,0.8272869,-0.201346,0.4040814,0.7458388,-0.2367356,0.3005936,0.6334351,-0.247014,0.2603961,0.613176,0.01676011,0.5907075,0.7154588,0.02938651,0.4344289,0.6957581,-0.1078761,0.4197101,0.6226929,-0.1289929,0.4232349,0.6383812,-0.1394893,0.2378626,0.7643777,-0.1706668,-0.02213025,0.7894757,-0.1794421,-0.2180384,0.8301347,-0.04263153,0.2416694,0.7312762,-0.03771388,0.02786326,0.7375687,-0.1013159,-0.1995692,0.8117725,-0.07763685,0.6429265,0.770591
72057594037941341,0,1.691059,9890.243,-0.09382574,0.2354787,0.7744724,-0.103749,0.7869059,0.7604731,-0.2059309,0.6014122,0.8272869,-0.201346,0.4040814,0.7458388,-0.2367356,0.3005936,0.6334351,-0.247014,0.2603961,0.613176,0.01676011,0.5907075,0.7154588,0.02938651,0.4344289,0.6957581,-0.1078761,0.4197101,0.6226929,-0.1289929,0.4232349,0.6383812,-0.1394893,0.2378626,0.7643777,-0.1706668,-0.02213025,0.7894757,-0.1794421,-0.2180384,0.8301347,-0.04263153,0.2416694,0.7312762,-0.03771388,0.02786326,0.7375687,-0.1013159,-0.1995692,0.8117725,-0.07763685,0.6429265,0.770591
72057594037941341,0,1.691059,9890.245,-0.09382574,0.2354787,0.7744724,-0.103749,0.7869059,0.7604731,-0.2059309,0.6014122,0.8272869,-0.201346,0.4040814,0.7458388,-0.2367356,0.3005936,0.6334351,-0.247014,0.2603961,0.613176,0.01676011,0.5907075,0.7154588,0.02938651,0.4344289,0.6957581,-0.1078761,0.4197101,0.6226929,-0.1289929,0.4232349,0.6383812,-0.1394893,0.2378626,0.7643777,-0.1706668,-0.02213025,0.7894757,-0.1794421,-0.2180384,0.8301347,-0.04263153,0.2416694,0.7312762,-0.03771388,0.02786326,0.7375687,-0.1013159,-0.1995692,0.8117725,-0.07763685,0.6429265,0.770591
72057594037941341,0,1.691059,9890.247,-0.09382574,0.2354787,0.7744724,-0.103749,0.7869059,0.7604731,-0.2059309,0.6014122,0.8272869,-0.201346,0.4040814,0.7458388,-0.2367356,0.3005936,0.6334351,-0.247014,0.2603961,0.613176,0.01676011,0.5907075,0.7154588,0.02938651,0.4344289,0.6957581,-0.1078761,0.4197101,0.6226929,-0.1289929,0.4232349,0.6383812,-0.1394893,0.2378626,0.7643777,-0.1706668,-0.02213025,0.7894757,-0.1794421,-0.2180384,0.8301347,-0.04263153,0.2416694,0.7312762,-0.03771388,0.02786326,0.7375687,-0.1013159,-0.1995692,0.8117725,-0.07763685,0.6429265,0.770591
72057594037941341,0,1.691059,9890.248,-0.09382574,0.2354787,0.7744724,-0.103749,0.7869059,0.7604731,-0.2059309,0.6014122,0.8272869,-0.201346,0.4040814,0.7458388,-0.2367356,0.3005936,0.6334351,-0.247014,0.2603961,0.613176,0.01676011,0.5907075,0.7154588,0.02938651,0.4344289,0.6957581,-0.1078761,0.4197101,0.6226929,-0.1289929,0.4232349,0.6383812,-0.1394893,0.2378626,0.7643777,-0.1706668,-0.02213025,0.7894757,-0.1794421,-0.2180384,0.8301347,-0.04263153,0.2416694,0.7312762,-0.03771388,0.02786326,0.7375687,-0.1013159,-0.1995692,0.8117725,-0.07763685,0.6429265,0.770591
72057594037941341,0,1.691059,9890.25,-0.09382574,0.2354787,0.7744724,-0.103749,0.7869059,0.7604731,-0.2059309,0.6014122,0.8272869,-0.201346,0.4040814,0.7458388,-0.2367356,0.3005936,0.6334351,-0.247014,0.2603961,0.613176,0.01676011,0.5907075,0.7154588,0.02938651,0.4344289,0.6957581,-0.1078761,0.4197101,0.6226929,-0.1289929,0.4232349,0.6383812,-0.1394893,0.2378626,0.7643777,-0.1706668,-0.02213025,0.7894757,-0.1794421,-0.2180384,0.8301347,-0.04263153,0.2416694,0.7312762,-0.03771388,0.02786326,0.7375687,-0.1013159,-0.1995692,0.8117725,-0.07763685,0.6429265,0.770591
72057594037941341,0,1.691059,9890.252,-0.09382574,0.2354787,0.7744724,-0.103749,0.7869059,0.7604731,-0.2059309,0.6014122,0.8272869,-0.201346,0.4040814,0.7458388,-0.2367356,0.3005936,0.6334351,-0.247014,0.2603961,0.613176,0.01676011,0.5907075,0.7154588,0.02938651,0.4344289,0.6957581,-0.1078761,0.4197101,0.6226929,-0.1289929,0.4232349,0.6383812,-0.1394893,0.2378626,0.7643777,-0.1706668,-0.02213025,0.7894757,-0.1794421,-0.2180384,0.8301347,-0.04263153,0.2416694,0.7312762,-0.03771388,0.02786326,0.7375687,-0.1013159,-0.1995692,0.8117725,-0.07763685,0.6429265,0.770591
72057594037941341,0,1.691059,9890.253,-0.09382574,0.2354787,0.7744724,-0.103749,0.7869059,0.7604731,-0.2059309,0.6014122,0.8272869,-0.201346,0.4040814,0.7458388,-0.2367356,0.3005936,0.6334351,-0.247014,0.2603961,0.613176,0.01676011,0.5907075,0.7154588,0.02938651,0.4344289,0.6957581,-0.1078761,0.4197101,0.6226929,-0.1289929,0.4232349,0.6383812,-0.1394893,0.2378626,0.7643777,-0.1706668,-0.02213025,0.7894757,-0.1794421,-0.2180384,0.8301347,-0.04263153,0.2416694,0.7312762,-0.03771388,0.02786326,0.7375687,-0.1013159,-0.1995692,0.8117725,-0.07763685,0.6429265,0.770591
72057594037941341,0,1.691059,9890.255,-0.09382574,0.2354787,0.7744724,-0.103749,0.7869059,0.7604731,-0.2059309,0.6014122,0.8272869,-0.201346,0.4040814,0.7458388,-0.2367356,0.3005936,0.6334351,-0.247014,0.2603961,0.613176,0.01676011,0.5907075,0.7154588,0.02938651,0.4344289,0.6957581,-0.1078761,0.4197101,0.6226929,-0.1289929,0.4232349,0.6383812,-0.1394893,0.2378626,0.7643777,-0.1706668,-0.02213025,0.7894757,-0.1794421,-0.2180384,0.8301347,-0.04263153,0.2416694,0.7312762,-0.03771388,0.02786326,0.7375687,-0.1013159,-0.1995692,0.8117725,-0.07763685,0.6429265,0.770591
72057594037941341,0,1.691059,9890.258,-0.09382574,0.2354787,0.7744724,-0.103749,0.7869059,0.7604731,-0.2059309,0.6014122,0.8272869,-0.201346,0.4040814,0.7458388,-0.2367356,0.3005936,0.6334351,-0.247014,0.2603961,0.613176,0.01676011,0.5907075,0.7154588,0.02938651,0.4344289,0.6957581,-0.1078761,0.4197101,0.6226929,-0.1289929,0.4232349,0.6383812,-0.1394893,0.2378626,0.7643777,-0.1706668,-0.02213025,0.7894757,-0.1794421,-0.2180384,0.8301347,-0.04263153,0.2416694,0.7312762,-0.03771388,0.02786326,0.7375687,-0.1013159,-0.1995692,0.8117725,-0.07763685,0.6429265,0.770591
72057594037941341,0,1.691059,9890.26,-0.09382574,0.2354787,0.7744724,-0.103749,0.7869059,0.7604731,-0.2059309,0.6014122,0.8272869,-0.201346,0.4040814,0.7458388,-0.2367356,0.3005936,0.6334351,-0.247014,0.2603961,0.613176,0.01676011,0.5907075,0.7154588,0.02938651,0.4344289,0.6957581,-0.1078761,0.4197101,0.6226929,-0.1289929,0.4232349,0.6383812,-0.1394893,0.2378626,0.7643777,-0.1706668,-0.02213025,0.7894757,-0.1794421,-0.2180384,0.8301347,-0.04263153,0.2416694,0.7312762,-0.03771388,0.02786326,0.7375687,-0.1013159,-0.1995692,0.8117725,-0.07763685,0.6429265,0.770591
72057594037941341,0,1.691059,9890.263,-0.09382574,0.2354787,0.7744724,-0.103749,0.7869059,0.7604731,-0.2059309,0.6014122,0.8272869,-0.201346,0.4040814,0.7458388,-0.2367356,0.3005936,0.6334351,-0.247014,0.2603961,0.613176,0.01676011,0.5907075,0.7154588,0.02938651,0.4344289,0.6957581,-0.1078761,0.4197101,0.6226929,-0.1289929,0.4232349,0.6383812,-0.1394893,0.2378626,0.7643777,-0.1706668,-0.02213025,0.7894757,-0.1794421,-0.2180384,0.8301347,-0.04263153,0.2416694,0.7312762,-0.03771388,0.02786326,0.7375687,-0.1013159,-0.1995692,0.8117725,-0.07763685,0.6429265,0.770591
72057594037941341,0,1.691059,9890.265,-0.09382574,0.2354787,0.7744724,-0.103749,0.7869059,0.7604731,-0.2059309,0.6014122,0.8272869,-0.201346,0.4040814,0.7458388,-0.2367356,0.3005936,0.6334351,-0.247014,0.2603961,0.613176,0.01676011,0.5907075,0.7154588,0.02938651,0.4344289,0.6957581,-0.1078761,0.4197101,0.6226929,-0.1289929,0.4232349,0.6383812,-0.1394893,0.2378626,0.7643777,-0.1706668,-0.02213025,0.7894757,-0.1794421,-0.2180384,0.8301347,-0.04263153,0.2416694,0.7312762,-0.03771388,0.02786326,0.7375687,-0.1013159,-0.1995692,0.8117725,-0.07763685,0.6429265,0.770591
72057594037941341,0,1.691059,9890.267,-0.09382574,0.2354787,0.7744724,-0.103749,0.7869059,0.7604731,-0.2059309,0.6014122,0.8272869,-0.201346,0.4040814,0.7458388,-0.2367356,0.3005936,0.6334351,-0.247014,0.2603961,0.613176,0.01676011,0.5907075,0.7154588,0.02938651,0.4344289,0.6957581,-0.1078761,0.4197101,0.6226929,-0.1289929,0.4232349,0.6383812,-0.1394893,0.2378626,0.7643777,-0.1706668,-0.02213025,0.7894757,-0.1794421,-0.2180384,0.8301347,-0.04263153,0.2416694,0.7312762,-0.03771388,0.02786326,0.7375687,-0.1013159,-0.1995692,0.8117725,-0.07763685,0.6429265,0.770591
72057594037941341,0,1.692563,9890.269,-0.09712239,0.2340649,0.7735928,-0.1120039,0.786525,0.7606281,-0.213856,0.5991316,0.8246406,-0.2063371,0.4011534,0.7451324,-0.236661,0.3013841,0.6277775,-0.2476824,0.2610034,0.6084584,0.008316136,0.5916826,0.7157333,0.02336626,0.4356432,0.6953941,-0.112437,0.4189489,0.6199359,-0.1354624,0.4230306,0.6361147,-0.1434513,0.235677,0.7633975,-0.1750151,-0.02783516,0.7955387,-0.1768288,-0.2202808,0.8316868,-0.04500955,0.2410271,0.7305576,-0.0387293,0.02715415,0.7370842,-0.0361342,-0.2253838,0.7120141,-0.08592256,0.6420845,0.7704885
72057594037941341,0,1.692563,9890.271,-0.09712239,0.2340649,0.7735928,-0.1120039,0.786525,0.7606281,-0.213856,0.5991316,0.8246406,-0.2063371,0.4011534,0.7451324,-0.236661,0.3013841,0.6277775,-0.2476824,0.2610034,0.6084584,0.008316136,0.5916826,0.7157333,0.02336626,0.4356432,0.6953941,-0.112437,0.4189489,0.6199359,-0.1354624,0.4230306,0.6361147,-0.1434513,0.235677,0.7633975,-0.1750151,-0.02783516,0.7955387,-0.1768288,-0.2202808,0.8316868,-0.04500955,0.2410271,0.7305576,-0.0387293,0.02715415,0.7370842,-0.0361342,-0.2253838,0.7120141,-0.08592256,0.6420845,0.7704885
72057594037941341,0,1.692563,9890.273,-0.09712239,0.2340649,0.7735928,-0.1120039,0.786525,0.7606281,-0.213856,0.5991316,0.8246406,-0.2063371,0.4011534,0.7451324,-0.236661,0.3013841,0.6277775,-0.2476824,0.2610034,0.6084584,0.008316136,0.5916826,0.7157333,0.02336626,0.4356432,0.6953941,-0.112437,0.4189489,0.6199359,-0.1354624,0.4230306,0.6361147,-0.1434513,0.235677,0.7633975,-0.1750151,-0.02783516,0.7955387,-0.1768288,-0.2202808,0.8316868,-0.04500955,0.2410271,0.7305576,-0.0387293,0.02715415,0.7370842,-0.0361342,-0.2253838,0.7120141,-0.08592256,0.6420845,0.7704885
72057594037941341,0,1.692563,9890.274,-0.09712239,0.2340649,0.7735928,-0.1120039,0.786525,0.7606281,-0.213856,0.5991316,0.8246406,-0.2063371,0.4011534,0.7451324,-0.236661,0.3013841,0.6277775,-0.2476824,0.2610034,0.6084584,0.008316136,0.5916826,0.7157333,0.02336626,0.4356432,0.6953941,-0.112437,0.4189489,0.6199359,-0.1354624,0.4230306,0.6361147,-0.1434513,0.235677,0.7633975,-0.1750151,-0.02783516,0.7955387,-0.1768288,-0.2202808,0.8316868,-0.04500955,0.2410271,0.7305576,-0.0387293,0.02715415,0.7370842,-0.0361342,-0.2253838,0.7120141,-0.08592256,0.6420845,0.7704885
72057594037941341,0,1.692563,9890.276,-0.09712239,0.2340649,0.7735928,-0.1120039,0.786525,0.7606281,-0.213856,0.5991316,0.8246406,-0.2063371,0.4011534,0.7451324,-0.236661,0.3013841,0.6277775,-0.2476824,0.2610034,0.6084584,0.008316136,0.5916826,0.7157333,0.02336626,0.4356432,0.6953941,-0.112437,0.4189489,0.6199359,-0.1354624,0.4230306,0.6361147,-0.1434513,0.235677,0.7633975,-0.1750151,-0.02783516,0.7955387,-0.1768288,-0.2202808,0.8316868,-0.04500955,0.2410271,0.7305576,-0.0387293,0.02715415,0.7370842,-0.0361342,-0.2253838,0.7120141,-0.08592256,0.6420845,0.7704885
72057594037941341,0,1.692563,9890.279,-0.09712239,0.2340649,0.7735928,-0.1120039,0.786525,0.7606281,-0.213856,0.5991316,0.8246406,-0.2063371,0.4011534,0.7451324,-0.236661,0.3013841,0.6277775,-0.2476824,0.2610034,0.6084584,0.008316136,0.5916826,0.7157333,0.02336626,0.4356432,0.6953941,-0.112437,0.4189489,0.6199359,-0.1354624,0.4230306,0.6361147,-0.1434513,0.235677,0.7633975,-0.1750151,-0.02783516,0.7955387,-0.1768288,-0.2202808,0.8316868,-0.04500955,0.2410271,0.7305576,-0.0387293,0.02715415,0.7370842,-0.0361342,-0.2253838,0.7120141,-0.08592256,0.6420845,0.7704885
72057594037941341,0,1.692563,9890.28,-0.09712239,0.2340649,0.7735928,-0.1120039,0.786525,0.7606281,-0.213856,0.5991316,0.8246406,-0.2063371,0.4011534,0.7451324,-0.236661,0.3013841,0.6277775,-0.2476824,0.2610034,0.6084584,0.008316136,0.5916826,0.7157333,0.02336626,0.4356432,0.6953941,-0.112437,0.4189489,0.6199359,-0.1354624,0.4230306,0.6361147,-0.1434513,0.235677,0.7633975,-0.1750151,-0.02783516,0.7955387,-0.1768288,-0.2202808,0.8316868,-0.04500955,0.2410271,0.7305576,-0.0387293,0.02715415,0.7370842,-0.0361342,-0.2253838,0.7120141,-0.08592256,0.6420845,0.7704885
72057594037941341,0,1.692563,9890.282,-0.09712239,0.2340649,0.7735928,-0.1120039,0.786525,0.7606281,-0.213856,0.5991316,0.8246406,-0.2063371,0.4011534,0.7451324,-0.236661,0.3013841,0.6277775,-0.2476824,0.2610034,0.6084584,0.008316136,0.5916826,0.7157333,0.02336626,0.4356432,0.6953941,-0.112437,0.4189489,0.6199359,-0.1354624,0.4230306,0.6361147,-0.1434513,0.235677,0.7633975,-0.1750151,-0.02783516,0.7955387,-0.1768288,-0.2202808,0.8316868,-0.04500955,0.2410271,0.7305576,-0.0387293,0.02715415,0.7370842,-0.0361342,-0.2253838,0.7120141,-0.08592256,0.6420845,0.7704885
72057594037941341,0,1.692563,9890.284,-0.09712239,0.2340649,0.7735928,-0.1120039,0.786525,0.7606281,-0.213856,0.5991316,0.8246406,-0.2063371,0.4011534,0.7451324,-0.236661,0.3013841,0.6277775,-0.2476824,0.2610034,0.6084584,0.008316136,0.5916826,0.7157333,0.02336626,0.4356432,0.6953941,-0.112437,0.4189489,0.6199359,-0.1354624,0.4230306,0.6361147,-0.1434513,0.235677,0.7633975,-0.1750151,-0.02783516,0.7955387,-0.1768288,-0.2202808,0.8316868,-0.04500955,0.2410271,0.7305576,-0.0387293,0.02715415,0.7370842,-0.0361342,-0.2253838,0.7120141,-0.08592256,0.6420845,0.7704885
72057594037941341,0,1.692563,9890.286,-0.09712239,0.2340649,0.7735928,-0.1120039,0.786525,0.7606281,-0.213856,0.5991316,0.8246406,-0.2063371,0.4011534,0.7451324,-0.236661,0.3013841,0.6277775,-0.2476824,0.2610034,0.6084584,0.008316136,0.5916826,0.7157333,0.02336626,0.4356432,0.6953941,-0.112437,0.4189489,0.6199359,-0.1354624,0.4230306,0.6361147,-0.1434513,0.235677,0.7633975,-0.1750151,-0.02783516,0.7955387,-0.1768288,-0.2202808,0.8316868,-0.04500955,0.2410271,0.7305576,-0.0387293,0.02715415,0.7370842,-0.0361342,-0.2253838,0.7120141,-0.08592256,0.6420845,0.7704885
72057594037941341,0,1.692563,9890.288,-0.09712239,0.2340649,0.7735928,-0.1120039,0.786525,0.7606281,-0.213856,0.5991316,0.8246406,-0.2063371,0.4011534,0.7451324,-0.236661,0.3013841,0.6277775,-0.2476824,0.2610034,0.6084584,0.008316136,0.5916826,0.7157333,0.02336626,0.4356432,0.6953941,-0.112437,0.4189489,0.6199359,-0.1354624,0.4230306,0.6361147,-0.1434513,0.235677,0.7633975,-0.1750151,-0.02783516,0.7955387,-0.1768288,-0.2202808,0.8316868,-0.04500955,0.2410271,0.7305576,-0.0387293,0.02715415,0.7370842,-0.0361342,-0.2253838,0.7120141,-0.08592256,0.6420845,0.7704885
72057594037941341,0,1.692563,9890.29,-0.09712239,0.2340649,0.7735928,-0.1120039,0.786525,0.7606281,-0.213856,0.5991316,0.8246406,-0.2063371,0.4011534,0.7451324,-0.236661,0.3013841,0.6277775,-0.2476824,0.2610034,0.6084584,0.008316136,0.5916826,0.7157333,0.02336626,0.4356432,0.6953941,-0.112437,0.4189489,0.6199359,-0.1354624,0.4230306,0.6361147,-0.1434513,0.235677,0.7633975,-0.1750151,-0.02783516,0.7955387,-0.1768288,-0.2202808,0.8316868,-0.04500955,0.2410271,0.7305576,-0.0387293,0.02715415,0.7370842,-0.0361342,-0.2253838,0.7120141,-0.08592256,0.6420845,0.7704885
72057594037941341,0,1.692563,9890.292,-0.09712239,0.2340649,0.7735928,-0.1120039,0.786525,0.7606281,-0.213856,0.5991316,0.8246406,-0.2063371,0.4011534,0.7451324,-0.236661,0.3013841,0.6277775,-0.2476824,0.2610034,0.6084584,0.008316136,0.5916826,0.7157333,0.02336626,0.4356432,0.6953941,-0.112437,0.4189489,0.6199359,-0.1354624,0.4230306,0.6361147,-0.1434513,0.235677,0.7633975,-0.1750151,-0.02783516,0.7955387,-0.1768288,-0.2202808,0.8316868,-0.04500955,0.2410271,0.7305576,-0.0387293,0.02715415,0.7370842,-0.0361342,-0.2253838,0.7120141,-0.08592256,0.6420845,0.7704885
72057594037941341,0,1.692563,9890.294,-0.09712239,0.2340649,0.7735928,-0.1120039,0.786525,0.7606281,-0.213856,0.5991316,0.8246406,-0.2063371,0.4011534,0.7451324,-0.236661,0.3013841,0.6277775,-0.2476824,0.2610034,0.6084584,0.008316136,0.5916826,0.7157333,0.02336626,0.4356432,0.6953941,-0.112437,0.4189489,0.6199359,-0.1354624,0.4230306,0.6361147,-0.1434513,0.235677,0.7633975,-0.1750151,-0.02783516,0.7955387,-0.1768288,-0.2202808,0.8316868,-0.04500955,0.2410271,0.7305576,-0.0387293,0.02715415,0.7370842,-0.0361342,-0.2253838,0.7120141,-0.08592256,0.6420845,0.7704885
72057594037941341,0,1.692563,9890.296,-0.09712239,0.2340649,0.7735928,-0.1120039,0.786525,0.7606281,-0.213856,0.5991316,0.8246406,-0.2063371,0.4011534,0.7451324,-0.236661,0.3013841,0.6277775,-0.2476824,0.2610034,0.6084584,0.008316136,0.5916826,0.7157333,0.02336626,0.4356432,0.6953941,-0.112437,0.4189489,0.6199359,-0.1354624,0.4230306,0.6361147,-0.1434513,0.235677,0.7633975,-0.1750151,-0.02783516,0.7955387,-0.1768288,-0.2202808,0.8316868,-0.04500955,0.2410271,0.7305576,-0.0387293,0.02715415,0.7370842,-0.0361342,-0.2253838,0.7120141,-0.08592256,0.6420845,0.7704885
72057594037941341,0,1.692563,9890.299,-0.09712239,0.2340649,0.7735928,-0.1120039,0.786525,0.7606281,-0.213856,0.5991316,0.8246406,-0.2063371,0.4011534,0.7451324,-0.236661,0.3013841,0.6277775,-0.2476824,0.2610034,0.6084584,0.008316136,0.5916826,0.7157333,0.02336626,0.4356432,0.6953941,-0.112437,0.4189489,0.6199359,-0.1354624,0.4230306,0.6361147,-0.1434513,0.235677,0.7633975,-0.1750151,-0.02783516,0.7955387,-0.1768288,-0.2202808,0.8316868,-0.04500955,0.2410271,0.7305576,-0.0387293,0.02715415,0.7370842,-0.0361342,-0.2253838,0.7120141,-0.08592256,0.6420845,0.7704885
72057594037941341,0,1.69356,9890.302,-0.1013851,0.2329408,0.7732014,-0.1204138,0.7865604,0.7612253,-0.2131859,0.5991344,0.8253494,-0.2075746,0.402831,0.7413337,-0.2485151,0.2988743,0.6314627,-0.2614019,0.2590254,0.6121995,0.009233962,0.5914174,0.7162162,0.01782086,0.4348612,0.6962615,-0.1386311,0.4211132,0.6218357,-0.1527603,0.423053,0.6373953,-0.1475165,0.2345227,0.7628136,-0.1770108,-0.0292238,0.7976892,-0.1781222,-0.2204733,0.8374072,-0.04902599,0.2401097,0.7304097,-0.03964751,0.02624393,0.7364979,-0.08310026,-0.2192681,0.7677913,-0.09578831,0.6416053,0.7713879
72057594037941341,0,1.69356,9890.305,-0.1013851,0.2329408,0.7732014,-0.1204138,0.7865604,0.7612253,-0.2131859,0.5991344,0.8253494,-0.2075746,0.402831,0.7413337,-0.2485151,0.2988743,0.6314627,-0.2614019,0.2590254,0.6121995,0.009233962,0.5914174,0.7162162,0.01782086,0.4348612,0.6962615,-0.1386311,0.4211132,0.6218357,-0.1527603,0.423053,0.6373953,-0.1475165,0.2345227,0.7628136,-0.1770108,-0.0292238,0.7976892,-0.1781222,-0.2204733,0.8374072,-0.04902599,0.2401097,0.7304097,-0.03964751,0.02624393,0.7364979,-0.08310026,-0.2192681,0.7677913,-0.09578831,0.6416053,0.7713879
72057594037941341,0,1.69356,9890.307,-0.1013851,0.2329408,0.7732014,-0.1204138,0.7865604,0.7612253,-0.2131859,0.5991344,0.8253494,-0.2075746,0.402831,0.7413337,-0.2485151,0.2988743,0.6314627,-0.2614019,0.2590254,0.6121995,0.009233962,0.5914174,0.7162162,0.01782086,0.4348612,0.6962615,-0.1386311,0.4211132,0.6218357,-0.1527603,0.423053,0.6373953,-0.1475165,0.2345227,0.7628136,-0.1770108,-0.0292238,0.7976892,-0.1781222,-0.2204733,0.8374072,-0.04902599,0.2401097,0.7304097,-0.03964751,0.02624393,0.7364979,-0.08310026,-0.2192681,0.7677913,-0.09578831,0.6416053,0.7713879
72057594037941341,0,1.69356,9890.309,-0.1013851,0.2329408,0.7732014,-0.1204138,0.7865604,0.7612253,-0.2131859,0.5991344,0.8253494,-0.2075746,0.402831,0.7413337,-0.2485151,0.2988743,0.6314627,-0.2614019,0.2590254,0.6121995,0.009233962,0.5914174,0.7162162,0.01782086,0.4348612,0.6962615,-0.1386311,0.4211132,0.6218357,-0.1527603,0.423053,0.6373953,-0.1475165,0.2345227,0.7628136,-0.1770108,-0.0292238,0.7976892,-0.1781222,-0.2204733,0.8374072,-0.04902599,0.2401097,0.7304097,-0.03964751,0.02624393,0.7364979,-0.08310026,-0.2192681,0.7677913,-0.09578831,0.6416053,0.7713879
72057594037941341,0,1.69356,9890.311,-0.1013851,0.2329408,0.7732014,-0.1204138,0.7865604,0.7612253,-0.2131859,0.5991344,0.8253494,-0.2075746,0.402831,0.7413337,-0.2485151,0.2988743,0.6314627,-0.2614019,0.2590254,0.6121995,0.009233962,0.5914174,0.7162162,0.01782086,0.4348612,0.6962615,-0.1386311,0.4211132,0.6218357,-0.1527603,0.423053,0.6373953,-0.1475165,0.2345227,0.7628136,-0.1770108,-0.0292238,0.7976892,-0.1781222,-0.2204733,0.8374072,-0.04902599,0.2401097,0.7304097,-0.03964751,0.02624393,0.7364979,-0.08310026,-0.2192681,0.7677913,-0.09578831,0.6416053,0.7713879
72057594037941341,0,1.69356,9890.313,-0.1013851,0.2329408,0.7732014,-0.1204138,0.7865604,0.7612253,-0.2131859,0.5991344,0.8253494,-0.2075746,0.402831,0.7413337,-0.2485151,0.2988743,0.6314627,-0.2614019,0.2590254,0.6121995,0.009233962,0.5914174,0.7162162,0.01782086,0.4348612,0.6962615,-0.1386311,0.4211132,0.6218357,-0.1527603,0.423053,0.6373953,-0.1475165,0.2345227,0.7628136,-0.1770108,-0.0292238,0.7976892,-0.1781222,-0.2204733,0.8374072,-0.04902599,0.2401097,0.7304097,-0.03964751,0.02624393,0.7364979,-0.08310026,-0.2192681,0.7677913,-0.09578831,0.6416053,0.7713879
72057594037941341,0,1.69356,9890.314,-0.1013851,0.2329408,0.7732014,-0.1204138,0.7865604,0.7612253,-0.2131859,0.5991344,0.8253494,-0.2075746,0.402831,0.7413337,-0.2485151,0.2988743,0.6314627,-0.2614019,0.2590254,0.6121995,0.009233962,0.5914174,0.7162162,0.01782086,0.4348612,0.6962615,-0.1386311,0.4211132,0.6218357,-0.1527603,0.423053,0.6373953,-0.1475165,0.2345227,0.7628136,-0.1770108,-0.0292238,0.7976892,-0.1781222,-0.2204733,0.8374072,-0.04902599,0.2401097,0.7304097,-0.03964751,0.02624393,0.7364979,-0.08310026,-0.2192681,0.7677913,-0.09578831,0.6416053,0.7713879
72057594037941341,0,1.69356,9890.316,-0.1013851,0.2329408,0.7732014,-0.1204138,0.7865604,0.7612253,-0.2131859,0.5991344,0.8253494,-0.2075746,0.402831,0.7413337,-0.2485151,0.2988743,0.6314627,-0.2614019,0.2590254,0.6121995,0.009233962,0.5914174,0.7162162,0.01782086,0.4348612,0.6962615,-0.1386311,0.4211132,0.6218357,-0.1527603,0.423053,0.6373953,-0.1475165,0.2345227,0.7628136,-0.1770108,-0.0292238,0.7976892,-0.1781222,-0.2204733,0.8374072,-0.04902599,0.2401097,0.7304097,-0.03964751,0.02624393,0.7364979,-0.08310026,-0.2192681,0.7677913,-0.09578831,0.6416053,0.7713879
72057594037941341,0,1.69356,9890.317,-0.1013851,0.2329408,0.7732014,-0.1204138,0.7865604,0.7612253,-0.2131859,0.5991344,0.8253494,-0.2075746,0.402831,0.7413337,-0.2485151,0.2988743,0.6314627,-0.2614019,0.2590254,0.6121995,0.009233962,0.5914174,0.7162162,0.01782086,0.4348612,0.6962615,-0.1386311,0.4211132,0.6218357,-0.1527603,0.423053,0.6373953,-0.1475165,0.2345227,0.7628136,-0.1770108,-0.0292238,0.7976892,-0.1781222,-0.2204733,0.8374072,-0.04902599,0.2401097,0.7304097,-0.03964751,0.02624393,0.7364979,-0.08310026,-0.2192681,0.7677913,-0.09578831,0.6416053,0.7713879
72057594037941341,0,1.69356,9890.319,-0.1013851,0.2329408,0.7732014,-0.1204138,0.7865604,0.7612253,-0.2131859,0.5991344,0.8253494,-0.2075746,0.402831,0.7413337,-0.2485151,0.2988743,0.6314627,-0.2614019,0.2590254,0.6121995,0.009233962,0.5914174,0.7162162,0.01782086,0.4348612,0.6962615,-0.1386311,0.4211132,0.6218357,-0.1527603,0.423053,0.6373953,-0.1475165,0.2345227,0.7628136,-0.1770108,-0.0292238,0.7976892,-0.1781222,-0.2204733,0.8374072,-0.04902599,0.2401097,0.7304097,-0.03964751,0.02624393,0.7364979,-0.08310026,-0.2192681,0.7677913,-0.09578831,0.6416053,0.7713879
72057594037941341,0,1.69356,9890.322,-0.1013851,0.2329408,0.7732014,-0.1204138,0.7865604,0.7612253,-0.2131859,0.5991344,0.8253494,-0.2075746,0.402831,0.7413337,-0.2485151,0.2988743,0.6314627,-0.2614019,0.2590254,0.6121995,0.009233962,0.5914174,0.7162162,0.01782086,0.4348612,0.6962615,-0.1386311,0.4211132,0.6218357,-0.1527603,0.423053,0.6373953,-0.1475165,0.2345227,0.7628136,-0.1770108,-0.0292238,0.7976892,-0.1781222,-0.2204733,0.8374072,-0.04902599,0.2401097,0.7304097,-0.03964751,0.02624393,0.7364979,-0.08310026,-0.2192681,0.7677913,-0.09578831,0.6416053,0.7713879
72057594037941341,0,1.69356,9890.324,-0.1013851,0.2329408,0.7732014,-0.1204138,0.7865604,0.7612253,-0.2131859,0.5991344,0.8253494,-0.2075746,0.402831,0.7413337,-0.2485151,0.2988743,0.6314627,-0.2614019,0.2590254,0.6121995,0.009233962,0.5914174,0.7162162,0.01782086,0.4348612,0.6962615,-0.1386311,0.4211132,0.6218357,-0.1527603,0.423053,0.6373953,-0.1475165,0.2345227,0.7628136,-0.1770108,-0.0292238,0.7976892,-0.1781222,-0.2204733,0.8374072,-0.04902599,0.2401097,0.7304097,-0.03964751,0.02624393,0.7364979,-0.08310026,-0.2192681,0.7677913,-0.09578831,0.6416053,0.7713879
72057594037941341,0,1.69356,9890.326,-0.1013851,0.2329408,0.7732014,-0.1204138,0.7865604,0.7612253,-0.2131859,0.5991344,0.8253494,-0.2075746,0.402831,0.7413337,-0.2485151,0.2988743,0.6314627,-0.2614019,0.2590254,0.6121995,0.009233962,0.5914174,0.7162162,0.01782086,0.4348612,0.6962615,-0.1386311,0.4211132,0.6218357,-0.1527603,0.423053,0.6373953,-0.1475165,0.2345227,0.7628136,-0.1770108,-0.0292238,0.7976892,-0.1781222,-0.2204733,0.8374072,-0.04902599,0.2401097,0.7304097,-0.03964751,0.02624393,0.7364979,-0.08310026,-0.2192681,0.7677913,-0.09578831,0.6416053,0.7713879
72057594037941341,0,1.69356,9890.328,-0.1013851,0.2329408,0.7732014,-0.1204138,0.7865604,0.7612253,-0.2131859,0.5991344,0.8253494,-0.2075746,0.402831,0.7413337,-0.2485151,0.2988743,0.6314627,-0.2614019,0.2590254,0.6121995,0.009233962,0.5914174,0.7162162,0.01782086,0.4348612,0.6962615,-0.1386311,0.4211132,0.6218357,-0.1527603,0.423053,0.6373953,-0.1475165,0.2345227,0.7628136,-0.1770108,-0.0292238,0.7976892,-0.1781222,-0.2204733,0.8374072,-0.04902599,0.2401097,0.7304097,-0.03964751,0.02624393,0.7364979,-0.08310026,-0.2192681,0.7677913,-0.09578831,0.6416053,0.7713879
72057594037941341,0,1.69356,9890.329,-0.1013851,0.2329408,0.7732014,-0.1204138,0.7865604,0.7612253,-0.2131859,0.5991344,0.8253494,-0.2075746,0.402831,0.7413337,-0.2485151,0.2988743,0.6314627,-0.2614019,0.2590254,0.6121995,0.009233962,0.5914174,0.7162162,0.01782086,0.4348612,0.6962615,-0.1386311,0.4211132,0.6218357,-0.1527603,0.423053,0.6373953,-0.1475165,0.2345227,0.7628136,-0.1770108,-0.0292238,0.7976892,-0.1781222,-0.2204733,0.8374072,-0.04902599,0.2401097,0.7304097,-0.03964751,0.02624393,0.7364979,-0.08310026,-0.2192681,0.7677913,-0.09578831,0.6416053,0.7713879
72057594037941341,0,1.69356,9890.331,-0.1013851,0.2329408,0.7732014,-0.1204138,0.7865604,0.7612253,-0.2131859,0.5991344,0.8253494,-0.2075746,0.402831,0.7413337,-0.2485151,0.2988743,0.6314627,-0.2614019,0.2590254,0.6121995,0.009233962,0.5914174,0.7162162,0.01782086,0.4348612,0.6962615,-0.1386311,0.4211132,0.6218357,-0.1527603,0.423053,0.6373953,-0.1475165,0.2345227,0.7628136,-0.1770108,-0.0292238,0.7976892,-0.1781222,-0.2204733,0.8374072,-0.04902599,0.2401097,0.7304097,-0.03964751,0.02624393,0.7364979,-0.08310026,-0.2192681,0.7677913,-0.09578831,0.6416053,0.7713879
72057594037941341,0,1.694227,9890.333,-0.1060731,0.2319202,0.7731621,-0.1297136,0.7868727,0.7629172,-0.2159925,0.5988661,0.8252639,-0.2171063,0.4026109,0.7404566,-0.256677,0.3013183,0.6272846,-0.2664625,0.2597408,0.6098613,0.006301812,0.5917855,0.7172805,-0.05837472,0.4488733,0.6998534,-0.2313886,0.3780283,0.6981404,-0.2380322,0.3597738,0.6919285,-0.1525917,0.2333396,0.7624896,-0.1797141,-0.03037012,0.7997593,-0.1794689,-0.2210149,0.8397944,-0.05300426,0.2393554,0.7306615,-0.04301048,0.02403808,0.7357914,-0.1069757,-0.2064686,0.8021798,-0.1048999,0.6414804,0.7726188
72057594037941341,0,1.694227,9890.336,-0.1060731,0.2319202,0.7731621,-0.1297136,0.7868727,0.7629172,-0.2159925,0.5988661,0.8252639,-0.2171063,0.4026109,0.7404566,-0.256677,0.3013183,0.6272846,-0.2664625,0.2597408,0.6098613,0.006301812,0.5917855,0.7172805,-0.05837472,0.4488733,0.6998534,-0.2313886,0.3780283,0.6981404,-0.2380322,0.3597738,0.6919285,-0.1525917,0.2333396,0.7624896,-0.1797141,-0.03037012,0.7997593,-0.1794689,-0.2210149,0.8397944,-0.05300426,0.2393554,0.7306615,-0.04301048,0.02403808,0.7357914,-0.1069757,-0.2064686,0.8021798,-0.1048999,0.6414804,0.7726188
72057594037941341,0,1.694227,9890.339,-0.1060731,0.2319202,0.7731621,-0.1297136,0.7868727,0.7629172,-0.2159925,0.5988661,0.8252639,-0.2171063,0.4026109,0.7404566,-0.256677,0.3013183,0.6272846,-0.2664625,0.2597408,0.6098613,0.006301812,0.5917855,0.7172805,-0.05837472,0.4488733,0.6998534,-0.2313886,0.3780283,0.6981404,-0.2380322,0.3597738,0.6919285,-0.1525917,0.2333396,0.7624896,-0.1797141,-0.03037012,0.7997593,-0.1794689,-0.2210149,0.8397944,-0.05300426,0.2393554,0.7306615,-0.04301048,0.02403808,0.7357914,-0.1069757,-0.2064686,0.8021798,-0.1048999,0.6414804,0.7726188
72057594037941341,0,1.694227,9890.341,-0.1060731,0.2319202,0.7731621,-0.1297136,0.7868727,0.7629172,-0.2159925,0.5988661,0.8252639,-0.2171063,0.4026109,0.7404566,-0.256677,0.3013183,0.6272846,-0.2664625,0.2597408,0.6098613,0.006301812,0.5917855,0.7172805,-0.05837472,0.4488733,0.6998534,-0.2313886,0.3780283,0.6981404,-0.2380322,0.3597738,0.6919285,-0.1525917,0.2333396,0.7624896,-0.1797141,-0.03037012,0.7997593,-0.1794689,-0.2210149,0.8397944,-0.05300426,0.2393554,0.7306615,-0.04301048,0.02403808,0.7357914,-0.1069757,-0.2064686,0.8021798,-0.1048999,0.6414804,0.7726188
72057594037941341,0,1.694227,9890.344,-0.1060731,0.2319202,0.7731621,-0.1297136,0.7868727,0.7629172,-0.2159925,0.5988661,0.8252639,-0.2171063,0.4026109,0.7404566,-0.256677,0.3013183,0.6272846,-0.2664625,0.2597408,0.6098613,0.006301812,0.5917855,0.7172805,-0.05837472,0.4488733,0.6998534,-0.2313886,0.3780283,0.6981404,-0.2380322,0.3597738,0.6919285,-0.1525917,0.2333396,0.7624896,-0.1797141,-0.03037012,0.7997593,-0.1794689,-0.2210149,0.8397944,-0.05300426,0.2393554,0.7306615,-0.04301048,0.02403808,0.7357914,-0.1069757,-0.2064686,0.8021798,-0.1048999,0.6414804,0.7726188
72057594037941341,0,1.694227,9890.346,-0.1060731,0.2319202,0.7731621,-0.1297136,0.7868727,0.7629172,-0.2159925,0.5988661,0.8252639,-0.2171063,0.4026109,0.7404566,-0.256677,0.3013183,0.6272846,-0.2664625,0.2597408,0.6098613,0.006301812,0.5917855,0.7172805,-0.05837472,0.4488733,0.6998534,-0.2313886,0.3780283,0.6981404,-0.2380322,0.3597738,0.6919285,-0.1525917,0.2333396,0.7624896,-0.1797141,-0.03037012,0.7997593,-0.1794689,-0.2210149,0.8397944,-0.05300426,0.2393554,0.7306615,-0.04301048,0.02403808,0.7357914,-0.1069757,-0.2064686,0.8021798,-0.1048999,0.6414804,0.7726188
72057594037941341,0,1.694227,9890.348,-0.1060731,0.2319202,0.7731621,-0.1297136,0.7868727,0.7629172,-0.2159925,0.5988661,0.8252639,-0.2171063,0.4026109,0.7404566,-0.256677,0.3013183,0.6272846,-0.2664625,0.2597408,0.6098613,0.006301812,0.5917855,0.7172805,-0.05837472,0.4488733,0.6998534,-0.2313886,0.3780283,0.6981404,-0.2380322,0.3597738,0.6919285,-0.1525917,0.2333396,0.7624896,-0.1797141,-0.03037012,0.7997593,-0.1794689,-0.2210149,0.8397944,-0.05300426,0.2393554,0.7306615,-0.04301048,0.02403808,0.7357914,-0.1069757,-0.2064686,0.8021798,-0.1048999,0.6414804,0.7726188
72057594037941341,0,1.694227,9890.35,-0.1060731,0.2319202,0.7731621,-0.1297136,0.7868727,0.7629172,-0.2159925,0.5988661,0.8252639,-0.2171063,0.4026109,0.7404566,-0.256677,0.3013183,0.6272846,-0.2664625,0.2597408,0.6098613,0.006301812,0.5917855,0.7172805,-0.05837472,0.4488733,0.6998534,-0.2313886,0.3780283,0.6981404,-0.2380322,0.3597738,0.6919285,-0.1525917,0.2333396,0.7624896,-0.1797141,-0.03037012,0.7997593,-0.1794689,-0.2210149,0.8397944,-0.05300426,0.2393554,0.7306615,-0.04301048,0.02403808,0.7357914,-0.1069757,-0.2064686,0.8021798,-0.1048999,0.6414804,0.7726188
72057594037941341,0,1.694227,9890.351,-0.1060731,0.2319202,0.7731621,-0.1297136,0.7868727,0.7629172,-0.2159925,0.5988661,0.8252639,-0.2171063,0.4026109,0.7404566,-0.256677,0.3013183,0.6272846,-0.2664625,0.2597408,0.6098613,0.006301812,0.5917855,0.7172805,-0.05837472,0.4488733,0.6998534,-0.2313886,0.3780283,0.6981404,-0.2380322,0.3597738,0.6919285,-0.1525917,0.2333396,0.7624896,-0.1797141,-0.03037012,0.7997593,-0.1794689,-0.2210149,0.8397944,-0.05300426,0.2393554,0.7306615,-0.04301048,0.02403808,0.7357914,-0.1069757,-0.2064686,0.8021798,-0.1048999,0.6414804,0.7726188
72057594037941341,0,1.694227,9890.353,-0.1060731,0.2319202,0.7731621,-0.1297136,0.7868727,0.7629172,-0.2159925,0.5988661,0.8252639,-0.2171063,0.4026109,0.7404566,-0.256677,0.3013183,0.6272846,-0.2664625,0.2597408,0.6098613,0.006301812,0.5917855,0.7172805,-0.05837472,0.4488733,0.6998534,-0.2313886,0.3780283,0.6981404,-0.2380322,0.3597738,0.6919285,-0.1525917,0.2333396,0.7624896,-0.1797141,-0.03037012,0.7997593,-0.1794689,-0.2210149,0.8397944,-0.05300426,0.2393554,0.7306615,-0.04301048,0.02403808,0.7357914,-0.1069757,-0.2064686,0.8021798,-0.1048999,0.6414804,0.7726188
72057594037941341,0,1.694227,9890.354,-0.1060731,0.2319202,0.7731621,-0.1297136,0.7868727,0.7629172,-0.2159925,0.5988661,0.8252639,-0.2171063,0.4026109,0.7404566,-0.256677,0.3013183,0.6272846,-0.2664625,0.2597408,0.6098613,0.006301812,0.5917855,0.7172805,-0.05837472,0.4488733,0.6998534,-0.2313886,0.3780283,0.6981404,-0.2380322,0.3597738,0.6919285,-0.1525917,0.2333396,0.7624896,-0.1797141,-0.03037012,0.7997593,-0.1794689,-0.2210149,0.8397944,-0.05300426,0.2393554,0.7306615,-0.04301048,0.02403808,0.7357914,-0.1069757,-0.2064686,0.8021798,-0.1048999,0.6414804,0.7726188
72057594037941341,0,1.694227,9890.356,-0.1060731,0.2319202,0.7731621,-0.1297136,0.7868727,0.7629172,-0.2159925,0.5988661,0.8252639,-0.2171063,0.4026109,0.7404566,-0.256677,0.3013183,0.6272846,-0.2664625,0.2597408,0.6098613,0.006301812,0.5917855,0.7172805,-0.05837472,0.4488733,0.6998534,-0.2313886,0.3780283,0.6981404,-0.2380322,0.3597738,0.6919285,-0.1525917,0.2333396,0.7624896,-0.1797141,-0.03037012,0.7997593,-0.1794689,-0.2210149,0.8397944,-0.05300426,0.2393554,0.7306615,-0.04301048,0.02403808,0.7357914,-0.1069757,-0.2064686,0.8021798,-0.1048999,0.6414804,0.7726188
72057594037941341,0,1.694227,9890.358,-0.1060731,0.2319202,0.7731621,-0.1297136,0.7868727,0.7629172,-0.2159925,0.5988661,0.8252639,-0.2171063,0.4026109,0.7404566,-0.256677,0.3013183,0.6272846,-0.2664625,0.2597408,0.6098613,0.006301812,0.5917855,0.7172805,-0.05837472,0.4488733,0.6998534,-0.2313886,0.3780283,0.6981404,-0.2380322,0.3597738,0.6919285,-0.1525917,0.2333396,0.7624896,-0.1797141,-0.03037012,0.7997593,-0.1794689,-0.2210149,0.8397944,-0.05300426,0.2393554,0.7306615,-0.04301048,0.02403808,0.7357914,-0.1069757,-0.2064686,0.8021798,-0.1048999,0.6414804,0.7726188
72057594037941341,0,1.694227,9890.36,-0.1060731,0.2319202,0.7731621,-0.1297136,0.7868727,0.7629172,-0.2159925,0.5988661,0.8252639,-0.2171063,0.4026109,0.7404566,-0.256677,0.3013183,0.6272846,-0.2664625,0.2597408,0.6098613,0.006301812,0.5917855,0.7172805,-0.05837472,0.4488733,0.6998534,-0.2313886,0.3780283,0.6981404,-0.2380322,0.3597738,0.6919285,-0.1525917,0.2333396,0.7624896,-0.1797141,-0.03037012,0.7997593,-0.1794689,-0.2210149,0.8397944,-0.05300426,0.2393554,0.7306615,-0.04301048,0.02403808,0.7357914,-0.1069757,-0.2064686,0.8021798,-0.1048999,0.6414804,0.7726188
72057594037941341,0,1.694227,9890.362,-0.1060731,0.2319202,0.7731621,-0.1297136,0.7868727,0.7629172,-0.2159925,0.5988661,0.8252639,-0.2171063,0.4026109,0.7404566,-0.256677,0.3013183,0.6272846,-0.2664625,0.2597408,0.6098613,0.006301812,0.5917855,0.7172805,-0.05837472,0.4488733,0.6998534,-0.2313886,0.3780283,0.6981404,-0.2380322,0.3597738,0.6919285,-0.1525917,0.2333396,0.7624896,-0.1797141,-0.03037012,0.7997593,-0.1794689,-0.2210149,0.8397944,-0.05300426,0.2393554,0.7306615,-0.04301048,0.02403808,0.7357914,-0.1069757,-0.2064686,0.8021798,-0.1048999,0.6414804,0.7726188
72057594037941341,0,1.694227,9890.364,-0.1060731,0.2319202,0.7731621,-0.1297136,0.7868727,0.7629172,-0.2159925,0.5988661,0.8252639,-0.2171063,0.4026109,0.7404566,-0.256677,0.3013183,0.6272846,-0.2664625,0.2597408,0.6098613,0.006301812,0.5917855,0.7172805,-0.05837472,0.4488733,0.6998534,-0.2313886,0.3780283,0.6981404,-0.2380322,0.3597738,0.6919285,-0.1525917,0.2333396,0.7624896,-0.1797141,-0.03037012,0.7997593,-0.1794689,-0.2210149,0.8397944,-0.05300426,0.2393554,0.7306615,-0.04301048,0.02403808,0.7357914,-0.1069757,-0.2064686,0.8021798,-0.1048999,0.6414804,0.7726188
72057594037941341,0,1.694227,9890.366,-0.1060731,0.2319202,0.7731621,-0.1297136,0.7868727,0.7629172,-0.2159925,0.5988661,0.8252639,-0.2171063,0.4026109,0.7404566,-0.256677,0.3013183,0.6272846,-0.2664625,0.2597408,0.6098613,0.006301812,0.5917855,0.7172805,-0.05837472,0.4488733,0.6998534,-0.2313886,0.3780283,0.6981404,-0.2380322,0.3597738,0.6919285,-0.1525917,0.2333396,0.7624896,-0.1797141,-0.03037012,0.7997593,-0.1794689,-0.2210149,0.8397944,-0.05300426,0.2393554,0.7306615,-0.04301048,0.02403808,0.7357914,-0.1069757,-0.2064686,0.8021798,-0.1048999,0.6414804,0.7726188
72057594037941341,0,1.694414,9890.368,-0.1117601,0.2318264,0.7733326,-0.1384678,0.7875267,0.7645267,-0.2400056,0.598045,0.822719,-0.2245385,0.400432,0.7420262,-0.2609026,0.3050051,0.6223703,-0.2701016,0.2638558,0.6036259,-0.015282,0.5951807,0.7212887,0.002538324,0.4389788,0.7023374,-0.1985446,0.3942243,0.7061628,-0.2420627,0.3843271,0.7083219,-0.1585151,0.2327405,0.7624067,-0.1819061,-0.03085947,0.8011755,-0.1856149,-0.2210089,0.8423836,-0.05812276,0.2397784,0.7311188,-0.04744631,0.02068022,0.7350093,-0.1051967,-0.207477,0.8026488,-0.1137195,0.6414962,0.7738627
72057594037941341,0,1.694414,9890.37,-0.1117601,0.2318264,0.7733326,-0.1384678,0.7875267,0.7645267,-0.2400056,0.598045,0.822719,-0.2245385,0.400432,0.7420262,-0.2609026,0.3050051,0.6223703,-0.2701016,0.2638558,0.6036259,-0.015282,0.5951807,0.7212887,0.002538324,0.4389788,0.7023374,-0.1985446,0.3942243,0.7061628,-0.2420627,0.3843271,0.7083219,-0.1585151,0.2327405,0.7624067,-0.1819061,-0.03085947,0.8011755,-0.1856149,-0.2210089,0.8423836,-0.05812276,0.2397784,0.7311188,-0.04744631,0.02068022,0.7350093,-0.1051967,-0.207477,0.8026488,-0.1137195,0.6414962,0.7738627
72057594037941341,0,1.694414,9890.372,-0.1117601,0.2318264,0.7733326,-0.1384678,0.7875267,0.7645267,-0.2400056,0.598045,0.822719,-0.2245385,0.400432,0.7420262,-0.2609026,0.3050051,0.6223703,-0.2701016,0.2638558,0.6036259,-0.015282,0.5951807,0.7212887,0.002538324,0.4389788,0.7023374,-0.1985446,0.3942243,0.7061628,-0.2420627,0.3843271,0.7083219,-0.1585151,0.2327405,0.7624067,-0.1819061,-0.03085947,0.8011755,-0.1856149,-0.2210089,0.8423836,-0.05812276,0.2397784,0.7311188,-0.04744631,0.02068022,0.7350093,-0.1051967,-0.207477,0.8026488,-0.1137195,0.6414962,0.7738627
72057594037941341,0,1.694414,9890.373,-0.1117601,0.2318264,0.7733326,-0.1384678,0.7875267,0.7645267,-0.2400056,0.598045,0.822719,-0.2245385,0.400432,0.7420262,-0.2609026,0.3050051,0.6223703,-0.2701016,0.2638558,0.6036259,-0.015282,0.5951807,0.7212887,0.002538324,0.4389788,0.7023374,-0.1985446,0.3942243,0.7061628,-0.2420627,0.3843271,0.7083219,-0.1585151,0.2327405,0.7624067,-0.1819061,-0.03085947,0.8011755,-0.1856149,-0.2210089,0.8423836,-0.05812276,0.2397784,0.7311188,-0.04744631,0.02068022,0.7350093,-0.1051967,-0.207477,0.8026488,-0.1137195,0.6414962,0.7738627
72057594037941341,0,1.694414,9890.376,-0.1117601,0.2318264,0.7733326,-0.1384678,0.7875267,0.7645267,-0.2400056,0.598045,0.822719,-0.2245385,0.400432,0.7420262,-0.2609026,0.3050051,0.6223703,-0.2701016,0.2638558,0.6036259,-0.015282,0.5951807,0.7212887,0.002538324,0.4389788,0.7023374,-0.1985446,0.3942243,0.7061628,-0.2420627,0.3843271,0.7083219,-0.1585151,0.2327405,0.7624067,-0.1819061,-0.03085947,0.8011755,-0.1856149,-0.2210089,0.8423836,-0.05812276,0.2397784,0.7311188,-0.04744631,0.02068022,0.7350093,-0.1051967,-0.207477,0.8026488,-0.1137195,0.6414962,0.7738627
72057594037941341,0,1.694414,9890.379,-0.1117601,0.2318264,0.7733326,-0.1384678,0.7875267,0.7645267,-0.2400056,0.598045,0.822719,-0.2245385,0.400432,0.7420262,-0.2609026,0.3050051,0.6223703,-0.2701016,0.2638558,0.6036259,-0.015282,0.5951807,0.7212887,0.002538324,0.4389788,0.7023374,-0.1985446,0.3942243,0.7061628,-0.2420627,0.3843271,0.7083219,-0.1585151,0.2327405,0.7624067,-0.1819061,-0.03085947,0.8011755,-0.1856149,-0.2210089,0.8423836,-0.05812276,0.2397784,0.7311188,-0.04744631,0.02068022,0.7350093,-0.1051967,-0.207477,0.8026488,-0.1137195,0.6414962,0.7738627
72057594037941341,0,1.694414,9890.381,-0.1117601,0.2318264,0.7733326,-0.1384678,0.7875267,0.7645267,-0.2400056,0.598045,0.822719,-0.2245385,0.400432,0.7420262,-0.2609026,0.3050051,0.6223703,-0.2701016,0.2638558,0.6036259,-0.015282,0.5951807,0.7212887,0.002538324,0.4389788,0.7023374,-0.1985446,0.3942243,0.7061628,-0.2420627,0.3843271,0.7083219,-0.1585151,0.2327405,0.7624067,-0.1819061,-0.03085947,0.8011755,-0.1856149,-0.2210089,0.8423836,-0.05812276,0.2397784,0.7311188,-0.04744631,0.02068022,0.7350093,-0.1051967,-0.207477,0.8026488,-0.1137195,0.6414962,0.7738627
72057594037941341,0,1.694414,9890.383,-0.1117601,0.2318264,0.7733326,-0.1384678,0.7875267,0.7645267,-0.2400056,0.598045,0.822719,-0.2245385,0.400432,0.7420262,-0.2609026,0.3050051,0.6223703,-0.2701016,0.2638558,0.6036259,-0.015282,0.5951807,0.7212887,0.002538324,0.4389788,0.7023374,-0.1985446,0.3942243,0.7061628,-0.2420627,0.3843271,0.7083219,-0.1585151,0.2327405,0.7624067,-0.1819061,-0.03085947,0.8011755,-0.1856149,-0.2210089,0.8423836,-0.05812276,0.2397784,0.7311188,-0.04744631,0.02068022,0.7350093,-0.1051967,-0.207477,0.8026488,-0.1137195,0.6414962,0.7738627
72057594037941341,0,1.694414,9890.386,-0.1117601,0.2318264,0.7733326,-0.1384678,0.7875267,0.7645267,-0.2400056,0.598045,0.822719,-0.2245385,0.400432,0.7420262,-0.2609026,0.3050051,0.6223703,-0.2701016,0.2638558,0.6036259,-0.015282,0.5951807,0.7212887,0.002538324,0.4389788,0.7023374,-0.1985446,0.3942243,0.7061628,-0.2420627,0.3843271,0.7083219,-0.1585151,0.2327405,0.7624067,-0.1819061,-0.03085947,0.8011755,-0.1856149,-0.2210089,0.8423836,-0.05812276,0.2397784,0.7311188,-0.04744631,0.02068022,0.7350093,-0.1051967,-0.207477,0.8026488,-0.1137195,0.6414962,0.7738627
72057594037941341,0,1.694414,9890.388,-0.1117601,0.2318264,0.7733326,-0.1384678,0.7875267,0.7645267,-0.2400056,0.598045,0.822719,-0.2245385,0.400432,0.7420262,-0.2609026,0.3050051,0.6223703,-0.2701016,0.2638558,0.6036259,-0.015282,0.5951807,0.7212887,0.002538324,0.4389788,0.7023374,-0.1985446,0.3942243,0.7061628,-0.2420627,0.3843271,0.7083219,-0.1585151,0.2327405,0.7624067,-0.1819061,-0.03085947,0.8011755,-0.1856149,-0.2210089,0.8423836,-0.05812276,0.2397784,0.7311188,-0.04744631,0.02068022,0.7350093,-0.1051967,-0.207477,0.8026488,-0.1137195,0.6414962,0.7738627
72057594037941341,0,1.694414,9890.39,-0.1117601,0.2318264,0.7733326,-0.1384678,0.7875267,0.7645267,-0.2400056,0.598045,0.822719,-0.2245385,0.400432,0.7420262,-0.2609026,0.3050051,0.6223703,-0.2701016,0.2638558,0.6036259,-0.015282,0.5951807,0.7212887,0.002538324,0.4389788,0.7023374,-0.1985446,0.3942243,0.7061628,-0.2420627,0.3843271,0.7083219,-0.1585151,0.2327405,0.7624067,-0.1819061,-0.03085947,0.8011755,-0.1856149,-0.2210089,0.8423836,-0.05812276,0.2397784,0.7311188,-0.04744631,0.02068022,0.7350093,-0.1051967,-0.207477,0.8026488,-0.1137195,0.6414962,0.7738627
72057594037941341,0,1.694414,9890.392,-0.1117601,0.2318264,0.7733326,-0.1384678,0.7875267,0.7645267,-0.2400056,0.598045,0.822719,-0.2245385,0.400432,0.7420262,-0.2609026,0.3050051,0.6223703,-0.2701016,0.2638558,0.6036259,-0.015282,0.5951807,0.7212887,0.002538324,0.4389788,0.7023374,-0.1985446,0.3942243,0.7061628,-0.2420627,0.3843271,0.7083219,-0.1585151,0.2327405,0.7624067,-0.1819061,-0.03085947,0.8011755,-0.1856149,-0.2210089,0.8423836,-0.05812276,0.2397784,0.7311188,-0.04744631,0.02068022,0.7350093,-0.1051967,-0.207477,0.8026488,-0.1137195,0.6414962,0.7738627
72057594037941341,0,1.694414,9890.394,-0.1117601,0.2318264,0.7733326,-0.1384678,0.7875267,0.7645267,-0.2400056,0.598045,0.822719,-0.2245385,0.400432,0.7420262,-0.2609026,0.3050051,0.6223703,-0.2701016,0.2638558,0.6036259,-0.015282,0.5951807,0.7212887,0.002538324,0.4389788,0.7023374,-0.1985446,0.3942243,0.7061628,-0.2420627,0.3843271,0.7083219,-0.1585151,0.2327405,0.7624067,-0.1819061,-0.03085947,0.8011755,-0.1856149,-0.2210089,0.8423836,-0.05812276,0.2397784,0.7311188,-0.04744631,0.02068022,0.7350093,-0.1051967,-0.207477,0.8026488,-0.1137195,0.6414962,0.7738627
72057594037941341,0,1.694414,9890.396,-0.1117601,0.2318264,0.7733326,-0.1384678,0.7875267,0.7645267,-0.2400056,0.598045,0.822719,-0.2245385,0.400432,0.7420262,-0.2609026,0.3050051,0.6223703,-0.2701016,0.2638558,0.6036259,-0.015282,0.5951807,0.7212887,0.002538324,0.4389788,0.7023374,-0.1985446,0.3942243,0.7061628,-0.2420627,0.3843271,0.7083219,-0.1585151,0.2327405,0.7624067,-0.1819061,-0.03085947,0.8011755,-0.1856149,-0.2210089,0.8423836,-0.05812276,0.2397784,0.7311188,-0.04744631,0.02068022,0.7350093,-0.1051967,-0.207477,0.8026488,-0.1137195,0.6414962,0.7738627
72057594037941341,0,1.694414,9890.397,-0.1117601,0.2318264,0.7733326,-0.1384678,0.7875267,0.7645267,-0.2400056,0.598045,0.822719,-0.2245385,0.400432,0.7420262,-0.2609026,0.3050051,0.6223703,-0.2701016,0.2638558,0.6036259,-0.015282,0.5951807,0.7212887,0.002538324,0.4389788,0.7023374,-0.1985446,0.3942243,0.7061628,-0.2420627,0.3843271,0.7083219,-0.1585151,0.2327405,0.7624067,-0.1819061,-0.03085947,0.8011755,-0.1856149,-0.2210089,0.8423836,-0.05812276,0.2397784,0.7311188,-0.04744631,0.02068022,0.7350093,-0.1051967,-0.207477,0.8026488,-0.1137195,0.6414962,0.7738627
72057594037941341,0,1.694166,9890.4,-0.1180853,0.232214,0.7738371,-0.147312,0.7885758,0.7659379,-0.2487238,0.597504,0.8231992,-0.2326479,0.3994284,0.7434667,-0.2663228,0.310568,0.617768,-0.2757395,0.2688307,0.600228,-0.02468004,0.5969436,0.7232547,0.01267684,0.443437,0.7165192,-0.1891352,0.3988675,0.7107499,-0.2464506,0.3693116,0.6957911,-0.1647675,0.2323027,0.7627072,-0.1841505,-0.03192091,0.8027974,-0.1857299,-0.2212194,0.8448011,-0.06419278,0.241009,0.7318922,-0.05035206,0.01975432,0.7347505,-0.1045059,-0.2075435,0.8013127,-0.1232177,0.6417401,0.7755758
72057594037941341,0,1.694166,9890.402,-0.1180853,0.232214,0.7738371,-0.147312,0.7885758,0.7659379,-0.2487238,0.597504,0.8231992,-0.2326479,0.3994284,0.7434667,-0.2663228,0.310568,0.617768,-0.2757395,0.2688307,0.600228,-0.02468004,0.5969436,0.7232547,0.01267684,0.443437,0.7165192,-0.1891352,0.3988675,0.7107499,-0.2464506,0.3693116,0.6957911,-0.1647675,0.2323027,0.7627072,-0.1841505,-0.03192091,0.8027974,-0.1857299,-0.2212194,0.8448011,-0.06419278,0.241009,0.7318922,-0.05035206,0.01975432,0.7347505,-0.1045059,-0.2075435,0.8013127,-0.1232177,0.6417401,0.7755758
72057594037941341,0,1.694166,9890.404,-0.1180853,0.232214,0.7738371,-0.147312,0.7885758,0.7659379,-0.2487238,0.597504,0.8231992,-0.2326479,0.3994284,0.7434667,-0.2663228,0.310568,0.617768,-0.2757395,0.2688307,0.600228,-0.02468004,0.5969436,0.7232547,0.01267684,0.443437,0.7165192,-0.1891352,0.3988675,0.7107499,-0.2464506,0.3693116,0.6957911,-0.1647675,0.2323027,0.7627072,-0.1841505,-0.03192091,0.8027974,-0.1857299,-0.2212194,0.8448011,-0.06419278,0.241009,0.7318922,-0.05035206,0.01975432,0.7347505,-0.1045059,-0.2075435,0.8013127,-0.1232177,0.6417401,0.7755758
72057594037941341,0,1.694166,9890.406,-0.1180853,0.232214,0.7738371,-0.147312,0.7885758,0.7659379,-0.2487238,0.597504,0.8231992,-0.2326479,0.3994284,0.7434667,-0.2663228,0.310568,0.617768,-0.2757395,0.2688307,0.600228,-0.02468004,0.5969436,0.7232547,0.01267684,0.443437,0.7165192,-0.1891352,0.3988675,0.7107499,-0.2464506,0.3693116,0.6957911,-0.1647675,0.2323027,0.7627072,-0.1841505,-0.03192091,0.8027974,-0.1857299,-0.2212194,0.8448011,-0.06419278,0.241009,0.7318922,-0.05035206,0.01975432,0.7347505,-0.1045059,-0.2075435,0.8013127,-0.1232177,0.6417401,0.7755758
72057594037941341,0,1.694166,9890.408,-0.1180853,0.232214,0.7738371,-0.147312,0.7885758,0.7659379,-0.2487238,0.597504,0.8231992,-0.2326479,0.3994284,0.7434667,-0.2663228,0.310568,0.617768,-0.2757395,0.2688307,0.600228,-0.02468004,0.5969436,0.7232547,0.01267684,0.443437,0.7165192,-0.1891352,0.3988675,0.7107499,-0.2464506,0.3693116,0.6957911,-0.1647675,0.2323027,0.7627072,-0.1841505,-0.03192091,0.8027974,-0.1857299,-0.2212194,0.8448011,-0.06419278,0.241009,0.7318922,-0.05035206,0.01975432,0.7347505,-0.1045059,-0.2075435,0.8013127,-0.1232177,0.6417401,0.7755758
72057594037941341,0,1.694166,9890.409,-0.1180853,0.232214,0.7738371,-0.147312,0.7885758,0.7659379,-0.2487238,0.597504,0.8231992,-0.2326479,0.3994284,0.7434667,-0.2663228,0.310568,0.617768,-0.2757395,0.2688307,0.600228,-0.02468004,0.5969436,0.7232547,0.01267684,0.443437,0.7165192,-0.1891352,0.3988675,0.7107499,-0.2464506,0.3693116,0.6957911,-0.1647675,0.2323027,0.7627072,-0.1841505,-0.03192091,0.8027974,-0.1857299,-0.2212194,0.8448011,-0.06419278,0.241009,0.7318922,-0.05035206,0.01975432,0.7347505,-0.1045059,-0.2075435,0.8013127,-0.1232177,0.6417401,0.7755758
72057594037941341,0,1.694166,9890.411,-0.1180853,0.232214,0.7738371,-0.147312,0.7885758,0.7659379,-0.2487238,0.597504,0.8231992,-0.2326479,0.3994284,0.7434667,-0.2663228,0.310568,0.617768,-0.2757395,0.2688307,0.600228,-0.02468004,0.5969436,0.7232547,0.01267684,0.443437,0.7165192,-0.1891352,0.3988675,0.7107499,-0.2464506,0.3693116,0.6957911,-0.1647675,0.2323027,0.7627072,-0.1841505,-0.03192091,0.8027974,-0.1857299,-0.2212194,0.8448011,-0.06419278,0.241009,0.7318922,-0.05035206,0.01975432,0.7347505,-0.1045059,-0.2075435,0.8013127,-0.1232177,0.6417401,0.7755758
72057594037941341,0,1.694166,9890.413,-0.1180853,0.232214,0.7738371,-0.147312,0.7885758,0.7659379,-0.2487238,0.597504,0.8231992,-0.2326479,0.3994284,0.7434667,-0.2663228,0.310568,0.617768,-0.2757395,0.2688307,0.600228,-0.02468004,0.5969436,0.7232547,0.01267684,0.443437,0.7165192,-0.1891352,0.3988675,0.7107499,-0.2464506,0.3693116,0.6957911,-0.1647675,0.2323027,0.7627072,-0.1841505,-0.03192091,0.8027974,-0.1857299,-0.2212194,0.8448011,-0.06419278,0.241009,0.7318922,-0.05035206,0.01975432,0.7347505,-0.1045059,-0.2075435,0.8013127,-0.1232177,0.6417401,0.7755758
72057594037941341,0,1.694166,9890.414,-0.1180853,0.232214,0.7738371,-0.147312,0.7885758,0.7659379,-0.2487238,0.597504,0.8231992,-0.2326479,0.3994284,0.7434667,-0.2663228,0.310568,0.617768,-0.2757395,0.2688307,0.600228,-0.02468004,0.5969436,0.7232547,0.01267684,0.443437,0.7165192,-0.1891352,0.3988675,0.7107499,-0.2464506,0.3693116,0.6957911,-0.1647675,0.2323027,0.7627072,-0.1841505,-0.03192091,0.8027974,-0.1857299,-0.2212194,0.8448011,-0.06419278,0.241009,0.7318922,-0.05035206,0.01975432,0.7347505,-0.1045059,-0.2075435,0.8013127,-0.1232177,0.6417401,0.7755758
72057594037941341,0,1.694166,9890.417,-0.1180853,0.232214,0.7738371,-0.147312,0.7885758,0.7659379,-0.2487238,0.597504,0.8231992,-0.2326479,0.3994284,0.7434667,-0.2663228,0.310568,0.617768,-0.2757395,0.2688307,0.600228,-0.02468004,0.5969436,0.7232547,0.01267684,0.443437,0.7165192,-0.1891352,0.3988675,0.7107499,-0.2464506,0.3693116,0.6957911,-0.1647675,0.2323027,0.7627072,-0.1841505,-0.03192091,0.8027974,-0.1857299,-0.2212194,0.8448011,-0.06419278,0.241009,0.7318922,-0.05035206,0.01975432,0.7347505,-0.1045059,-0.2075435,0.8013127,-0.1232177,0.6417401,0.7755758
72057594037941341,0,1.694166,9890.419,-0.1180853,0.232214,0.7738371,-0.147312,0.7885758,0.7659379,-0.2487238,0.597504,0.8231992,-0.2326479,0.3994284,0.7434667,-0.2663228,0.310568,0.617768,-0.2757395,0.2688307,0.600228,-0.02468004,0.5969436,0.7232547,0.01267684,0.443437,0.7165192,-0.1891352,0.3988675,0.7107499,-0.2464506,0.3693116,0.6957911,-0.1647675,0.2323027,0.7627072,-0.1841505,-0.03192091,0.8027974,-0.1857299,-0.2212194,0.8448011,-0.06419278,0.241009,0.7318922,-0.05035206,0.01975432,0.7347505,-0.1045059,-0.2075435,0.8013127,-0.1232177,0.6417401,0.7755758
72057594037941341,0,1.694166,9890.421,-0.1180853,0.232214,0.7738371,-0.147312,0.7885758,0.7659379,-0.2487238,0.597504,0.8231992,-0.2326479,0.3994284,0.7434667,-0.2663228,0.310568,0.617768,-0.2757395,0.2688307,0.600228,-0.02468004,0.5969436,0.7232547,0.01267684,0.443437,0.7165192,-0.1891352,0.3988675,0.7107499,-0.2464506,0.3693116,0.6957911,-0.1647675,0.2323027,0.7627072,-0.1841505,-0.03192091,0.8027974,-0.1857299,-0.2212194,0.8448011,-0.06419278,0.241009,0.7318922,-0.05035206,0.01975432,0.7347505,-0.1045059,-0.2075435,0.8013127,-0.1232177,0.6417401,0.7755758
72057594037941341,0,1.694166,9890.423,-0.1180853,0.232214,0.7738371,-0.147312,0.7885758,0.7659379,-0.2487238,0.597504,0.8231992,-0.2326479,0.3994284,0.7434667,-0.2663228,0.310568,0.617768,-0.2757395,0.2688307,0.600228,-0.02468004,0.5969436,0.7232547,0.01267684,0.443437,0.7165192,-0.1891352,0.3988675,0.7107499,-0.2464506,0.3693116,0.6957911,-0.1647675,0.2323027,0.7627072,-0.1841505,-0.03192091,0.8027974,-0.1857299,-0.2212194,0.8448011,-0.06419278,0.241009,0.7318922,-0.05035206,0.01975432,0.7347505,-0.1045059,-0.2075435,0.8013127,-0.1232177,0.6417401,0.7755758
72057594037941341,0,1.694166,9890.426,-0.1180853,0.232214,0.7738371,-0.147312,0.7885758,0.7659379,-0.2487238,0.597504,0.8231992,-0.2326479,0.3994284,0.7434667,-0.2663228,0.310568,0.617768,-0.2757395,0.2688307,0.600228,-0.02468004,0.5969436,0.7232547,0.01267684,0.443437,0.7165192,-0.1891352,0.3988675,0.7107499,-0.2464506,0.3693116,0.6957911,-0.1647675,0.2323027,0.7627072,-0.1841505,-0.03192091,0.8027974,-0.1857299,-0.2212194,0.8448011,-0.06419278,0.241009,0.7318922,-0.05035206,0.01975432,0.7347505,-0.1045059,-0.2075435,0.8013127,-0.1232177,0.6417401,0.7755758
72057594037941341,0,1.694166,9890.428,-0.1180853,0.232214,0.7738371,-0.147312,0.7885758,0.7659379,-0.2487238,0.597504,0.8231992,-0.2326479,0.3994284,0.7434667,-0.2663228,0.310568,0.617768,-0.2757395,0.2688307,0.600228,-0.02468004,0.5969436,0.7232547,0.01267684,0.443437,0.7165192,-0.1891352,0.3988675,0.7107499,-0.2464506,0.3693116,0.6957911,-0.1647675,0.2323027,0.7627072,-0.1841505,-0.03192091,0.8027974,-0.1857299,-0.2212194,0.8448011,-0.06419278,0.241009,0.7318922,-0.05035206,0.01975432,0.7347505,-0.1045059,-0.2075435,0.8013127,-0.1232177,0.6417401,0.7755758
72057594037941341,0,1.694166,9890.431,-0.1180853,0.232214,0.7738371,-0.147312,0.7885758,0.7659379,-0.2487238,0.597504,0.8231992,-0.2326479,0.3994284,0.7434667,-0.2663228,0.310568,0.617768,-0.2757395,0.2688307,0.600228,-0.02468004,0.5969436,0.7232547,0.01267684,0.443437,0.7165192,-0.1891352,0.3988675,0.7107499,-0.2464506,0.3693116,0.6957911,-0.1647675,0.2323027,0.7627072,-0.1841505,-0.03192091,0.8027974,-0.1857299,-0.2212194,0.8448011,-0.06419278,0.241009,0.7318922,-0.05035206,0.01975432,0.7347505,-0.1045059,-0.2075435,0.8013127,-0.1232177,0.6417401,0.7755758
72057594037941341,0,1.694166,9890.432,-0.1180853,0.232214,0.7738371,-0.147312,0.7885758,0.7659379,-0.2487238,0.597504,0.8231992,-0.2326479,0.3994284,0.7434667,-0.2663228,0.310568,0.617768,-0.2757395,0.2688307,0.600228,-0.02468004,0.5969436,0.7232547,0.01267684,0.443437,0.7165192,-0.1891352,0.3988675,0.7107499,-0.2464506,0.3693116,0.6957911,-0.1647675,0.2323027,0.7627072,-0.1841505,-0.03192091,0.8027974,-0.1857299,-0.2212194,0.8448011,-0.06419278,0.241009,0.7318922,-0.05035206,0.01975432,0.7347505,-0.1045059,-0.2075435,0.8013127,-0.1232177,0.6417401,0.7755758
72057594037941341,0,1.694058,9890.435,-0.1239401,0.2327519,0.7741215,-0.1560715,0.7895743,0.7675231,-0.2561409,0.5973993,0.8230606,-0.2396597,0.3990676,0.7436603,-0.2723242,0.3118729,0.6163532,-0.2845753,0.2711013,0.59808,-0.03262645,0.5981051,0.7250488,0.01235935,0.4449169,0.7192888,-0.1897652,0.4008856,0.7108365,-0.1813461,0.3749877,0.6703781,-0.1703339,0.2322214,0.7627961,-0.1870267,-0.03232199,0.8047804,-0.1865532,-0.2211587,0.8462037,-0.06996011,0.2421763,0.7324289,-0.05371605,0.01873296,0.734277,-0.05441879,-0.2270586,0.7098044,-0.1318327,0.6420826,0.777
72057594037941341,0,1.694058,9890.437,-0.1239401,0.2327519,0.7741215,-0.1560715,0.7895743,0.7675231,-0.2561409,0.5973993,0.8230606,-0.2396597,0.3990676,0.7436603,-0.2723242,0.3118729,0.6163532,-0.2845753,0.2711013,0.59808,-0.03262645,0.5981051,0.7250488,0.01235935,0.4449169,0.7192888,-0.1897652,0.4008856,0.7108365,-0.1813461,0.3749877,0.6703781,-0.1703339,0.2322214,0.7627961,-0.1870267,-0.03232199,0.8047804,-0.1865532,-0.2211587,0.8462037,-0.06996011,0.2421763,0.7324289,-0.05371605,0.01873296,0.734277,-0.05441879,-0.2270586,0.7098044,-0.1318327,0.6420826,0.777
72057594037941341,0,1.694058,9890.438,-0.1239401,0.2327519,0.7741215,-0.1560715,0.7895743,0.7675231,-0.2561409,0.5973993,0.8230606,-0.2396597,0.3990676,0.7436603,-0.2723242,0.3118729,0.6163532,-0.2845753,0.2711013,0.59808,-0.03262645,0.5981051,0.7250488,0.01235935,0.4449169,0.7192888,-0.1897652,0.4008856,0.7108365,-0.1813461,0.3749877,0.6703781,-0.1703339,0.2322214,0.7627961,-0.1870267,-0.03232199,0.8047804,-0.1865532,-0.2211587,0.8462037,-0.06996011,0.2421763,0.7324289,-0.05371605,0.01873296,0.734277,-0.05441879,-0.2270586,0.7098044,-0.1318327,0.6420826,0.777
72057594037941341,0,1.694058,9890.439,-0.1239401,0.2327519,0.7741215,-0.1560715,0.7895743,0.7675231,-0.2561409,0.5973993,0.8230606,-0.2396597,0.3990676,0.7436603,-0.2723242,0.3118729,0.6163532,-0.2845753,0.2711013,0.59808,-0.03262645,0.5981051,0.7250488,0.01235935,0.4449169,0.7192888,-0.1897652,0.4008856,0.7108365,-0.1813461,0.3749877,0.6703781,-0.1703339,0.2322214,0.7627961,-0.1870267,-0.03232199,0.8047804,-0.1865532,-0.2211587,0.8462037,-0.06996011,0.2421763,0.7324289,-0.05371605,0.01873296,0.734277,-0.05441879,-0.2270586,0.7098044,-0.1318327,0.6420826,0.777
72057594037941341,0,1.694058,9890.441,-0.1239401,0.2327519,0.7741215,-0.1560715,0.7895743,0.7675231,-0.2561409,0.5973993,0.8230606,-0.2396597,0.3990676,0.7436603,-0.2723242,0.3118729,0.6163532,-0.2845753,0.2711013,0.59808,-0.03262645,0.5981051,0.7250488,0.01235935,0.4449169,0.7192888,-0.1897652,0.4008856,0.7108365,-0.1813461,0.3749877,0.6703781,-0.1703339,0.2322214,0.7627961,-0.1870267,-0.03232199,0.8047804,-0.1865532,-0.2211587,0.8462037,-0.06996011,0.2421763,0.7324289,-0.05371605,0.01873296,0.734277,-0.05441879,-0.2270586,0.7098044,-0.1318327,0.6420826,0.777
72057594037941341,0,1.694058,9890.443,-0.1239401,0.2327519,0.7741215,-0.1560715,0.7895743,0.7675231,-0.2561409,0.5973993,0.8230606,-0.2396597,0.3990676,0.7436603,-0.2723242,0.3118729,0.6163532,-0.2845753,0.2711013,0.59808,-0.03262645,0.5981051,0.7250488,0.01235935,0.4449169,0.7192888,-0.1897652,0.4008856,0.7108365,-0.1813461,0.3749877,0.6703781,-0.1703339,0.2322214,0.7627961,-0.1870267,-0.03232199,0.8047804,-0.1865532,-0.2211587,0.8462037,-0.06996011,0.2421763,0.7324289,-0.05371605,0.01873296,0.734277,-0.05441879,-0.2270586,0.7098044,-0.1318327,0.6420826,0.777
72057594037941341,0,1.694058,9890.445,-0.1239401,0.2327519,0.7741215,-0.1560715,0.7895743,0.7675231,-0.2561409,0.5973993,0.8230606,-0.2396597,0.3990676,0.7436603,-0.2723242,0.3118729,0.6163532,-0.2845753,0.2711013,0.59808,-0.03262645,0.5981051,0.7250488,0.01235935,0.4449169,0.7192888,-0.1897652,0.4008856,0.7108365,-0.1813461,0.3749877,0.6703781,-0.1703339,0.2322214,0.7627961,-0.1870267,-0.03232199,0.8047804,-0.1865532,-0.2211587,0.8462037,-0.06996011,0.2421763,0.7324289,-0.05371605,0.01873296,0.734277,-0.05441879,-0.2270586,0.7098044,-0.1318327,0.6420826,0.777
72057594037941341,0,1.694058,9890.447,-0.1239401,0.2327519,0.7741215,-0.1560715,0.7895743,0.7675231,-0.2561409,0.5973993,0.8230606,-0.2396597,0.3990676,0.7436603,-0.2723242,0.3118729,0.6163532,-0.2845753,0.2711013,0.59808,-0.03262645,0.5981051,0.7250488,0.01235935,0.4449169,0.7192888,-0.1897652,0.4008856,0.7108365,-0.1813461,0.3749877,0.6703781,-0.1703339,0.2322214,0.7627961,-0.1870267,-0.03232199,0.8047804,-0.1865532,-0.2211587,0.8462037,-0.06996011,0.2421763,0.7324289,-0.05371605,0.01873296,0.734277,-0.05441879,-0.2270586,0.7098044,-0.1318327,0.6420826,0.777
72057594037941341,0,1.694058,9890.449,-0.1239401,0.2327519,0.7741215,-0.1560715,0.7895743,0.7675231,-0.2561409,0.5973993,0.8230606,-0.2396597,0.3990676,0.7436603,-0.2723242,0.3118729,0.6163532,-0.2845753,0.2711013,0.59808,-0.03262645,0.5981051,0.7250488,0.01235935,0.4449169,0.7192888,-0.1897652,0.4008856,0.7108365,-0.1813461,0.3749877,0.6703781,-0.1703339,0.2322214,0.7627961,-0.1870267,-0.03232199,0.8047804,-0.1865532,-0.2211587,0.8462037,-0.06996011,0.2421763,0.7324289,-0.05371605,0.01873296,0.734277,-0.05441879,-0.2270586,0.7098044,-0.1318327,0.6420826,0.777
72057594037941341,0,1.694058,9890.452,-0.1239401,0.2327519,0.7741215,-0.1560715,0.7895743,0.7675231,-0.2561409,0.5973993,0.8230606,-0.2396597,0.3990676,0.7436603,-0.2723242,0.3118729,0.6163532,-0.2845753,0.2711013,0.59808,-0.03262645,0.5981051,0.7250488,0.01235935,0.4449169,0.7192888,-0.1897652,0.4008856,0.7108365,-0.1813461,0.3749877,0.6703781,-0.1703339,0.2322214,0.7627961,-0.1870267,-0.03232199,0.8047804,-0.1865532,-0.2211587,0.8462037,-0.06996011,0.2421763,0.7324289,-0.05371605,0.01873296,0.734277,-0.05441879,-0.2270586,0.7098044,-0.1318327,0.6420826,0.777
72057594037941341,0,1.694058,9890.454,-0.1239401,0.2327519,0.7741215,-0.1560715,0.7895743,0.7675231,-0.2561409,0.5973993,0.8230606,-0.2396597,0.3990676,0.7436603,-0.2723242,0.3118729,0.6163532,-0.2845753,0.2711013,0.59808,-0.03262645,0.5981051,0.7250488,0.01235935,0.4449169,0.7192888,-0.1897652,0.4008856,0.7108365,-0.1813461,0.3749877,0.6703781,-0.1703339,0.2322214,0.7627961,-0.1870267,-0.03232199,0.8047804,-0.1865532,-0.2211587,0.8462037,-0.06996011,0.2421763,0.7324289,-0.05371605,0.01873296,0.734277,-0.05441879,-0.2270586,0.7098044,-0.1318327,0.6420826,0.777
72057594037941341,0,1.694058,9890.456,-0.1239401,0.2327519,0.7741215,-0.1560715,0.7895743,0.7675231,-0.2561409,0.5973993,0.8230606,-0.2396597,0.3990676,0.7436603,-0.2723242,0.3118729,0.6163532,-0.2845753,0.2711013,0.59808,-0.03262645,0.5981051,0.7250488,0.01235935,0.4449169,0.7192888,-0.1897652,0.4008856,0.7108365,-0.1813461,0.3749877,0.6703781,-0.1703339,0.2322214,0.7627961,-0.1870267,-0.03232199,0.8047804,-0.1865532,-0.2211587,0.8462037,-0.06996011,0.2421763,0.7324289,-0.05371605,0.01873296,0.734277,-0.05441879,-0.2270586,0.7098044,-0.1318327,0.6420826,0.777
72057594037941341,0,1.694058,9890.459,-0.1239401,0.2327519,0.7741215,-0.1560715,0.7895743,0.7675231,-0.2561409,0.5973993,0.8230606,-0.2396597,0.3990676,0.7436603,-0.2723242,0.3118729,0.6163532,-0.2845753,0.2711013,0.59808,-0.03262645,0.5981051,0.7250488,0.01235935,0.4449169,0.7192888,-0.1897652,0.4008856,0.7108365,-0.1813461,0.3749877,0.6703781,-0.1703339,0.2322214,0.7627961,-0.1870267,-0.03232199,0.8047804,-0.1865532,-0.2211587,0.8462037,-0.06996011,0.2421763,0.7324289,-0.05371605,0.01873296,0.734277,-0.05441879,-0.2270586,0.7098044,-0.1318327,0.6420826,0.777
72057594037941341,0,1.694058,9890.462,-0.1239401,0.2327519,0.7741215,-0.1560715,0.7895743,0.7675231,-0.2561409,0.5973993,0.8230606,-0.2396597,0.3990676,0.7436603,-0.2723242,0.3118729,0.6163532,-0.2845753,0.2711013,0.59808,-0.03262645,0.5981051,0.7250488,0.01235935,0.4449169,0.7192888,-0.1897652,0.4008856,0.7108365,-0.1813461,0.3749877,0.6703781,-0.1703339,0.2322214,0.7627961,-0.1870267,-0.03232199,0.8047804,-0.1865532,-0.2211587,0.8462037,-0.06996011,0.2421763,0.7324289,-0.05371605,0.01873296,0.734277,-0.05441879,-0.2270586,0.7098044,-0.1318327,0.6420826,0.777
72057594037941341,0,1.694058,9890.464,-0.1239401,0.2327519,0.7741215,-0.1560715,0.7895743,0.7675231,-0.2561409,0.5973993,0.8230606,-0.2396597,0.3990676,0.7436603,-0.2723242,0.3118729,0.6163532,-0.2845753,0.2711013,0.59808,-0.03262645,0.5981051,0.7250488,0.01235935,0.4449169,0.7192888,-0.1897652,0.4008856,0.7108365,-0.1813461,0.3749877,0.6703781,-0.1703339,0.2322214,0.7627961,-0.1870267,-0.03232199,0.8047804,-0.1865532,-0.2211587,0.8462037,-0.06996011,0.2421763,0.7324289,-0.05371605,0.01873296,0.734277,-0.05441879,-0.2270586,0.7098044,-0.1318327,0.6420826,0.777
72057594037941341,0,1.694058,9890.467,-0.1239401,0.2327519,0.7741215,-0.1560715,0.7895743,0.7675231,-0.2561409,0.5973993,0.8230606,-0.2396597,0.3990676,0.7436603,-0.2723242,0.3118729,0.6163532,-0.2845753,0.2711013,0.59808,-0.03262645,0.5981051,0.7250488,0.01235935,0.4449169,0.7192888,-0.1897652,0.4008856,0.7108365,-0.1813461,0.3749877,0.6703781,-0.1703339,0.2322214,0.7627961,-0.1870267,-0.03232199,0.8047804,-0.1865532,-0.2211587,0.8462037,-0.06996011,0.2421763,0.7324289,-0.05371605,0.01873296,0.734277,-0.05441879,-0.2270586,0.7098044,-0.1318327,0.6420826,0.777
72057594037941341,0,1.694159,9890.47,-0.1296073,0.2331357,0.7742512,-0.1647748,0.7903894,0.7689056,-0.2630827,0.5960168,0.823144,-0.2429118,0.3985712,0.7415322,-0.2874741,0.2876748,0.6396977,-0.3031631,0.2506964,0.6084729,-0.04100685,0.5985519,0.7267419,0.01015959,0.4446687,0.7223625,-0.1924236,0.401776,0.7119061,-0.180679,0.3754253,0.6682661,-0.1760867,0.2318031,0.7627954,-0.1901739,-0.03364483,0.8072112,-0.1860292,-0.2209442,0.8491085,-0.07524159,0.2433261,0.7327313,-0.05737318,0.01822206,0.7335212,-0.04855702,-0.2262582,0.712128,-0.1403049,0.6423616,0.7783223
72057594037941341,0,1.694159,9890.472,-0.1296073,0.2331357,0.7742512,-0.1647748,0.7903894,0.7689056,-0.2630827,0.5960168,0.823144,-0.2429118,0.3985712,0.7415322,-0.2874741,0.2876748,0.6396977,-0.3031631,0.2506964,0.6084729,-0.04100685,0.5985519,0.7267419,0.01015959,0.4446687,0.7223625,-0.1924236,0.401776,0.7119061,-0.180679,0.3754253,0.6682661,-0.1760867,0.2318031,0.7627954,-0.1901739,-0.03364483,0.8072112,-0.1860292,-0.2209442,0.8491085,-0.07524159,0.2433261,0.7327313,-0.05737318,0.01822206,0.7335212,-0.04855702,-0.2262582,0.712128,-0.1403049,0.6423616,0.7783223
72057594037941341,0,1.694159,9890.474,-0.1296073,0.2331357,0.7742512,-0.1647748,0.7903894,0.7689056,-0.2630827,0.5960168,0.823144,-0.2429118,0.3985712,0.7415322,-0.2874741,0.2876748,0.6396977,-0.3031631,0.2506964,0.6084729,-0.04100685,0.5985519,0.7267419,0.01015959,0.4446687,0.7223625,-0.1924236,0.401776,0.7119061,-0.180679,0.3754253,0.6682661,-0.1760867,0.2318031,0.7627954,-0.1901739,-0.03364483,0.8072112,-0.1860292,-0.2209442,0.8491085,-0.07524159,0.2433261,0.7327313,-0.05737318,0.01822206,0.7335212,-0.04855702,-0.2262582,0.712128,-0.1403049,0.6423616,0.7783223
72057594037941341,0,1.694159,9890.476,-0.1296073,0.2331357,0.7742512,-0.1647748,0.7903894,0.7689056,-0.2630827,0.5960168,0.823144,-0.2429118,0.3985712,0.7415322,-0.2874741,0.2876748,0.6396977,-0.3031631,0.2506964,0.6084729,-0.04100685,0.5985519,0.7267419,0.01015959,0.4446687,0.7223625,-0.1924236,0.401776,0.7119061,-0.180679,0.3754253,0.6682661,-0.1760867,0.2318031,0.7627954,-0.1901739,-0.03364483,0.8072112,-0.1860292,-0.2209442,0.8491085,-0.07524159,0.2433261,0.7327313,-0.05737318,0.01822206,0.7335212,-0.04855702,-0.2262582,0.712128,-0.1403049,0.6423616,0.7783223
72057594037941341,0,1.694159,9890.479,-0.1296073,0.2331357,0.7742512,-0.1647748,0.7903894,0.7689056,-0.2630827,0.5960168,0.823144,-0.2429118,0.3985712,0.7415322,-0.2874741,0.2876748,0.6396977,-0.3031631,0.2506964,0.6084729,-0.04100685,0.5985519,0.7267419,0.01015959,0.4446687,0.7223625,-0.1924236,0.401776,0.7119061,-0.180679,0.3754253,0.6682661,-0.1760867,0.2318031,0.7627954,-0.1901739,-0.03364483,0.8072112,-0.1860292,-0.2209442,0.8491085,-0.07524159,0.2433261,0.7327313,-0.05737318,0.01822206,0.7335212,-0.04855702,-0.2262582,0.712128,-0.1403049,0.6423616,0.7783223
72057594037941341,0,1.694159,9890.479,-0.1296073,0.2331357,0.7742512,-0.1647748,0.7903894,0.7689056,-0.2630827,0.5960168,0.823144,-0.2429118,0.3985712,0.7415322,-0.2874741,0.2876748,0.6396977,-0.3031631,0.2506964,0.6084729,-0.04100685,0.5985519,0.7267419,0.01015959,0.4446687,0.7223625,-0.1924236,0.401776,0.7119061,-0.180679,0.3754253,0.6682661,-0.1760867,0.2318031,0.7627954,-0.1901739,-0.03364483,0.8072112,-0.1860292,-0.2209442,0.8491085,-0.07524159,0.2433261,0.7327313,-0.05737318,0.01822206,0.7335212,-0.04855702,-0.2262582,0.712128,-0.1403049,0.6423616,0.7783223
72057594037941341,0,1.694159,9890.481,-0.1296073,0.2331357,0.7742512,-0.1647748,0.7903894,0.7689056,-0.2630827,0.5960168,0.823144,-0.2429118,0.3985712,0.7415322,-0.2874741,0.2876748,0.6396977,-0.3031631,0.2506964,0.6084729,-0.04100685,0.5985519,0.7267419,0.01015959,0.4446687,0.7223625,-0.1924236,0.401776,0.7119061,-0.180679,0.3754253,0.6682661,-0.1760867,0.2318031,0.7627954,-0.1901739,-0.03364483,0.8072112,-0.1860292,-0.2209442,0.8491085,-0.07524159,0.2433261,0.7327313,-0.05737318,0.01822206,0.7335212,-0.04855702,-0.2262582,0.712128,-0.1403049,0.6423616,0.7783223
72057594037941341,0,1.694159,9890.483,-0.1296073,0.2331357,0.7742512,-0.1647748,0.7903894,0.7689056,-0.2630827,0.5960168,0.823144,-0.2429118,0.3985712,0.7415322,-0.2874741,0.2876748,0.6396977,-0.3031631,0.2506964,0.6084729,-0.04100685,0.5985519,0.7267419,0.01015959,0.4446687,0.7223625,-0.1924236,0.401776,0.7119061,-0.180679,0.3754253,0.6682661,-0.1760867,0.2318031,0.7627954,-0.1901739,-0.03364483,0.8072112,-0.1860292,-0.2209442,0.8491085,-0.07524159,0.2433261,0.7327313,-0.05737318,0.01822206,0.7335212,-0.04855702,-0.2262582,0.712128,-0.1403049,0.6423616,0.7783223
72057594037941341,0,1.694159,9890.486,-0.1296073,0.2331357,0.7742512,-0.1647748,0.7903894,0.7689056,-0.2630827,0.5960168,0.823144,-0.2429118,0.3985712,0.7415322,-0.2874741,0.2876748,0.6396977,-0.3031631,0.2506964,0.6084729,-0.04100685,0.5985519,0.7267419,0.01015959,0.4446687,0.7223625,-0.1924236,0.401776,0.7119061,-0.180679,0.3754253,0.6682661,-0.1760867,0.2318031,0.7627954,-0.1901739,-0.03364483,0.8072112,-0.1860292,-0.2209442,0.8491085,-0.07524159,0.2433261,0.7327313,-0.05737318,0.01822206,0.7335212,-0.04855702,-0.2262582,0.712128,-0.1403049,0.6423616,0.7783223
72057594037941341,0,1.694159,9890.488,-0.1296073,0.2331357,0.7742512,-0.1647748,0.7903894,0.7689056,-0.2630827,0.5960168,0.823144,-0.2429118,0.3985712,0.7415322,-0.2874741,0.2876748,0.6396977,-0.3031631,0.2506964,0.6084729,-0.04100685,0.5985519,0.7267419,0.01015959,0.4446687,0.7223625,-0.1924236,0.401776,0.7119061,-0.180679,0.3754253,0.6682661,-0.1760867,0.2318031,0.7627954,-0.1901739,-0.03364483,0.8072112,-0.1860292,-0.2209442,0.8491085,-0.07524159,0.2433261,0.7327313,-0.05737318,0.01822206,0.7335212,-0.04855702,-0.2262582,0.712128,-0.1403049,0.6423616,0.7783223
72057594037941341,0,1.694159,9890.49,-0.1296073,0.2331357,0.7742512,-0.1647748,0.7903894,0.7689056,-0.2630827,0.5960168,0.823144,-0.2429118,0.3985712,0.7415322,-0.2874741,0.2876748,0.6396977,-0.3031631,0.2506964,0.6084729,-0.04100685,0.5985519,0.7267419,0.01015959,0.4446687,0.7223625,-0.1924236,0.401776,0.7119061,-0.180679,0.3754253,0.6682661,-0.1760867,0.2318031,0.7627954,-0.1901739,-0.03364483,0.8072112,-0.1860292,-0.2209442,0.8491085,-0.07524159,0.2433261,0.7327313,-0.05737318,0.01822206,0.7335212,-0.04855702,-0.2262582,0.712128,-0.1403049,0.6423616,0.7783223
72057594037941341,0,1.694159,9890.492,-0.1296073,0.2331357,0.7742512,-0.1647748,0.7903894,0.7689056,-0.2630827,0.5960168,0.823144,-0.2429118,0.3985712,0.7415322,-0.2874741,0.2876748,0.6396977,-0.3031631,0.2506964,0.6084729,-0.04100685,0.5985519,0.7267419,0.01015959,0.4446687,0.7223625,-0.1924236,0.401776,0.7119061,-0.180679,0.3754253,0.6682661,-0.1760867,0.2318031,0.7627954,-0.1901739,-0.03364483,0.8072112,-0.1860292,-0.2209442,0.8491085,-0.07524159,0.2433261,0.7327313,-0.05737318,0.01822206,0.7335212,-0.04855702,-0.2262582,0.712128,-0.1403049,0.6423616,0.7783223
72057594037941341,0,1.694159,9890.494,-0.1296073,0.2331357,0.7742512,-0.1647748,0.7903894,0.7689056,-0.2630827,0.5960168,0.823144,-0.2429118,0.3985712,0.7415322,-0.2874741,0.2876748,0.6396977,-0.3031631,0.2506964,0.6084729,-0.04100685,0.5985519,0.7267419,0.01015959,0.4446687,0.7223625,-0.1924236,0.401776,0.7119061,-0.180679,0.3754253,0.6682661,-0.1760867,0.2318031,0.7627954,-0.1901739,-0.03364483,0.8072112,-0.1860292,-0.2209442,0.8491085,-0.07524159,0.2433261,0.7327313,-0.05737318,0.01822206,0.7335212,-0.04855702,-0.2262582,0.712128,-0.1403049,0.6423616,0.7783223
72057594037941341,0,1.694159,9890.496,-0.1296073,0.2331357,0.7742512,-0.1647748,0.7903894,0.7689056,-0.2630827,0.5960168,0.823144,-0.2429118,0.3985712,0.7415322,-0.2874741,0.2876748,0.6396977,-0.3031631,0.2506964,0.6084729,-0.04100685,0.5985519,0.7267419,0.01015959,0.4446687,0.7223625,-0.1924236,0.401776,0.7119061,-0.180679,0.3754253,0.6682661,-0.1760867,0.2318031,0.7627954,-0.1901739,-0.03364483,0.8072112,-0.1860292,-0.2209442,0.8491085,-0.07524159,0.2433261,0.7327313,-0.05737318,0.01822206,0.7335212,-0.04855702,-0.2262582,0.712128,-0.1403049,0.6423616,0.7783223
72057594037941341,0,1.694159,9890.499,-0.1296073,0.2331357,0.7742512,-0.1647748,0.7903894,0.7689056,-0.2630827,0.5960168,0.823144,-0.2429118,0.3985712,0.7415322,-0.2874741,0.2876748,0.6396977,-0.3031631,0.2506964,0.6084729,-0.04100685,0.5985519,0.7267419,0.01015959,0.4446687,0.7223625,-0.1924236,0.401776,0.7119061,-0.180679,0.3754253,0.6682661,-0.1760867,0.2318031,0.7627954,-0.1901739,-0.03364483,0.8072112,-0.1860292,-0.2209442,0.8491085,-0.07524159,0.2433261,0.7327313,-0.05737318,0.01822206,0.7335212,-0.04855702,-0.2262582,0.712128,-0.1403049,0.6423616,0.7783223
72057594037941341,0,1.69548,9890.502,-0.135527,0.2335877,0.7730687,-0.1732354,0.7904135,0.7700772,-0.2712532,0.594959,0.8237539,-0.2469225,0.4001664,0.7366374,-0.2023856,0.2389168,0.6451188,-0.1862376,0.1968851,0.6424397,-0.04938219,0.5982411,0.7283391,0.005356004,0.445234,0.7243406,-0.1975138,0.404196,0.7111987,-0.2609733,0.394674,0.7087234,-0.1821858,0.2317461,0.7614506,-0.1932254,-0.03453067,0.8092499,-0.1853777,-0.2201214,0.8513099,-0.0805668,0.24425,0.7317544,-0.06299963,0.01893404,0.7323552,-0.04464103,-0.2251086,0.7130172,-0.1475264,0.6427845,0.7791666
72057594037941341,0,1.69548,9890.505,-0.135527,0.2335877,0.7730687,-0.1732354,0.7904135,0.7700772,-0.2712532,0.594959,0.8237539,-0.2469225,0.4001664,0.7366374,-0.2023856,0.2389168,0.6451188,-0.1862376,0.1968851,0.6424397,-0.04938219,0.5982411,0.7283391,0.005356004,0.445234,0.7243406,-0.1975138,0.404196,0.7111987,-0.2609733,0.394674,0.7087234,-0.1821858,0.2317461,0.7614506,-0.1932254,-0.03453067,0.8092499,-0.1853777,-0.2201214,0.8513099,-0.0805668,0.24425,0.7317544,-0.06299963,0.01893404,0.7323552,-0.04464103,-0.2251086,0.7130172,-0.1475264,0.6427845,0.7791666
72057594037941341,0,1.69548,9890.507,-0.135527,0.2335877,0.7730687,-0.1732354,0.7904135,0.7700772,-0.2712532,0.594959,0.8237539,-0.2469225,0.4001664,0.7366374,-0.2023856,0.2389168,0.6451188,-0.1862376,0.1968851,0.6424397,-0.04938219,0.5982411,0.7283391,0.005356004,0.445234,0.7243406,-0.1975138,0.404196,0.7111987,-0.2609733,0.394674,0.7087234,-0.1821858,0.2317461,0.7614506,-0.1932254,-0.03453067,0.8092499,-0.1853777,-0.2201214,0.8513099,-0.0805668,0.24425,0.7317544,-0.06299963,0.01893404,0.7323552,-0.04464103,-0.2251086,0.7130172,-0.1475264,0.6427845,0.7791666
72057594037941341,0,1.69548,9890.509,-0.135527,0.2335877,0.7730687,-0.1732354,0.7904135,0.7700772,-0.2712532,0.594959,0.8237539,-0.2469225,0.4001664,0.7366374,-0.2023856,0.2389168,0.6451188,-0.1862376,0.1968851,0.6424397,-0.04938219,0.5982411,0.7283391,0.005356004,0.445234,0.7243406,-0.1975138,0.404196,0.7111987,-0.2609733,0.394674,0.7087234,-0.1821858,0.2317461,0.7614506,-0.1932254,-0.03453067,0.8092499,-0.1853777,-0.2201214,0.8513099,-0.0805668,0.24425,0.7317544,-0.06299963,0.01893404,0.7323552,-0.04464103,-0.2251086,0.7130172,-0.1475264,0.6427845,0.7791666
72057594037941341,0,1.69548,9890.511,-0.135527,0.2335877,0.7730687,-0.1732354,0.7904135,0.7700772,-0.2712532,0.594959,0.8237539,-0.2469225,0.4001664,0.7366374,-0.2023856,0.2389168,0.6451188,-0.1862376,0.1968851,0.6424397,-0.04938219,0.5982411,0.7283391,0.005356004,0.445234,0.7243406,-0.1975138,0.404196,0.7111987,-0.2609733,0.394674,0.7087234,-0.1821858,0.2317461,0.7614506,-0.1932254,-0.03453067,0.8092499,-0.1853777,-0.2201214,0.8513099,-0.0805668,0.24425,0.7317544,-0.06299963,0.01893404,0.7323552,-0.04464103,-0.2251086,0.7130172,-0.1475264,0.6427845,0.7791666
72057594037941341,0,1.69548,9890.513,-0.135527,0.2335877,0.7730687,-0.1732354,0.7904135,0.7700772,-0.2712532,0.594959,0.8237539,-0.2469225,0.4001664,0.7366374,-0.2023856,0.2389168,0.6451188,-0.1862376,0.1968851,0.6424397,-0.04938219,0.5982411,0.7283391,0.005356004,0.445234,0.7243406,-0.1975138,0.404196,0.7111987,-0.2609733,0.394674,0.7087234,-0.1821858,0.2317461,0.7614506,-0.1932254,-0.03453067,0.8092499,-0.1853777,-0.2201214,0.8513099,-0.0805668,0.24425,0.7317544,-0.06299963,0.01893404,0.7323552,-0.04464103,-0.2251086,0.7130172,-0.1475264,0.6427845,0.7791666
72057594037941341,0,1.69548,9890.515,-0.135527,0.2335877,0.7730687,-0.1732354,0.7904135,0.7700772,-0.2712532,0.594959,0.8237539,-0.2469225,0.4001664,0.7366374,-0.2023856,0.2389168,0.6451188,-0.1862376,0.1968851,0.6424397,-0.04938219,0.5982411,0.7283391,0.005356004,0.445234,0.7243406,-0.1975138,0.404196,0.7111987,-0.2609733,0.394674,0.7087234,-0.1821858,0.2317461,0.7614506,-0.1932254,-0.03453067,0.8092499,-0.1853777,-0.2201214,0.8513099,-0.0805668,0.24425,0.7317544,-0.06299963,0.01893404,0.7323552,-0.04464103,-0.2251086,0.7130172,-0.1475264,0.6427845,0.7791666
72057594037941341,0,1.69548,9890.517,-0.135527,0.2335877,0.7730687,-0.1732354,0.7904135,0.7700772,-0.2712532,0.594959,0.8237539,-0.2469225,0.4001664,0.7366374,-0.2023856,0.2389168,0.6451188,-0.1862376,0.1968851,0.6424397,-0.04938219,0.5982411,0.7283391,0.005356004,0.445234,0.7243406,-0.1975138,0.404196,0.7111987,-0.2609733,0.394674,0.7087234,-0.1821858,0.2317461,0.7614506,-0.1932254,-0.03453067,0.8092499,-0.1853777,-0.2201214,0.8513099,-0.0805668,0.24425,0.7317544,-0.06299963,0.01893404,0.7323552,-0.04464103,-0.2251086,0.7130172,-0.1475264,0.6427845,0.7791666
72057594037941341,0,1.69548,9890.518,-0.135527,0.2335877,0.7730687,-0.1732354,0.7904135,0.7700772,-0.2712532,0.594959,0.8237539,-0.2469225,0.4001664,0.7366374,-0.2023856,0.2389168,0.6451188,-0.1862376,0.1968851,0.6424397,-0.04938219,0.5982411,0.7283391,0.005356004,0.445234,0.7243406,-0.1975138,0.404196,0.7111987,-0.2609733,0.394674,0.7087234,-0.1821858,0.2317461,0.7614506,-0.1932254,-0.03453067,0.8092499,-0.1853777,-0.2201214,0.8513099,-0.0805668,0.24425,0.7317544,-0.06299963,0.01893404,0.7323552,-0.04464103,-0.2251086,0.7130172,-0.1475264,0.6427845,0.7791666
72057594037941341,0,1.69548,9890.52,-0.135527,0.2335877,0.7730687,-0.1732354,0.7904135,0.7700772,-0.2712532,0.594959,0.8237539,-0.2469225,0.4001664,0.7366374,-0.2023856,0.2389168,0.6451188,-0.1862376,0.1968851,0.6424397,-0.04938219,0.5982411,0.7283391,0.005356004,0.445234,0.7243406,-0.1975138,0.404196,0.7111987,-0.2609733,0.394674,0.7087234,-0.1821858,0.2317461,0.7614506,-0.1932254,-0.03453067,0.8092499,-0.1853777,-0.2201214,0.8513099,-0.0805668,0.24425,0.7317544,-0.06299963,0.01893404,0.7323552,-0.04464103,-0.2251086,0.7130172,-0.1475264,0.6427845,0.7791666
72057594037941341,0,1.69548,9890.521,-0.135527,0.2335877,0.7730687,-0.1732354,0.7904135,0.7700772,-0.2712532,0.594959,0.8237539,-0.2469225,0.4001664,0.7366374,-0.2023856,0.2389168,0.6451188,-0.1862376,0.1968851,0.6424397,-0.04938219,0.5982411,0.7283391,0.005356004,0.445234,0.7243406,-0.1975138,0.404196,0.7111987,-0.2609733,0.394674,0.7087234,-0.1821858,0.2317461,0.7614506,-0.1932254,-0.03453067,0.8092499,-0.1853777,-0.2201214,0.8513099,-0.0805668,0.24425,0.7317544,-0.06299963,0.01893404,0.7323552,-0.04464103,-0.2251086,0.7130172,-0.1475264,0.6427845,0.7791666
72057594037941341,0,1.69548,9890.523,-0.135527,0.2335877,0.7730687,-0.1732354,0.7904135,0.7700772,-0.2712532,0.594959,0.8237539,-0.2469225,0.4001664,0.7366374,-0.2023856,0.2389168,0.6451188,-0.1862376,0.1968851,0.6424397,-0.04938219,0.5982411,0.7283391,0.005356004,0.445234,0.7243406,-0.1975138,0.404196,0.7111987,-0.2609733,0.394674,0.7087234,-0.1821858,0.2317461,0.7614506,-0.1932254,-0.03453067,0.8092499,-0.1853777,-0.2201214,0.8513099,-0.0805668,0.24425,0.7317544,-0.06299963,0.01893404,0.7323552,-0.04464103,-0.2251086,0.7130172,-0.1475264,0.6427845,0.7791666
72057594037941341,0,1.69548,9890.524,-0.135527,0.2335877,0.7730687,-0.1732354,0.7904135,0.7700772,-0.2712532,0.594959,0.8237539,-0.2469225,0.4001664,0.7366374,-0.2023856,0.2389168,0.6451188,-0.1862376,0.1968851,0.6424397,-0.04938219,0.5982411,0.7283391,0.005356004,0.445234,0.7243406,-0.1975138,0.404196,0.7111987,-0.2609733,0.394674,0.7087234,-0.1821858,0.2317461,0.7614506,-0.1932254,-0.03453067,0.8092499,-0.1853777,-0.2201214,0.8513099,-0.0805668,0.24425,0.7317544,-0.06299963,0.01893404,0.7323552,-0.04464103,-0.2251086,0.7130172,-0.1475264,0.6427845,0.7791666
72057594037941341,0,1.69548,9890.526,-0.135527,0.2335877,0.7730687,-0.1732354,0.7904135,0.7700772,-0.2712532,0.594959,0.8237539,-0.2469225,0.4001664,0.7366374,-0.2023856,0.2389168,0.6451188,-0.1862376,0.1968851,0.6424397,-0.04938219,0.5982411,0.7283391,0.005356004,0.445234,0.7243406,-0.1975138,0.404196,0.7111987,-0.2609733,0.394674,0.7087234,-0.1821858,0.2317461,0.7614506,-0.1932254,-0.03453067,0.8092499,-0.1853777,-0.2201214,0.8513099,-0.0805668,0.24425,0.7317544,-0.06299963,0.01893404,0.7323552,-0.04464103,-0.2251086,0.7130172,-0.1475264,0.6427845,0.7791666
72057594037941341,0,1.69548,9890.528,-0.135527,0.2335877,0.7730687,-0.1732354,0.7904135,0.7700772,-0.2712532,0.594959,0.8237539,-0.2469225,0.4001664,0.7366374,-0.2023856,0.2389168,0.6451188,-0.1862376,0.1968851,0.6424397,-0.04938219,0.5982411,0.7283391,0.005356004,0.445234,0.7243406,-0.1975138,0.404196,0.7111987,-0.2609733,0.394674,0.7087234,-0.1821858,0.2317461,0.7614506,-0.1932254,-0.03453067,0.8092499,-0.1853777,-0.2201214,0.8513099,-0.0805668,0.24425,0.7317544,-0.06299963,0.01893404,0.7323552,-0.04464103,-0.2251086,0.7130172,-0.1475264,0.6427845,0.7791666
72057594037941341,0,1.69548,9890.53,-0.135527,0.2335877,0.7730687,-0.1732354,0.7904135,0.7700772,-0.2712532,0.594959,0.8237539,-0.2469225,0.4001664,0.7366374,-0.2023856,0.2389168,0.6451188,-0.1862376,0.1968851,0.6424397,-0.04938219,0.5982411,0.7283391,0.005356004,0.445234,0.7243406,-0.1975138,0.404196,0.7111987,-0.2609733,0.394674,0.7087234,-0.1821858,0.2317461,0.7614506,-0.1932254,-0.03453067,0.8092499,-0.1853777,-0.2201214,0.8513099,-0.0805668,0.24425,0.7317544,-0.06299963,0.01893404,0.7323552,-0.04464103,-0.2251086,0.7130172,-0.1475264,0.6427845,0.7791666
72057594037941341,0,1.69548,9890.532,-0.135527,0.2335877,0.7730687,-0.1732354,0.7904135,0.7700772,-0.2712532,0.594959,0.8237539,-0.2469225,0.4001664,0.7366374,-0.2023856,0.2389168,0.6451188,-0.1862376,0.1968851,0.6424397,-0.04938219,0.5982411,0.7283391,0.005356004,0.445234,0.7243406,-0.1975138,0.404196,0.7111987,-0.2609733,0.394674,0.7087234,-0.1821858,0.2317461,0.7614506,-0.1932254,-0.03453067,0.8092499,-0.1853777,-0.2201214,0.8513099,-0.0805668,0.24425,0.7317544,-0.06299963,0.01893404,0.7323552,-0.04464103,-0.2251086,0.7130172,-0.1475264,0.6427845,0.7791666
72057594037941341,0,1.697181,9890.534,-0.1400545,0.2336953,0.7715287,-0.1822203,0.7902179,0.7699462,-0.280608,0.5946954,0.8249373,-0.2623121,0.4013534,0.7325897,-0.2009448,0.2832776,0.6480087,-0.179843,0.2489849,0.652577,-0.05770396,0.5962468,0.7291057,-0.001712005,0.4448832,0.7259274,-0.2045926,0.4034158,0.7114914,-0.1933023,0.3762491,0.669072,-0.1863878,0.2315491,0.7598372,-0.1943811,-0.03440809,0.8091151,-0.186106,-0.2191433,0.854045,-0.08509454,0.2446947,0.7303411,-0.0721695,0.02040452,0.7292058,-0.03379761,-0.2229561,0.7123452,-0.1571784,0.6425699,0.7797806
72057594037941341,0,1.697181,9890.536,-0.1400545,0.2336953,0.7715287,-0.1822203,0.7902179,0.7699462,-0.280608,0.5946954,0.8249373,-0.2623121,0.4013534,0.7325897,-0.2009448,0.2832776,0.6480087,-0.179843,0.2489849,0.652577,-0.05770396,0.5962468,0.7291057,-0.001712005,0.4448832,0.7259274,-0.2045926,0.4034158,0.7114914,-0.1933023,0.3762491,0.669072,-0.1863878,0.2315491,0.7598372,-0.1943811,-0.03440809,0.8091151,-0.186106,-0.2191433,0.854045,-0.08509454,0.2446947,0.7303411,-0.0721695,0.02040452,0.7292058,-0.03379761,-0.2229561,0.7123452,-0.1571784,0.6425699,0.7797806
72057594037941341,0,1.697181,9890.539,-0.1400545,0.2336953,0.7715287,-0.1822203,0.7902179,0.7699462,-0.280608,0.5946954,0.8249373,-0.2623121,0.4013534,0.7325897,-0.2009448,0.2832776,0.6480087,-0.179843,0.2489849,0.652577,-0.05770396,0.5962468,0.7291057,-0.001712005,0.4448832,0.7259274,-0.2045926,0.4034158,0.7114914,-0.1933023,0.3762491,0.669072,-0.1863878,0.2315491,0.7598372,-0.1943811,-0.03440809,0.8091151,-0.186106,-0.2191433,0.854045,-0.08509454,0.2446947,0.7303411,-0.0721695,0.02040452,0.7292058,-0.03379761,-0.2229561,0.7123452,-0.1571784,0.6425699,0.7797806
72057594037941341,0,1.697181,9890.541,-0.1400545,0.2336953,0.7715287,-0.1822203,0.7902179,0.7699462,-0.280608,0.5946954,0.8249373,-0.2623121,0.4013534,0.7325897,-0.2009448,0.2832776,0.6480087,-0.179843,0.2489849,0.652577,-0.05770396,0.5962468,0.7291057,-0.001712005,0.4448832,0.7259274,-0.2045926,0.4034158,0.7114914,-0.1933023,0.3762491,0.669072,-0.1863878,0.2315491,0.7598372,-0.1943811,-0.03440809,0.8091151,-0.186106,-0.2191433,0.854045,-0.08509454,0.2446947,0.7303411,-0.0721695,0.02040452,0.7292058,-0.03379761,-0.2229561,0.7123452,-0.1571784,0.6425699,0.7797806
72057594037941341,0,1.697181,9890.543,-0.1400545,0.2336953,0.7715287,-0.1822203,0.7902179,0.7699462,-0.280608,0.5946954,0.8249373,-0.2623121,0.4013534,0.7325897,-0.2009448,0.2832776,0.6480087,-0.179843,0.2489849,0.652577,-0.05770396,0.5962468,0.7291057,-0.001712005,0.4448832,0.7259274,-0.2045926,0.4034158,0.7114914,-0.1933023,0.3762491,0.669072,-0.1863878,0.2315491,0.7598372,-0.1943811,-0.03440809,0.8091151,-0.186106,-0.2191433,0.854045,-0.08509454,0.2446947,0.7303411,-0.0721695,0.02040452,0.7292058,-0.03379761,-0.2229561,0.7123452,-0.1571784,0.6425699,0.7797806
72057594037941341,0,1.697181,9890.545,-0.1400545,0.2336953,0.7715287,-0.1822203,0.7902179,0.7699462,-0.280608,0.5946954,0.8249373,-0.2623121,0.4013534,0.7325897,-0.2009448,0.2832776,0.6480087,-0.179843,0.2489849,0.652577,-0.05770396,0.5962468,0.7291057,-0.001712005,0.4448832,0.7259274,-0.2045926,0.4034158,0.7114914,-0.1933023,0.3762491,0.669072,-0.1863878,0.2315491,0.7598372,-0.1943811,-0.03440809,0.8091151,-0.186106,-0.2191433,0.854045,-0.08509454,0.2446947,0.7303411,-0.0721695,0.02040452,0.7292058,-0.03379761,-0.2229561,0.7123452,-0.1571784,0.6425699,0.7797806
72057594037941341,0,1.697181,9890.547,-0.1400545,0.2336953,0.7715287,-0.1822203,0.7902179,0.7699462,-0.280608,0.5946954,0.8249373,-0.2623121,0.4013534,0.7325897,-0.2009448,0.2832776,0.6480087,-0.179843,0.2489849,0.652577,-0.05770396,0.5962468,0.7291057,-0.001712005,0.4448832,0.7259274,-0.2045926,0.4034158,0.7114914,-0.1933023,0.3762491,0.669072,-0.1863878,0.2315491,0.7598372,-0.1943811,-0.03440809,0.8091151,-0.186106,-0.2191433,0.854045,-0.08509454,0.2446947,0.7303411,-0.0721695,0.02040452,0.7292058,-0.03379761,-0.2229561,0.7123452,-0.1571784,0.6425699,0.7797806
72057594037941341,0,1.697181,9890.549,-0.1400545,0.2336953,0.7715287,-0.1822203,0.7902179,0.7699462,-0.280608,0.5946954,0.8249373,-0.2623121,0.4013534,0.7325897,-0.2009448,0.2832776,0.6480087,-0.179843,0.2489849,0.652577,-0.05770396,0.5962468,0.7291057,-0.001712005,0.4448832,0.7259274,-0.2045926,0.4034158,0.7114914,-0.1933023,0.3762491,0.669072,-0.1863878,0.2315491,0.7598372,-0.1943811,-0.03440809,0.8091151,-0.186106,-0.2191433,0.854045,-0.08509454,0.2446947,0.7303411,-0.0721695,0.02040452,0.7292058,-0.03379761,-0.2229561,0.7123452,-0.1571784,0.6425699,0.7797806
72057594037941341,0,1.697181,9890.551,-0.1400545,0.2336953,0.7715287,-0.1822203,0.7902179,0.7699462,-0.280608,0.5946954,0.8249373,-0.2623121,0.4013534,0.7325897,-0.2009448,0.2832776,0.6480087,-0.179843,0.2489849,0.652577,-0.05770396,0.5962468,0.7291057,-0.001712005,0.4448832,0.7259274,-0.2045926,0.4034158,0.7114914,-0.1933023,0.3762491,0.669072,-0.1863878,0.2315491,0.7598372,-0.1943811,-0.03440809,0.8091151,-0.186106,-0.2191433,0.854045,-0.08509454,0.2446947,0.7303411,-0.0721695,0.02040452,0.7292058,-0.03379761,-0.2229561,0.7123452,-0.1571784,0.6425699,0.7797806
72057594037941341,0,1.697181,9890.553,-0.1400545,0.2336953,0.7715287,-0.1822203,0.7902179,0.7699462,-0.280608,0.5946954,0.8249373,-0.2623121,0.4013534,0.7325897,-0.2009448,0.2832776,0.6480087,-0.179843,0.2489849,0.652577,-0.05770396,0.5962468,0.7291057,-0.001712005,0.4448832,0.7259274,-0.2045926,0.4034158,0.7114914,-0.1933023,0.3762491,0.669072,-0.1863878,0.2315491,0.7598372,-0.1943811,-0.03440809,0.8091151,-0.186106,-0.2191433,0.854045,-0.08509454,0.2446947,0.7303411,-0.0721695,0.02040452,0.7292058,-0.03379761,-0.2229561,0.7123452,-0.1571784,0.6425699,0.7797806
72057594037941341,0,1.697181,9890.556,-0.1400545,0.2336953,0.7715287,-0.1822203,0.7902179,0.7699462,-0.280608,0.5946954,0.8249373,-0.2623121,0.4013534,0.7325897,-0.2009448,0.2832776,0.6480087,-0.179843,0.2489849,0.652577,-0.05770396,0.5962468,0.7291057,-0.001712005,0.4448832,0.7259274,-0.2045926,0.4034158,0.7114914,-0.1933023,0.3762491,0.669072,-0.1863878,0.2315491,0.7598372,-0.1943811,-0.03440809,0.8091151,-0.186106,-0.2191433,0.854045,-0.08509454,0.2446947,0.7303411,-0.0721695,0.02040452,0.7292058,-0.03379761,-0.2229561,0.7123452,-0.1571784,0.6425699,0.7797806
72057594037941341,0,1.697181,9890.558,-0.1400545,0.2336953,0.7715287,-0.1822203,0.7902179,0.7699462,-0.280608,0.5946954,0.8249373,-0.2623121,0.4013534,0.7325897,-0.2009448,0.2832776,0.6480087,-0.179843,0.2489849,0.652577,-0.05770396,0.5962468,0.7291057,-0.001712005,0.4448832,0.7259274,-0.2045926,0.4034158,0.7114914,-0.1933023,0.3762491,0.669072,-0.1863878,0.2315491,0.7598372,-0.1943811,-0.03440809,0.8091151,-0.186106,-0.2191433,0.854045,-0.08509454,0.2446947,0.7303411,-0.0721695,0.02040452,0.7292058,-0.03379761,-0.2229561,0.7123452,-0.1571784,0.6425699,0.7797806
72057594037941341,0,1.697181,9890.56,-0.1400545,0.2336953,0.7715287,-0.1822203,0.7902179,0.7699462,-0.280608,0.5946954,0.8249373,-0.2623121,0.4013534,0.7325897,-0.2009448,0.2832776,0.6480087,-0.179843,0.2489849,0.652577,-0.05770396,0.5962468,0.7291057,-0.001712005,0.4448832,0.7259274,-0.2045926,0.4034158,0.7114914,-0.1933023,0.3762491,0.669072,-0.1863878,0.2315491,0.7598372,-0.1943811,-0.03440809,0.8091151,-0.186106,-0.2191433,0.854045,-0.08509454,0.2446947,0.7303411,-0.0721695,0.02040452,0.7292058,-0.03379761,-0.2229561,0.7123452,-0.1571784,0.6425699,0.7797806
72057594037941341,0,1.697181,9890.562,-0.1400545,0.2336953,0.7715287,-0.1822203,0.7902179,0.7699462,-0.280608,0.5946954,0.8249373,-0.2623121,0.4013534,0.7325897,-0.2009448,0.2832776,0.6480087,-0.179843,0.2489849,0.652577,-0.05770396,0.5962468,0.7291057,-0.001712005,0.4448832,0.7259274,-0.2045926,0.4034158,0.7114914,-0.1933023,0.3762491,0.669072,-0.1863878,0.2315491,0.7598372,-0.1943811,-0.03440809,0.8091151,-0.186106,-0.2191433,0.854045,-0.08509454,0.2446947,0.7303411,-0.0721695,0.02040452,0.7292058,-0.03379761,-0.2229561,0.7123452,-0.1571784,0.6425699,0.7797806
72057594037941341,0,1.697181,9890.563,-0.1400545,0.2336953,0.7715287,-0.1822203,0.7902179,0.7699462,-0.280608,0.5946954,0.8249373,-0.2623121,0.4013534,0.7325897,-0.2009448,0.2832776,0.6480087,-0.179843,0.2489849,0.652577,-0.05770396,0.5962468,0.7291057,-0.001712005,0.4448832,0.7259274,-0.2045926,0.4034158,0.7114914,-0.1933023,0.3762491,0.669072,-0.1863878,0.2315491,0.7598372,-0.1943811,-0.03440809,0.8091151,-0.186106,-0.2191433,0.854045,-0.08509454,0.2446947,0.7303411,-0.0721695,0.02040452,0.7292058,-0.03379761,-0.2229561,0.7123452,-0.1571784,0.6425699,0.7797806
72057594037941341,0,1.697181,9890.565,-0.1400545,0.2336953,0.7715287,-0.1822203,0.7902179,0.7699462,-0.280608,0.5946954,0.8249373,-0.2623121,0.4013534,0.7325897,-0.2009448,0.2832776,0.6480087,-0.179843,0.2489849,0.652577,-0.05770396,0.5962468,0.7291057,-0.001712005,0.4448832,0.7259274,-0.2045926,0.4034158,0.7114914,-0.1933023,0.3762491,0.669072,-0.1863878,0.2315491,0.7598372,-0.1943811,-0.03440809,0.8091151,-0.186106,-0.2191433,0.854045,-0.08509454,0.2446947,0.7303411,-0.0721695,0.02040452,0.7292058,-0.03379761,-0.2229561,0.7123452,-0.1571784,0.6425699,0.7797806
72057594037941341,0,1.699283,9890.567,-0.1448383,0.2336772,0.7696391,-0.1903654,0.7893851,0.7694623,-0.2874516,0.5936428,0.824064,-0.26605,0.402393,0.727845,-0.2018939,0.2824861,0.6482517,-0.185163,0.2457075,0.6549498,-0.06586663,0.5940356,0.729755,-0.01204173,0.4444121,0.726234,-0.2147141,0.4026726,0.7108035,-0.2051901,0.3748317,0.6706072,-0.1912429,0.2312019,0.757651,-0.1874008,-0.02773994,0.7906932,-0.1879641,-0.2257064,0.8311312,-0.08949052,0.2450097,0.72878,-0.08818164,0.02520266,0.7165619,-0.03061631,-0.2200115,0.7014662,-0.1661671,0.641499,0.7797961
72057594037941341,0,1.699283,9890.57,-0.1448383,0.2336772,0.7696391,-0.1903654,0.7893851,0.7694623,-0.2874516,0.5936428,0.824064,-0.26605,0.402393,0.727845,-0.2018939,0.2824861,0.6482517,-0.185163,0.2457075,0.6549498,-0.06586663,0.5940356,0.729755,-0.01204173,0.4444121,0.726234,-0.2147141,0.4026726,0.7108035,-0.2051901,0.3748317,0.6706072,-0.1912429,0.2312019,0.757651,-0.1874008,-0.02773994,0.7906932,-0.1879641,-0.2257064,0.8311312,-0.08949052,0.2450097,0.72878,-0.08818164,0.02520266,0.7165619,-0.03061631,-0.2200115,0.7014662,-0.1661671,0.641499,0.7797961
72057594037941341,0,1.699283,9890.571,-0.1448383,0.2336772,0.7696391,-0.1903654,0.7893851,0.7694623,-0.2874516,0.5936428,0.824064,-0.26605,0.402393,0.727845,-0.2018939,0.2824861,0.6482517,-0.185163,0.2457075,0.6549498,-0.06586663,0.5940356,0.729755,-0.01204173,0.4444121,0.726234,-0.2147141,0.4026726,0.7108035,-0.2051901,0.3748317,0.6706072,-0.1912429,0.2312019,0.757651,-0.1874008,-0.02773994,0.7906932,-0.1879641,-0.2257064,0.8311312,-0.08949052,0.2450097,0.72878,-0.08818164,0.02520266,0.7165619,-0.03061631,-0.2200115,0.7014662,-0.1661671,0.641499,0.7797961
72057594037941341,0,1.699283,9890.574,-0.1448383,0.2336772,0.7696391,-0.1903654,0.7893851,0.7694623,-0.2874516,0.5936428,0.824064,-0.26605,0.402393,0.727845,-0.2018939,0.2824861,0.6482517,-0.185163,0.2457075,0.6549498,-0.06586663,0.5940356,0.729755,-0.01204173,0.4444121,0.726234,-0.2147141,0.4026726,0.7108035,-0.2051901,0.3748317,0.6706072,-0.1912429,0.2312019,0.757651,-0.1874008,-0.02773994,0.7906932,-0.1879641,-0.2257064,0.8311312,-0.08949052,0.2450097,0.72878,-0.08818164,0.02520266,0.7165619,-0.03061631,-0.2200115,0.7014662,-0.1661671,0.641499,0.7797961
72057594037941341,0,1.699283,9890.576,-0.1448383,0.2336772,0.7696391,-0.1903654,0.7893851,0.7694623,-0.2874516,0.5936428,0.824064,-0.26605,0.402393,0.727845,-0.2018939,0.2824861,0.6482517,-0.185163,0.2457075,0.6549498,-0.06586663,0.5940356,0.729755,-0.01204173,0.4444121,0.726234,-0.2147141,0.4026726,0.7108035,-0.2051901,0.3748317,0.6706072,-0.1912429,0.2312019,0.757651,-0.1874008,-0.02773994,0.7906932,-0.1879641,-0.2257064,0.8311312,-0.08949052,0.2450097,0.72878,-0.08818164,0.02520266,0.7165619,-0.03061631,-0.2200115,0.7014662,-0.1661671,0.641499,0.7797961
72057594037941341,0,1.699283,9890.579,-0.1448383,0.2336772,0.7696391,-0.1903654,0.7893851,0.7694623,-0.2874516,0.5936428,0.824064,-0.26605,0.402393,0.727845,-0.2018939,0.2824861,0.6482517,-0.185163,0.2457075,0.6549498,-0.06586663,0.5940356,0.729755,-0.01204173,0.4444121,0.726234,-0.2147141,0.4026726,0.7108035,-0.2051901,0.3748317,0.6706072,-0.1912429,0.2312019,0.757651,-0.1874008,-0.02773994,0.7906932,-0.1879641,-0.2257064,0.8311312,-0.08949052,0.2450097,0.72878,-0.08818164,0.02520266,0.7165619,-0.03061631,-0.2200115,0.7014662,-0.1661671,0.641499,0.7797961
72057594037941341,0,1.699283,9890.581,-0.1448383,0.2336772,0.7696391,-0.1903654,0.7893851,0.7694623,-0.2874516,0.5936428,0.824064,-0.26605,0.402393,0.727845,-0.2018939,0.2824861,0.6482517,-0.185163,0.2457075,0.6549498,-0.06586663,0.5940356,0.729755,-0.01204173,0.4444121,0.726234,-0.2147141,0.4026726,0.7108035,-0.2051901,0.3748317,0.6706072,-0.1912429,0.2312019,0.757651,-0.1874008,-0.02773994,0.7906932,-0.1879641,-0.2257064,0.8311312,-0.08949052,0.2450097,0.72878,-0.08818164,0.02520266,0.7165619,-0.03061631,-0.2200115,0.7014662,-0.1661671,0.641499,0.7797961
72057594037941341,0,1.699283,9890.587,-0.1448383,0.2336772,0.7696391,-0.1903654,0.7893851,0.7694623,-0.2874516,0.5936428,0.824064,-0.26605,0.402393,0.727845,-0.2018939,0.2824861,0.6482517,-0.185163,0.2457075,0.6549498,-0.06586663,0.5940356,0.729755,-0.01204173,0.4444121,0.726234,-0.2147141,0.4026726,0.7108035,-0.2051901,0.3748317,0.6706072,-0.1912429,0.2312019,0.757651,-0.1874008,-0.02773994,0.7906932,-0.1879641,-0.2257064,0.8311312,-0.08949052,0.2450097,0.72878,-0.08818164,0.02520266,0.7165619,-0.03061631,-0.2200115,0.7014662,-0.1661671,0.641499,0.7797961
72057594037941341,0,1.699283,9890.59,-0.1448383,0.2336772,0.7696391,-0.1903654,0.7893851,0.7694623,-0.2874516,0.5936428,0.824064,-0.26605,0.402393,0.727845,-0.2018939,0.2824861,0.6482517,-0.185163,0.2457075,0.6549498,-0.06586663,0.5940356,0.729755,-0.01204173,0.4444121,0.726234,-0.2147141,0.4026726,0.7108035,-0.2051901,0.3748317,0.6706072,-0.1912429,0.2312019,0.757651,-0.1874008,-0.02773994,0.7906932,-0.1879641,-0.2257064,0.8311312,-0.08949052,0.2450097,0.72878,-0.08818164,0.02520266,0.7165619,-0.03061631,-0.2200115,0.7014662,-0.1661671,0.641499,0.7797961
72057594037941341,0,1.699283,9890.592,-0.1448383,0.2336772,0.7696391,-0.1903654,0.7893851,0.7694623,-0.2874516,0.5936428,0.824064,-0.26605,0.402393,0.727845,-0.2018939,0.2824861,0.6482517,-0.185163,0.2457075,0.6549498,-0.06586663,0.5940356,0.729755,-0.01204173,0.4444121,0.726234,-0.2147141,0.4026726,0.7108035,-0.2051901,0.3748317,0.6706072,-0.1912429,0.2312019,0.757651,-0.1874008,-0.02773994,0.7906932,-0.1879641,-0.2257064,0.8311312,-0.08949052,0.2450097,0.72878,-0.08818164,0.02520266,0.7165619,-0.03061631,-0.2200115,0.7014662,-0.1661671,0.641499,0.7797961
72057594037941341,0,1.699283,9890.594,-0.1448383,0.2336772,0.7696391,-0.1903654,0.7893851,0.7694623,-0.2874516,0.5936428,0.824064,-0.26605,0.402393,0.727845,-0.2018939,0.2824861,0.6482517,-0.185163,0.2457075,0.6549498,-0.06586663,0.5940356,0.729755,-0.01204173,0.4444121,0.726234,-0.2147141,0.4026726,0.7108035,-0.2051901,0.3748317,0.6706072,-0.1912429,0.2312019,0.757651,-0.1874008,-0.02773994,0.7906932,-0.1879641,-0.2257064,0.8311312,-0.08949052,0.2450097,0.72878,-0.08818164,0.02520266,0.7165619,-0.03061631,-0.2200115,0.7014662,-0.1661671,0.641499,0.7797961
72057594037941341,0,1.699283,9890.596,-0.1448383,0.2336772,0.7696391,-0.1903654,0.7893851,0.7694623,-0.2874516,0.5936428,0.824064,-0.26605,0.402393,0.727845,-0.2018939,0.2824861,0.6482517,-0.185163,0.2457075,0.6549498,-0.06586663,0.5940356,0.729755,-0.01204173,0.4444121,0.726234,-0.2147141,0.4026726,0.7108035,-0.2051901,0.3748317,0.6706072,-0.1912429,0.2312019,0.757651,-0.1874008,-0.02773994,0.7906932,-0.1879641,-0.2257064,0.8311312,-0.08949052,0.2450097,0.72878,-0.08818164,0.02520266,0.7165619,-0.03061631,-0.2200115,0.7014662,-0.1661671,0.641499,0.7797961
72057594037941341,0,1.699283,9890.598,-0.1448383,0.2336772,0.7696391,-0.1903654,0.7893851,0.7694623,-0.2874516,0.5936428,0.824064,-0.26605,0.402393,0.727845,-0.2018939,0.2824861,0.6482517,-0.185163,0.2457075,0.6549498,-0.06586663,0.5940356,0.729755,-0.01204173,0.4444121,0.726234,-0.2147141,0.4026726,0.7108035,-0.2051901,0.3748317,0.6706072,-0.1912429,0.2312019,0.757651,-0.1874008,-0.02773994,0.7906932,-0.1879641,-0.2257064,0.8311312,-0.08949052,0.2450097,0.72878,-0.08818164,0.02520266,0.7165619,-0.03061631,-0.2200115,0.7014662,-0.1661671,0.641499,0.7797961
72057594037941341,0,1.699283,9890.6,-0.1448383,0.2336772,0.7696391,-0.1903654,0.7893851,0.7694623,-0.2874516,0.5936428,0.824064,-0.26605,0.402393,0.727845,-0.2018939,0.2824861,0.6482517,-0.185163,0.2457075,0.6549498,-0.06586663,0.5940356,0.729755,-0.01204173,0.4444121,0.726234,-0.2147141,0.4026726,0.7108035,-0.2051901,0.3748317,0.6706072,-0.1912429,0.2312019,0.757651,-0.1874008,-0.02773994,0.7906932,-0.1879641,-0.2257064,0.8311312,-0.08949052,0.2450097,0.72878,-0.08818164,0.02520266,0.7165619,-0.03061631,-0.2200115,0.7014662,-0.1661671,0.641499,0.7797961
72057594037941341,0,1.704053,9890.602,-0.1577199,0.2340264,0.7654235,-0.1994182,0.7880887,0.768187,-0.2963981,0.5927005,0.8248215,-0.2700794,0.4042216,0.7241889,-0.2186813,0.2347117,0.6499071,-0.2083453,0.1916067,0.6466892,-0.07365942,0.5920401,0.7303182,-0.02022094,0.4415371,0.7278045,-0.2229781,0.4009144,0.7116004,-0.2837101,0.3906298,0.7011972,-0.2034413,0.2302607,0.7536124,-0.1807838,-0.01340851,0.7556512,-0.1648994,-0.2360142,0.7763928,-0.1023088,0.2467168,0.7245138,-0.1069864,0.03097963,0.7017478,-0.04632114,-0.2146242,0.6636368,-0.1751884,0.6398667,0.7793939
72057594037941341,0,1.704053,9890.604,-0.1577199,0.2340264,0.7654235,-0.1994182,0.7880887,0.768187,-0.2963981,0.5927005,0.8248215,-0.2700794,0.4042216,0.7241889,-0.2186813,0.2347117,0.6499071,-0.2083453,0.1916067,0.6466892,-0.07365942,0.5920401,0.7303182,-0.02022094,0.4415371,0.7278045,-0.2229781,0.4009144,0.7116004,-0.2837101,0.3906298,0.7011972,-0.2034413,0.2302607,0.7536124,-0.1807838,-0.01340851,0.7556512,-0.1648994,-0.2360142,0.7763928,-0.1023088,0.2467168,0.7245138,-0.1069864,0.03097963,0.7017478,-0.04632114,-0.2146242,0.6636368,-0.1751884,0.6398667,0.7793939
72057594037941341,0,1.704053,9890.605,-0.1577199,0.2340264,0.7654235,-0.1994182,0.7880887,0.768187,-0.2963981,0.5927005,0.8248215,-0.2700794,0.4042216,0.7241889,-0.2186813,0.2347117,0.6499071,-0.2083453,0.1916067,0.6466892,-0.07365942,0.5920401,0.7303182,-0.02022094,0.4415371,0.7278045,-0.2229781,0.4009144,0.7116004,-0.2837101,0.3906298,0.7011972,-0.2034413,0.2302607,0.7536124,-0.1807838,-0.01340851,0.7556512,-0.1648994,-0.2360142,0.7763928,-0.1023088,0.2467168,0.7245138,-0.1069864,0.03097963,0.7017478,-0.04632114,-0.2146242,0.6636368,-0.1751884,0.6398667,0.7793939
72057594037941341,0,1.704053,9890.607,-0.1577199,0.2340264,0.7654235,-0.1994182,0.7880887,0.768187,-0.2963981,0.5927005,0.8248215,-0.2700794,0.4042216,0.7241889,-0.2186813,0.2347117,0.6499071,-0.2083453,0.1916067,0.6466892,-0.07365942,0.5920401,0.7303182,-0.02022094,0.4415371,0.7278045,-0.2229781,0.4009144,0.7116004,-0.2837101,0.3906298,0.7011972,-0.2034413,0.2302607,0.7536124,-0.1807838,-0.01340851,0.7556512,-0.1648994,-0.2360142,0.7763928,-0.1023088,0.2467168,0.7245138,-0.1069864,0.03097963,0.7017478,-0.04632114,-0.2146242,0.6636368,-0.1751884,0.6398667,0.7793939
72057594037941341,0,1.704053,9890.609,-0.1577199,0.2340264,0.7654235,-0.1994182,0.7880887,0.768187,-0.2963981,0.5927005,0.8248215,-0.2700794,0.4042216,0.7241889,-0.2186813,0.2347117,0.6499071,-0.2083453,0.1916067,0.6466892,-0.07365942,0.5920401,0.7303182,-0.02022094,0.4415371,0.7278045,-0.2229781,0.4009144,0.7116004,-0.2837101,0.3906298,0.7011972,-0.2034413,0.2302607,0.7536124,-0.1807838,-0.01340851,0.7556512,-0.1648994,-0.2360142,0.7763928,-0.1023088,0.2467168,0.7245138,-0.1069864,0.03097963,0.7017478,-0.04632114,-0.2146242,0.6636368,-0.1751884,0.6398667,0.7793939
72057594037941341,0,1.704053,9890.611,-0.1577199,0.2340264,0.7654235,-0.1994182,0.7880887,0.768187,-0.2963981,0.5927005,0.8248215,-0.2700794,0.4042216,0.7241889,-0.2186813,0.2347117,0.6499071,-0.2083453,0.1916067,0.6466892,-0.07365942,0.5920401,0.7303182,-0.02022094,0.4415371,0.7278045,-0.2229781,0.4009144,0.7116004,-0.2837101,0.3906298,0.7011972,-0.2034413,0.2302607,0.7536124,-0.1807838,-0.01340851,0.7556512,-0.1648994,-0.2360142,0.7763928,-0.1023088,0.2467168,0.7245138,-0.1069864,0.03097963,0.7017478,-0.04632114,-0.2146242,0.6636368,-0.1751884,0.6398667,0.7793939
72057594037941341,0,1.704053,9890.613,-0.1577199,0.2340264,0.7654235,-0.1994182,0.7880887,0.768187,-0.2963981,0.5927005,0.8248215,-0.2700794,0.4042216,0.7241889,-0.2186813,0.2347117,0.6499071,-0.2083453,0.1916067,0.6466892,-0.07365942,0.5920401,0.7303182,-0.02022094,0.4415371,0.7278045,-0.2229781,0.4009144,0.7116004,-0.2837101,0.3906298,0.7011972,-0.2034413,0.2302607,0.7536124,-0.1807838,-0.01340851,0.7556512,-0.1648994,-0.2360142,0.7763928,-0.1023088,0.2467168,0.7245138,-0.1069864,0.03097963,0.7017478,-0.04632114,-0.2146242,0.6636368,-0.1751884,0.6398667,0.7793939
72057594037941341,0,1.704053,9890.614,-0.1577199,0.2340264,0.7654235,-0.1994182,0.7880887,0.768187,-0.2963981,0.5927005,0.8248215,-0.2700794,0.4042216,0.7241889,-0.2186813,0.2347117,0.6499071,-0.2083453,0.1916067,0.6466892,-0.07365942,0.5920401,0.7303182,-0.02022094,0.4415371,0.7278045,-0.2229781,0.4009144,0.7116004,-0.2837101,0.3906298,0.7011972,-0.2034413,0.2302607,0.7536124,-0.1807838,-0.01340851,0.7556512,-0.1648994,-0.2360142,0.7763928,-0.1023088,0.2467168,0.7245138,-0.1069864,0.03097963,0.7017478,-0.04632114,-0.2146242,0.6636368,-0.1751884,0.6398667,0.7793939
72057594037941341,0,1.704053,9890.617,-0.1577199,0.2340264,0.7654235,-0.1994182,0.7880887,0.768187,-0.2963981,0.5927005,0.8248215,-0.2700794,0.4042216,0.7241889,-0.2186813,0.2347117,0.6499071,-0.2083453,0.1916067,0.6466892,-0.07365942,0.5920401,0.7303182,-0.02022094,0.4415371,0.7278045,-0.2229781,0.4009144,0.7116004,-0.2837101,0.3906298,0.7011972,-0.2034413,0.2302607,0.7536124,-0.1807838,-0.01340851,0.7556512,-0.1648994,-0.2360142,0.7763928,-0.1023088,0.2467168,0.7245138,-0.1069864,0.03097963,0.7017478,-0.04632114,-0.2146242,0.6636368,-0.1751884,0.6398667,0.7793939
72057594037941341,0,1.704053,9890.62,-0.1577199,0.2340264,0.7654235,-0.1994182,0.7880887,0.768187,-0.2963981,0.5927005,0.8248215,-0.2700794,0.4042216,0.7241889,-0.2186813,0.2347117,0.6499071,-0.2083453,0.1916067,0.6466892,-0.07365942,0.5920401,0.7303182,-0.02022094,0.4415371,0.7278045,-0.2229781,0.4009144,0.7116004,-0.2837101,0.3906298,0.7011972,-0.2034413,0.2302607,0.7536124,-0.1807838,-0.01340851,0.7556512,-0.1648994,-0.2360142,0.7763928,-0.1023088,0.2467168,0.7245138,-0.1069864,0.03097963,0.7017478,-0.04632114,-0.2146242,0.6636368,-0.1751884,0.6398667,0.7793939
72057594037941341,0,1.704053,9890.623,-0.1577199,0.2340264,0.7654235,-0.1994182,0.7880887,0.768187,-0.2963981,0.5927005,0.8248215,-0.2700794,0.4042216,0.7241889,-0.2186813,0.2347117,0.6499071,-0.2083453,0.1916067,0.6466892,-0.07365942,0.5920401,0.7303182,-0.02022094,0.4415371,0.7278045,-0.2229781,0.4009144,0.7116004,-0.2837101,0.3906298,0.7011972,-0.2034413,0.2302607,0.7536124,-0.1807838,-0.01340851,0.7556512,-0.1648994,-0.2360142,0.7763928,-0.1023088,0.2467168,0.7245138,-0.1069864,0.03097963,0.7017478,-0.04632114,-0.2146242,0.6636368,-0.1751884,0.6398667,0.7793939
72057594037941341,0,1.704053,9890.625,-0.1577199,0.2340264,0.7654235,-0.1994182,0.7880887,0.768187,-0.2963981,0.5927005,0.8248215,-0.2700794,0.4042216,0.7241889,-0.2186813,0.2347117,0.6499071,-0.2083453,0.1916067,0.6466892,-0.07365942,0.5920401,0.7303182,-0.02022094,0.4415371,0.7278045,-0.2229781,0.4009144,0.7116004,-0.2837101,0.3906298,0.7011972,-0.2034413,0.2302607,0.7536124,-0.1807838,-0.01340851,0.7556512,-0.1648994,-0.2360142,0.7763928,-0.1023088,0.2467168,0.7245138,-0.1069864,0.03097963,0.7017478,-0.04632114,-0.2146242,0.6636368,-0.1751884,0.6398667,0.7793939
72057594037941341,0,1.704053,9890.628,-0.1577199,0.2340264,0.7654235,-0.1994182,0.7880887,0.768187,-0.2963981,0.5927005,0.8248215,-0.2700794,0.4042216,0.7241889,-0.2186813,0.2347117,0.6499071,-0.2083453,0.1916067,0.6466892,-0.07365942,0.5920401,0.7303182,-0.02022094,0.4415371,0.7278045,-0.2229781,0.4009144,0.7116004,-0.2837101,0.3906298,0.7011972,-0.2034413,0.2302607,0.7536124,-0.1807838,-0.01340851,0.7556512,-0.1648994,-0.2360142,0.7763928,-0.1023088,0.2467168,0.7245138,-0.1069864,0.03097963,0.7017478,-0.04632114,-0.2146242,0.6636368,-0.1751884,0.6398667,0.7793939
72057594037941341,0,1.704053,9890.63,-0.1577199,0.2340264,0.7654235,-0.1994182,0.7880887,0.768187,-0.2963981,0.5927005,0.8248215,-0.2700794,0.4042216,0.7241889,-0.2186813,0.2347117,0.6499071,-0.2083453,0.1916067,0.6466892,-0.07365942,0.5920401,0.7303182,-0.02022094,0.4415371,0.7278045,-0.2229781,0.4009144,0.7116004,-0.2837101,0.3906298,0.7011972,-0.2034413,0.2302607,0.7536124,-0.1807838,-0.01340851,0.7556512,-0.1648994,-0.2360142,0.7763928,-0.1023088,0.2467168,0.7245138,-0.1069864,0.03097963,0.7017478,-0.04632114,-0.2146242,0.6636368,-0.1751884,0.6398667,0.7793939
72057594037941341,0,1.704053,9890.632,-0.1577199,0.2340264,0.7654235,-0.1994182,0.7880887,0.768187,-0.2963981,0.5927005,0.8248215,-0.2700794,0.4042216,0.7241889,-0.2186813,0.2347117,0.6499071,-0.2083453,0.1916067,0.6466892,-0.07365942,0.5920401,0.7303182,-0.02022094,0.4415371,0.7278045,-0.2229781,0.4009144,0.7116004,-0.2837101,0.3906298,0.7011972,-0.2034413,0.2302607,0.7536124,-0.1807838,-0.01340851,0.7556512,-0.1648994,-0.2360142,0.7763928,-0.1023088,0.2467168,0.7245138,-0.1069864,0.03097963,0.7017478,-0.04632114,-0.2146242,0.6636368,-0.1751884,0.6398667,0.7793939
72057594037941341,0,1.707066,9890.635,-0.1626566,0.234994,0.762207,-0.2079113,0.786453,0.7662175,-0.2958082,0.5927131,0.8250957,-0.27201,0.4047902,0.7227696,-0.2212446,0.2171894,0.6480877,-0.2110259,0.1731381,0.643957,-0.07191993,0.5922333,0.7299402,-0.02509887,0.4400105,0.7283515,-0.2279666,0.4003198,0.7120494,-0.2899802,0.3869128,0.7013118,-0.2078704,0.2310014,0.7512311,-0.1802124,-0.01090997,0.7517783,-0.1596831,-0.2346728,0.7714041,-0.1073866,0.2478957,0.7204438,-0.1280897,0.03255534,0.6783767,-0.1552167,-0.2191287,0.6553946,-0.1751754,0.6398706,0.7793102
72057594037941341,0,1.707066,9890.637,-0.1626566,0.234994,0.762207,-0.2079113,0.786453,0.7662175,-0.2958082,0.5927131,0.8250957,-0.27201,0.4047902,0.7227696,-0.2212446,0.2171894,0.6480877,-0.2110259,0.1731381,0.643957,-0.07191993,0.5922333,0.7299402,-0.02509887,0.4400105,0.7283515,-0.2279666,0.4003198,0.7120494,-0.2899802,0.3869128,0.7013118,-0.2078704,0.2310014,0.7512311,-0.1802124,-0.01090997,0.7517783,-0.1596831,-0.2346728,0.7714041,-0.1073866,0.2478957,0.7204438,-0.1280897,0.03255534,0.6783767,-0.1552167,-0.2191287,0.6553946,-0.1751754,0.6398706,0.7793102
72057594037941341,0,1.707066,9890.639,-0.1626566,0.234994,0.762207,-0.2079113,0.786453,0.7662175,-0.2958082,0.5927131,0.8250957,-0.27201,0.4047902,0.7227696,-0.2212446,0.2171894,0.6480877,-0.2110259,0.1731381,0.643957,-0.07191993,0.5922333,0.7299402,-0.02509887,0.4400105,0.7283515,-0.2279666,0.4003198,0.7120494,-0.2899802,0.3869128,0.7013118,-0.2078704,0.2310014,0.7512311,-0.1802124,-0.01090997,0.7517783,-0.1596831,-0.2346728,0.7714041,-0.1073866,0.2478957,0.7204438,-0.1280897,0.03255534,0.6783767,-0.1552167,-0.2191287,0.6553946,-0.1751754,0.6398706,0.7793102
72057594037941341,0,1.707066,9890.641,-0.1626566,0.234994,0.762207,-0.2079113,0.786453,0.7662175,-0.2958082,0.5927131,0.8250957,-0.27201,0.4047902,0.7227696,-0.2212446,0.2171894,0.6480877,-0.2110259,0.1731381,0.643957,-0.07191993,0.5922333,0.7299402,-0.02509887,0.4400105,0.7283515,-0.2279666,0.4003198,0.7120494,-0.2899802,0.3869128,0.7013118,-0.2078704,0.2310014,0.7512311,-0.1802124,-0.01090997,0.7517783,-0.1596831,-0.2346728,0.7714041,-0.1073866,0.2478957,0.7204438,-0.1280897,0.03255534,0.6783767,-0.1552167,-0.2191287,0.6553946,-0.1751754,0.6398706,0.7793102
72057594037941341,0,1.707066,9890.643,-0.1626566,0.234994,0.762207,-0.2079113,0.786453,0.7662175,-0.2958082,0.5927131,0.8250957,-0.27201,0.4047902,0.7227696,-0.2212446,0.2171894,0.6480877,-0.2110259,0.1731381,0.643957,-0.07191993,0.5922333,0.7299402,-0.02509887,0.4400105,0.7283515,-0.2279666,0.4003198,0.7120494,-0.2899802,0.3869128,0.7013118,-0.2078704,0.2310014,0.7512311,-0.1802124,-0.01090997,0.7517783,-0.1596831,-0.2346728,0.7714041,-0.1073866,0.2478957,0.7204438,-0.1280897,0.03255534,0.6783767,-0.1552167,-0.2191287,0.6553946,-0.1751754,0.6398706,0.7793102
72057594037941341,0,1.707066,9890.645,-0.1626566,0.234994,0.762207,-0.2079113,0.786453,0.7662175,-0.2958082,0.5927131,0.8250957,-0.27201,0.4047902,0.7227696,-0.2212446,0.2171894,0.6480877,-0.2110259,0.1731381,0.643957,-0.07191993,0.5922333,0.7299402,-0.02509887,0.4400105,0.7283515,-0.2279666,0.4003198,0.7120494,-0.2899802,0.3869128,0.7013118,-0.2078704,0.2310014,0.7512311,-0.1802124,-0.01090997,0.7517783,-0.1596831,-0.2346728,0.7714041,-0.1073866,0.2478957,0.7204438,-0.1280897,0.03255534,0.6783767,-0.1552167,-0.2191287,0.6553946,-0.1751754,0.6398706,0.7793102
72057594037941341,0,1.707066,9890.646,-0.1626566,0.234994,0.762207,-0.2079113,0.786453,0.7662175,-0.2958082,0.5927131,0.8250957,-0.27201,0.4047902,0.7227696,-0.2212446,0.2171894,0.6480877,-0.2110259,0.1731381,0.643957,-0.07191993,0.5922333,0.7299402,-0.02509887,0.4400105,0.7283515,-0.2279666,0.4003198,0.7120494,-0.2899802,0.3869128,0.7013118,-0.2078704,0.2310014,0.7512311,-0.1802124,-0.01090997,0.7517783,-0.1596831,-0.2346728,0.7714041,-0.1073866,0.2478957,0.7204438,-0.1280897,0.03255534,0.6783767,-0.1552167,-0.2191287,0.6553946,-0.1751754,0.6398706,0.7793102
72057594037941341,0,1.707066,9890.648,-0.1626566,0.234994,0.762207,-0.2079113,0.786453,0.7662175,-0.2958082,0.5927131,0.8250957,-0.27201,0.4047902,0.7227696,-0.2212446,0.2171894,0.6480877,-0.2110259,0.1731381,0.643957,-0.07191993,0.5922333,0.7299402,-0.02509887,0.4400105,0.7283515,-0.2279666,0.4003198,0.7120494,-0.2899802,0.3869128,0.7013118,-0.2078704,0.2310014,0.7512311,-0.1802124,-0.01090997,0.7517783,-0.1596831,-0.2346728,0.7714041,-0.1073866,0.2478957,0.7204438,-0.1280897,0.03255534,0.6783767,-0.1552167,-0.2191287,0.6553946,-0.1751754,0.6398706,0.7793102
72057594037941341,0,1.707066,9890.65,-0.1626566,0.234994,0.762207,-0.2079113,0.786453,0.7662175,-0.2958082,0.5927131,0.8250957,-0.27201,0.4047902,0.7227696,-0.2212446,0.2171894,0.6480877,-0.2110259,0.1731381,0.643957,-0.07191993,0.5922333,0.7299402,-0.02509887,0.4400105,0.7283515,-0.2279666,0.4003198,0.7120494,-0.2899802,0.3869128,0.7013118,-0.2078704,0.2310014,0.7512311,-0.1802124,-0.01090997,0.7517783,-0.1596831,-0.2346728,0.7714041,-0.1073866,0.2478957,0.7204438,-0.1280897,0.03255534,0.6783767,-0.1552167,-0.2191287,0.6553946,-0.1751754,0.6398706,0.7793102
72057594037941341,0,1.707066,9890.652,-0.1626566,0.234994,0.762207,-0.2079113,0.786453,0.7662175,-0.2958082,0.5927131,0.8250957,-0.27201,0.4047902,0.7227696,-0.2212446,0.2171894,0.6480877,-0.2110259,0.1731381,0.643957,-0.07191993,0.5922333,0.7299402,-0.02509887,0.4400105,0.7283515,-0.2279666,0.4003198,0.7120494,-0.2899802,0.3869128,0.7013118,-0.2078704,0.2310014,0.7512311,-0.1802124,-0.01090997,0.7517783,-0.1596831,-0.2346728,0.7714041,-0.1073866,0.2478957,0.7204438,-0.1280897,0.03255534,0.6783767,-0.1552167,-0.2191287,0.6553946,-0.1751754,0.6398706,0.7793102
72057594037941341,0,1.707066,9890.654,-0.1626566,0.234994,0.762207,-0.2079113,0.786453,0.7662175,-0.2958082,0.5927131,0.8250957,-0.27201,0.4047902,0.7227696,-0.2212446,0.2171894,0.6480877,-0.2110259,0.1731381,0.643957,-0.07191993,0.5922333,0.7299402,-0.02509887,0.4400105,0.7283515,-0.2279666,0.4003198,0.7120494,-0.2899802,0.3869128,0.7013118,-0.2078704,0.2310014,0.7512311,-0.1802124,-0.01090997,0.7517783,-0.1596831,-0.2346728,0.7714041,-0.1073866,0.2478957,0.7204438,-0.1280897,0.03255534,0.6783767,-0.1552167,-0.2191287,0.6553946,-0.1751754,0.6398706,0.7793102
72057594037941341,0,1.707066,9890.656,-0.1626566,0.234994,0.762207,-0.2079113,0.786453,0.7662175,-0.2958082,0.5927131,0.8250957,-0.27201,0.4047902,0.7227696,-0.2212446,0.2171894,0.6480877,-0.2110259,0.1731381,0.643957,-0.07191993,0.5922333,0.7299402,-0.02509887,0.4400105,0.7283515,-0.2279666,0.4003198,0.7120494,-0.2899802,0.3869128,0.7013118,-0.2078704,0.2310014,0.7512311,-0.1802124,-0.01090997,0.7517783,-0.1596831,-0.2346728,0.7714041,-0.1073866,0.2478957,0.7204438,-0.1280897,0.03255534,0.6783767,-0.1552167,-0.2191287,0.6553946,-0.1751754,0.6398706,0.7793102
72057594037941341,0,1.707066,9890.66,-0.1626566,0.234994,0.762207,-0.2079113,0.786453,0.7662175,-0.2958082,0.5927131,0.8250957,-0.27201,0.4047902,0.7227696,-0.2212446,0.2171894,0.6480877,-0.2110259,0.1731381,0.643957,-0.07191993,0.5922333,0.7299402,-0.02509887,0.4400105,0.7283515,-0.2279666,0.4003198,0.7120494,-0.2899802,0.3869128,0.7013118,-0.2078704,0.2310014,0.7512311,-0.1802124,-0.01090997,0.7517783,-0.1596831,-0.2346728,0.7714041,-0.1073866,0.2478957,0.7204438,-0.1280897,0.03255534,0.6783767,-0.1552167,-0.2191287,0.6553946,-0.1751754,0.6398706,0.7793102
72057594037941341,0,1.707066,9890.662,-0.1626566,0.234994,0.762207,-0.2079113,0.786453,0.7662175,-0.2958082,0.5927131,0.8250957,-0.27201,0.4047902,0.7227696,-0.2212446,0.2171894,0.6480877,-0.2110259,0.1731381,0.643957,-0.07191993,0.5922333,0.7299402,-0.02509887,0.4400105,0.7283515,-0.2279666,0.4003198,0.7120494,-0.2899802,0.3869128,0.7013118,-0.2078704,0.2310014,0.7512311,-0.1802124,-0.01090997,0.7517783,-0.1596831,-0.2346728,0.7714041,-0.1073866,0.2478957,0.7204438,-0.1280897,0.03255534,0.6783767,-0.1552167,-0.2191287,0.6553946,-0.1751754,0.6398706,0.7793102
72057594037941341,0,1.707066,9890.665,-0.1626566,0.234994,0.762207,-0.2079113,0.786453,0.7662175,-0.2958082,0.5927131,0.8250957,-0.27201,0.4047902,0.7227696,-0.2212446,0.2171894,0.6480877,-0.2110259,0.1731381,0.643957,-0.07191993,0.5922333,0.7299402,-0.02509887,0.4400105,0.7283515,-0.2279666,0.4003198,0.7120494,-0.2899802,0.3869128,0.7013118,-0.2078704,0.2310014,0.7512311,-0.1802124,-0.01090997,0.7517783,-0.1596831,-0.2346728,0.7714041,-0.1073866,0.2478957,0.7204438,-0.1280897,0.03255534,0.6783767,-0.1552167,-0.2191287,0.6553946,-0.1751754,0.6398706,0.7793102
72057594037941341,0,1.711013,9890.667,-0.1671128,0.2351737,0.7582704,-0.2153444,0.7846748,0.7626942,-0.3094457,0.5886886,0.8239061,-0.2805521,0.4004907,0.723501,-0.2240329,0.2156447,0.6477618,-0.2130177,0.1713977,0.641351,-0.08492838,0.5891628,0.728323,-0.0282007,0.4419754,0.7261944,-0.2307213,0.4004523,0.7113563,-0.2929134,0.3787559,0.698615,-0.2120505,0.230466,0.7482155,-0.1794059,-0.0090895,0.7464933,-0.1540217,-0.2344703,0.7643446,-0.1118314,0.2489119,0.7155279,-0.1447086,0.03800327,0.6668689,-0.1864175,-0.2112163,0.6358335,-0.1857516,0.6382997,0.7768703
72057594037941341,0,1.711013,9890.669,-0.1671128,0.2351737,0.7582704,-0.2153444,0.7846748,0.7626942,-0.3094457,0.5886886,0.8239061,-0.2805521,0.4004907,0.723501,-0.2240329,0.2156447,0.6477618,-0.2130177,0.1713977,0.641351,-0.08492838,0.5891628,0.728323,-0.0282007,0.4419754,0.7261944,-0.2307213,0.4004523,0.7113563,-0.2929134,0.3787559,0.698615,-0.2120505,0.230466,0.7482155,-0.1794059,-0.0090895,0.7464933,-0.1540217,-0.2344703,0.7643446,-0.1118314,0.2489119,0.7155279,-0.1447086,0.03800327,0.6668689,-0.1864175,-0.2112163,0.6358335,-0.1857516,0.6382997,0.7768703
72057594037941341,0,1.711013,9890.672,-0.1671128,0.2351737,0.7582704,-0.2153444,0.7846748,0.7626942,-0.3094457,0.5886886,0.8239061,-0.2805521,0.4004907,0.723501,-0.2240329,0.2156447,0.6477618,-0.2130177,0.1713977,0.641351,-0.08492838,0.5891628,0.728323,-0.0282007,0.4419754,0.7261944,-0.2307213,0.4004523,0.7113563,-0.2929134,0.3787559,0.698615,-0.2120505,0.230466,0.7482155,-0.1794059,-0.0090895,0.7464933,-0.1540217,-0.2344703,0.7643446,-0.1118314,0.2489119,0.7155279,-0.1447086,0.03800327,0.6668689,-0.1864175,-0.2112163,0.6358335,-0.1857516,0.6382997,0.7768703
72057594037941341,0,1.711013,9890.674,-0.1671128,0.2351737,0.7582704,-0.2153444,0.7846748,0.7626942,-0.3094457,0.5886886,0.8239061,-0.2805521,0.4004907,0.723501,-0.2240329,0.2156447,0.6477618,-0.2130177,0.1713977,0.641351,-0.08492838,0.5891628,0.728323,-0.0282007,0.4419754,0.7261944,-0.2307213,0.4004523,0.7113563,-0.2929134,0.3787559,0.698615,-0.2120505,0.230466,0.7482155,-0.1794059,-0.0090895,0.7464933,-0.1540217,-0.2344703,0.7643446,-0.1118314,0.2489119,0.7155279,-0.1447086,0.03800327,0.6668689,-0.1864175,-0.2112163,0.6358335,-0.1857516,0.6382997,0.7768703
72057594037941341,0,1.711013,9890.676,-0.1671128,0.2351737,0.7582704,-0.2153444,0.7846748,0.7626942,-0.3094457,0.5886886,0.8239061,-0.2805521,0.4004907,0.723501,-0.2240329,0.2156447,0.6477618,-0.2130177,0.1713977,0.641351,-0.08492838,0.5891628,0.728323,-0.0282007,0.4419754,0.7261944,-0.2307213,0.4004523,0.7113563,-0.2929134,0.3787559,0.698615,-0.2120505,0.230466,0.7482155,-0.1794059,-0.0090895,0.7464933,-0.1540217,-0.2344703,0.7643446,-0.1118314,0.2489119,0.7155279,-0.1447086,0.03800327,0.6668689,-0.1864175,-0.2112163,0.6358335,-0.1857516,0.6382997,0.7768703
72057594037941341,0,1.711013,9890.679,-0.1671128,0.2351737,0.7582704,-0.2153444,0.7846748,0.7626942,-0.3094457,0.5886886,0.8239061,-0.2805521,0.4004907,0.723501,-0.2240329,0.2156447,0.6477618,-0.2130177,0.1713977,0.641351,-0.08492838,0.5891628,0.728323,-0.0282007,0.4419754,0.7261944,-0.2307213,0.4004523,0.7113563,-0.2929134,0.3787559,0.698615,-0.2120505,0.230466,0.7482155,-0.1794059,-0.0090895,0.7464933,-0.1540217,-0.2344703,0.7643446,-0.1118314,0.2489119,0.7155279,-0.1447086,0.03800327,0.6668689,-0.1864175,-0.2112163,0.6358335,-0.1857516,0.6382997,0.7768703
72057594037941341,0,1.711013,9890.681,-0.1671128,0.2351737,0.7582704,-0.2153444,0.7846748,0.7626942,-0.3094457,0.5886886,0.8239061,-0.2805521,0.4004907,0.723501,-0.2240329,0.2156447,0.6477618,-0.2130177,0.1713977,0.641351,-0.08492838,0.5891628,0.728323,-0.0282007,0.4419754,0.7261944,-0.2307213,0.4004523,0.7113563,-0.2929134,0.3787559,0.698615,-0.2120505,0.230466,0.7482155,-0.1794059,-0.0090895,0.7464933,-0.1540217,-0.2344703,0.7643446,-0.1118314,0.2489119,0.7155279,-0.1447086,0.03800327,0.6668689,-0.1864175,-0.2112163,0.6358335,-0.1857516,0.6382997,0.7768703
72057594037941341,0,1.711013,9890.683,-0.1671128,0.2351737,0.7582704,-0.2153444,0.7846748,0.7626942,-0.3094457,0.5886886,0.8239061,-0.2805521,0.4004907,0.723501,-0.2240329,0.2156447,0.6477618,-0.2130177,0.1713977,0.641351,-0.08492838,0.5891628,0.728323,-0.0282007,0.4419754,0.7261944,-0.2307213,0.4004523,0.7113563,-0.2929134,0.3787559,0.698615,-0.2120505,0.230466,0.7482155,-0.1794059,-0.0090895,0.7464933,-0.1540217,-0.2344703,0.7643446,-0.1118314,0.2489119,0.7155279,-0.1447086,0.03800327,0.6668689,-0.1864175,-0.2112163,0.6358335,-0.1857516,0.6382997,0.7768703
72057594037941341,0,1.711013,9890.685,-0.1671128,0.2351737,0.7582704,-0.2153444,0.7846748,0.7626942,-0.3094457,0.5886886,0.8239061,-0.2805521,0.4004907,0.723501,-0.2240329,0.2156447,0.6477618,-0.2130177,0.1713977,0.641351,-0.08492838,0.5891628,0.728323,-0.0282007,0.4419754,0.7261944,-0.2307213,0.4004523,0.7113563,-0.2929134,0.3787559,0.698615,-0.2120505,0.230466,0.7482155,-0.1794059,-0.0090895,0.7464933,-0.1540217,-0.2344703,0.7643446,-0.1118314,0.2489119,0.7155279,-0.1447086,0.03800327,0.6668689,-0.1864175,-0.2112163,0.6358335,-0.1857516,0.6382997,0.7768703
72057594037941341,0,1.711013,9890.687,-0.1671128,0.2351737,0.7582704,-0.2153444,0.7846748,0.7626942,-0.3094457,0.5886886,0.8239061,-0.2805521,0.4004907,0.723501,-0.2240329,0.2156447,0.6477618,-0.2130177,0.1713977,0.641351,-0.08492838,0.5891628,0.728323,-0.0282007,0.4419754,0.7261944,-0.2307213,0.4004523,0.7113563,-0.2929134,0.3787559,0.698615,-0.2120505,0.230466,0.7482155,-0.1794059,-0.0090895,0.7464933,-0.1540217,-0.2344703,0.7643446,-0.1118314,0.2489119,0.7155279,-0.1447086,0.03800327,0.6668689,-0.1864175,-0.2112163,0.6358335,-0.1857516,0.6382997,0.7768703
72057594037941341,0,1.711013,9890.688,-0.1671128,0.2351737,0.7582704,-0.2153444,0.7846748,0.7626942,-0.3094457,0.5886886,0.8239061,-0.2805521,0.4004907,0.723501,-0.2240329,0.2156447,0.6477618,-0.2130177,0.1713977,0.641351,-0.08492838,0.5891628,0.728323,-0.0282007,0.4419754,0.7261944,-0.2307213,0.4004523,0.7113563,-0.2929134,0.3787559,0.698615,-0.2120505,0.230466,0.7482155,-0.1794059,-0.0090895,0.7464933,-0.1540217,-0.2344703,0.7643446,-0.1118314,0.2489119,0.7155279,-0.1447086,0.03800327,0.6668689,-0.1864175,-0.2112163,0.6358335,-0.1857516,0.6382997,0.7768703
72057594037941341,0,1.711013,9890.69,-0.1671128,0.2351737,0.7582704,-0.2153444,0.7846748,0.7626942,-0.3094457,0.5886886,0.8239061,-0.2805521,0.4004907,0.723501,-0.2240329,0.2156447,0.6477618,-0.2130177,0.1713977,0.641351,-0.08492838,0.5891628,0.728323,-0.0282007,0.4419754,0.7261944,-0.2307213,0.4004523,0.7113563,-0.2929134,0.3787559,0.698615,-0.2120505,0.230466,0.7482155,-0.1794059,-0.0090895,0.7464933,-0.1540217,-0.2344703,0.7643446,-0.1118314,0.2489119,0.7155279,-0.1447086,0.03800327,0.6668689,-0.1864175,-0.2112163,0.6358335,-0.1857516,0.6382997,0.7768703
72057594037941341,0,1.711013,9890.692,-0.1671128,0.2351737,0.7582704,-0.2153444,0.7846748,0.7626942,-0.3094457,0.5886886,0.8239061,-0.2805521,0.4004907,0.723501,-0.2240329,0.2156447,0.6477618,-0.2130177,0.1713977,0.641351,-0.08492838,0.5891628,0.728323,-0.0282007,0.4419754,0.7261944,-0.2307213,0.4004523,0.7113563,-0.2929134,0.3787559,0.698615,-0.2120505,0.230466,0.7482155,-0.1794059,-0.0090895,0.7464933,-0.1540217,-0.2344703,0.7643446,-0.1118314,0.2489119,0.7155279,-0.1447086,0.03800327,0.6668689,-0.1864175,-0.2112163,0.6358335,-0.1857516,0.6382997,0.7768703
72057594037941341,0,1.711013,9890.693,-0.1671128,0.2351737,0.7582704,-0.2153444,0.7846748,0.7626942,-0.3094457,0.5886886,0.8239061,-0.2805521,0.4004907,0.723501,-0.2240329,0.2156447,0.6477618,-0.2130177,0.1713977,0.641351,-0.08492838,0.5891628,0.728323,-0.0282007,0.4419754,0.7261944,-0.2307213,0.4004523,0.7113563,-0.2929134,0.3787559,0.698615,-0.2120505,0.230466,0.7482155,-0.1794059,-0.0090895,0.7464933,-0.1540217,-0.2344703,0.7643446,-0.1118314,0.2489119,0.7155279,-0.1447086,0.03800327,0.6668689,-0.1864175,-0.2112163,0.6358335,-0.1857516,0.6382997,0.7768703
72057594037941341,0,1.711013,9890.695,-0.1671128,0.2351737,0.7582704,-0.2153444,0.7846748,0.7626942,-0.3094457,0.5886886,0.8239061,-0.2805521,0.4004907,0.723501,-0.2240329,0.2156447,0.6477618,-0.2130177,0.1713977,0.641351,-0.08492838,0.5891628,0.728323,-0.0282007,0.4419754,0.7261944,-0.2307213,0.4004523,0.7113563,-0.2929134,0.3787559,0.698615,-0.2120505,0.230466,0.7482155,-0.1794059,-0.0090895,0.7464933,-0.1540217,-0.2344703,0.7643446,-0.1118314,0.2489119,0.7155279,-0.1447086,0.03800327,0.6668689,-0.1864175,-0.2112163,0.6358335,-0.1857516,0.6382997,0.7768703
72057594037941341,0,1.711013,9890.698,-0.1671128,0.2351737,0.7582704,-0.2153444,0.7846748,0.7626942,-0.3094457,0.5886886,0.8239061,-0.2805521,0.4004907,0.723501,-0.2240329,0.2156447,0.6477618,-0.2130177,0.1713977,0.641351,-0.08492838,0.5891628,0.728323,-0.0282007,0.4419754,0.7261944,-0.2307213,0.4004523,0.7113563,-0.2929134,0.3787559,0.698615,-0.2120505,0.230466,0.7482155,-0.1794059,-0.0090895,0.7464933,-0.1540217,-0.2344703,0.7643446,-0.1118314,0.2489119,0.7155279,-0.1447086,0.03800327,0.6668689,-0.1864175,-0.2112163,0.6358335,-0.1857516,0.6382997,0.7768703
72057594037941341,0,1.7198,9890.7,-0.1805297,0.2353378,0.7500052,-0.2222539,0.7826642,0.7571702,-0.3151233,0.5861625,0.8208099,-0.3129289,0.3940208,0.7243534,-0.2264152,0.2172976,0.6486508,-0.2022291,0.1634259,0.6386232,-0.09356451,0.5874174,0.7244769,-0.03488095,0.4391673,0.7261254,-0.2219423,0.424619,0.630419,-0.2251109,0.4025364,0.6399447,-0.2257815,0.2298359,0.7411932,-0.1901115,-0.007110864,0.7362773,-0.1616229,-0.2353063,0.7514756,-0.1239979,0.2498491,0.7063304,-0.1577262,0.03938425,0.6541913,-0.02720082,-0.1746804,0.6920969,-0.1929649,0.6381185,0.7736963
72057594037941341,0,1.7198,9890.703,-0.1805297,0.2353378,0.7500052,-0.2222539,0.7826642,0.7571702,-0.3151233,0.5861625,0.8208099,-0.3129289,0.3940208,0.7243534,-0.2264152,0.2172976,0.6486508,-0.2022291,0.1634259,0.6386232,-0.09356451,0.5874174,0.7244769,-0.03488095,0.4391673,0.7261254,-0.2219423,0.424619,0.630419,-0.2251109,0.4025364,0.6399447,-0.2257815,0.2298359,0.7411932,-0.1901115,-0.007110864,0.7362773,-0.1616229,-0.2353063,0.7514756,-0.1239979,0.2498491,0.7063304,-0.1577262,0.03938425,0.6541913,-0.02720082,-0.1746804,0.6920969,-0.1929649,0.6381185,0.7736963
72057594037941341,0,1.7198,9890.705,-0.1805297,0.2353378,0.7500052,-0.2222539,0.7826642,0.7571702,-0.3151233,0.5861625,0.8208099,-0.3129289,0.3940208,0.7243534,-0.2264152,0.2172976,0.6486508,-0.2022291,0.1634259,0.6386232,-0.09356451,0.5874174,0.7244769,-0.03488095,0.4391673,0.7261254,-0.2219423,0.424619,0.630419,-0.2251109,0.4025364,0.6399447,-0.2257815,0.2298359,0.7411932,-0.1901115,-0.007110864,0.7362773,-0.1616229,-0.2353063,0.7514756,-0.1239979,0.2498491,0.7063304,-0.1577262,0.03938425,0.6541913,-0.02720082,-0.1746804,0.6920969,-0.1929649,0.6381185,0.7736963
72057594037941341,0,1.7198,9890.707,-0.1805297,0.2353378,0.7500052,-0.2222539,0.7826642,0.7571702,-0.3151233,0.5861625,0.8208099,-0.3129289,0.3940208,0.7243534,-0.2264152,0.2172976,0.6486508,-0.2022291,0.1634259,0.6386232,-0.09356451,0.5874174,0.7244769,-0.03488095,0.4391673,0.7261254,-0.2219423,0.424619,0.630419,-0.2251109,0.4025364,0.6399447,-0.2257815,0.2298359,0.7411932,-0.1901115,-0.007110864,0.7362773,-0.1616229,-0.2353063,0.7514756,-0.1239979,0.2498491,0.7063304,-0.1577262,0.03938425,0.6541913,-0.02720082,-0.1746804,0.6920969,-0.1929649,0.6381185,0.7736963
72057594037941341,0,1.7198,9890.709,-0.1805297,0.2353378,0.7500052,-0.2222539,0.7826642,0.7571702,-0.3151233,0.5861625,0.8208099,-0.3129289,0.3940208,0.7243534,-0.2264152,0.2172976,0.6486508,-0.2022291,0.1634259,0.6386232,-0.09356451,0.5874174,0.7244769,-0.03488095,0.4391673,0.7261254,-0.2219423,0.424619,0.630419,-0.2251109,0.4025364,0.6399447,-0.2257815,0.2298359,0.7411932,-0.1901115,-0.007110864,0.7362773,-0.1616229,-0.2353063,0.7514756,-0.1239979,0.2498491,0.7063304,-0.1577262,0.03938425,0.6541913,-0.02720082,-0.1746804,0.6920969,-0.1929649,0.6381185,0.7736963
72057594037941341,0,1.7198,9890.711,-0.1805297,0.2353378,0.7500052,-0.2222539,0.7826642,0.7571702,-0.3151233,0.5861625,0.8208099,-0.3129289,0.3940208,0.7243534,-0.2264152,0.2172976,0.6486508,-0.2022291,0.1634259,0.6386232,-0.09356451,0.5874174,0.7244769,-0.03488095,0.4391673,0.7261254,-0.2219423,0.424619,0.630419,-0.2251109,0.4025364,0.6399447,-0.2257815,0.2298359,0.7411932,-0.1901115,-0.007110864,0.7362773,-0.1616229,-0.2353063,0.7514756,-0.1239979,0.2498491,0.7063304,-0.1577262,0.03938425,0.6541913,-0.02720082,-0.1746804,0.6920969,-0.1929649,0.6381185,0.7736963
72057594037941341,0,1.7198,9890.713,-0.1805297,0.2353378,0.7500052,-0.2222539,0.7826642,0.7571702,-0.3151233,0.5861625,0.8208099,-0.3129289,0.3940208,0.7243534,-0.2264152,0.2172976,0.6486508,-0.2022291,0.1634259,0.6386232,-0.09356451,0.5874174,0.7244769,-0.03488095,0.4391673,0.7261254,-0.2219423,0.424619,0.630419,-0.2251109,0.4025364,0.6399447,-0.2257815,0.2298359,0.7411932,-0.1901115,-0.007110864,0.7362773,-0.1616229,-0.2353063,0.7514756,-0.1239979,0.2498491,0.7063304,-0.1577262,0.03938425,0.6541913,-0.02720082,-0.1746804,0.6920969,-0.1929649,0.6381185,0.7736963
72057594037941341,0,1.7198,9890.716,-0.1805297,0.2353378,0.7500052,-0.2222539,0.7826642,0.7571702,-0.3151233,0.5861625,0.8208099,-0.3129289,0.3940208,0.7243534,-0.2264152,0.2172976,0.6486508,-0.2022291,0.1634259,0.6386232,-0.09356451,0.5874174,0.7244769,-0.03488095,0.4391673,0.7261254,-0.2219423,0.424619,0.630419,-0.2251109,0.4025364,0.6399447,-0.2257815,0.2298359,0.7411932,-0.1901115,-0.007110864,0.7362773,-0.1616229,-0.2353063,0.7514756,-0.1239979,0.2498491,0.7063304,-0.1577262,0.03938425,0.6541913,-0.02720082,-0.1746804,0.6920969,-0.1929649,0.6381185,0.7736963
72057594037941341,0,1.7198,9890.717,-0.1805297,0.2353378,0.7500052,-0.2222539,0.7826642,0.7571702,-0.3151233,0.5861625,0.8208099,-0.3129289,0.3940208,0.7243534,-0.2264152,0.2172976,0.6486508,-0.2022291,0.1634259,0.6386232,-0.09356451,0.5874174,0.7244769,-0.03488095,0.4391673,0.7261254,-0.2219423,0.424619,0.630419,-0.2251109,0.4025364,0.6399447,-0.2257815,0.2298359,0.7411932,-0.1901115,-0.007110864,0.7362773,-0.1616229,-0.2353063,0.7514756,-0.1239979,0.2498491,0.7063304,-0.1577262,0.03938425,0.6541913,-0.02720082,-0.1746804,0.6920969,-0.1929649,0.6381185,0.7736963
72057594037941341,0,1.7198,9890.719,-0.1805297,0.2353378,0.7500052,-0.2222539,0.7826642,0.7571702,-0.3151233,0.5861625,0.8208099,-0.3129289,0.3940208,0.7243534,-0.2264152,0.2172976,0.6486508,-0.2022291,0.1634259,0.6386232,-0.09356451,0.5874174,0.7244769,-0.03488095,0.4391673,0.7261254,-0.2219423,0.424619,0.630419,-0.2251109,0.4025364,0.6399447,-0.2257815,0.2298359,0.7411932,-0.1901115,-0.007110864,0.7362773,-0.1616229,-0.2353063,0.7514756,-0.1239979,0.2498491,0.7063304,-0.1577262,0.03938425,0.6541913,-0.02720082,-0.1746804,0.6920969,-0.1929649,0.6381185,0.7736963
72057594037941341,0,1.7198,9890.721,-0.1805297,0.2353378,0.7500052,-0.2222539,0.7826642,0.7571702,-0.3151233,0.5861625,0.8208099,-0.3129289,0.3940208,0.7243534,-0.2264152,0.2172976,0.6486508,-0.2022291,0.1634259,0.6386232,-0.09356451,0.5874174,0.7244769,-0.03488095,0.4391673,0.7261254,-0.2219423,0.424619,0.630419,-0.2251109,0.4025364,0.6399447,-0.2257815,0.2298359,0.7411932,-0.1901115,-0.007110864,0.7362773,-0.1616229,-0.2353063,0.7514756,-0.1239979,0.2498491,0.7063304,-0.1577262,0.03938425,0.6541913,-0.02720082,-0.1746804,0.6920969,-0.1929649,0.6381185,0.7736963
72057594037941341,0,1.7198,9890.724,-0.1805297,0.2353378,0.7500052,-0.2222539,0.7826642,0.7571702,-0.3151233,0.5861625,0.8208099,-0.3129289,0.3940208,0.7243534,-0.2264152,0.2172976,0.6486508,-0.2022291,0.1634259,0.6386232,-0.09356451,0.5874174,0.7244769,-0.03488095,0.4391673,0.7261254,-0.2219423,0.424619,0.630419,-0.2251109,0.4025364,0.6399447,-0.2257815,0.2298359,0.7411932,-0.1901115,-0.007110864,0.7362773,-0.1616229,-0.2353063,0.7514756,-0.1239979,0.2498491,0.7063304,-0.1577262,0.03938425,0.6541913,-0.02720082,-0.1746804,0.6920969,-0.1929649,0.6381185,0.7736963
72057594037941341,0,1.7198,9890.725,-0.1805297,0.2353378,0.7500052,-0.2222539,0.7826642,0.7571702,-0.3151233,0.5861625,0.8208099,-0.3129289,0.3940208,0.7243534,-0.2264152,0.2172976,0.6486508,-0.2022291,0.1634259,0.6386232,-0.09356451,0.5874174,0.7244769,-0.03488095,0.4391673,0.7261254,-0.2219423,0.424619,0.630419,-0.2251109,0.4025364,0.6399447,-0.2257815,0.2298359,0.7411932,-0.1901115,-0.007110864,0.7362773,-0.1616229,-0.2353063,0.7514756,-0.1239979,0.2498491,0.7063304,-0.1577262,0.03938425,0.6541913,-0.02720082,-0.1746804,0.6920969,-0.1929649,0.6381185,0.7736963
72057594037941341,0,1.7198,9890.727,-0.1805297,0.2353378,0.7500052,-0.2222539,0.7826642,0.7571702,-0.3151233,0.5861625,0.8208099,-0.3129289,0.3940208,0.7243534,-0.2264152,0.2172976,0.6486508,-0.2022291,0.1634259,0.6386232,-0.09356451,0.5874174,0.7244769,-0.03488095,0.4391673,0.7261254,-0.2219423,0.424619,0.630419,-0.2251109,0.4025364,0.6399447,-0.2257815,0.2298359,0.7411932,-0.1901115,-0.007110864,0.7362773,-0.1616229,-0.2353063,0.7514756,-0.1239979,0.2498491,0.7063304,-0.1577262,0.03938425,0.6541913,-0.02720082,-0.1746804,0.6920969,-0.1929649,0.6381185,0.7736963
72057594037941341,0,1.7198,9890.729,-0.1805297,0.2353378,0.7500052,-0.2222539,0.7826642,0.7571702,-0.3151233,0.5861625,0.8208099,-0.3129289,0.3940208,0.7243534,-0.2264152,0.2172976,0.6486508,-0.2022291,0.1634259,0.6386232,-0.09356451,0.5874174,0.7244769,-0.03488095,0.4391673,0.7261254,-0.2219423,0.424619,0.630419,-0.2251109,0.4025364,0.6399447,-0.2257815,0.2298359,0.7411932,-0.1901115,-0.007110864,0.7362773,-0.1616229,-0.2353063,0.7514756,-0.1239979,0.2498491,0.7063304,-0.1577262,0.03938425,0.6541913,-0.02720082,-0.1746804,0.6920969,-0.1929649,0.6381185,0.7736963
72057594037941341,0,1.7198,9890.73,-0.1805297,0.2353378,0.7500052,-0.2222539,0.7826642,0.7571702,-0.3151233,0.5861625,0.8208099,-0.3129289,0.3940208,0.7243534,-0.2264152,0.2172976,0.6486508,-0.2022291,0.1634259,0.6386232,-0.09356451,0.5874174,0.7244769,-0.03488095,0.4391673,0.7261254,-0.2219423,0.424619,0.630419,-0.2251109,0.4025364,0.6399447,-0.2257815,0.2298359,0.7411932,-0.1901115,-0.007110864,0.7362773,-0.1616229,-0.2353063,0.7514756,-0.1239979,0.2498491,0.7063304,-0.1577262,0.03938425,0.6541913,-0.02720082,-0.1746804,0.6920969,-0.1929649,0.6381185,0.7736963
72057594037941341,0,1.7198,9890.732,-0.1805297,0.2353378,0.7500052,-0.2222539,0.7826642,0.7571702,-0.3151233,0.5861625,0.8208099,-0.3129289,0.3940208,0.7243534,-0.2264152,0.2172976,0.6486508,-0.2022291,0.1634259,0.6386232,-0.09356451,0.5874174,0.7244769,-0.03488095,0.4391673,0.7261254,-0.2219423,0.424619,0.630419,-0.2251109,0.4025364,0.6399447,-0.2257815,0.2298359,0.7411932,-0.1901115,-0.007110864,0.7362773,-0.1616229,-0.2353063,0.7514756,-0.1239979,0.2498491,0.7063304,-0.1577262,0.03938425,0.6541913,-0.02720082,-0.1746804,0.6920969,-0.1929649,0.6381185,0.7736963
72057594037941341,0,1.722649,9890.734,-0.1811411,0.2350301,0.7471045,-0.2293123,0.7799906,0.7484672,-0.3208652,0.5834969,0.8126594,-0.2973121,0.3964103,0.708495,-0.252828,0.2020541,0.6418894,-0.2396785,0.1581003,0.6334865,-0.1009058,0.5875908,0.7197407,-0.09963211,0.4189316,0.7000856,-0.2347585,0.4226798,0.6214834,-0.2508111,0.4138614,0.6295114,-0.2268589,0.2282716,0.7373086,-0.1887436,-0.009270787,0.7320029,-0.1581883,-0.2364025,0.7466404,-0.1241998,0.2504971,0.7040994,-0.1620153,0.04116139,0.6478217,-0.02670804,-0.1737462,0.6675465,-0.1987448,0.637819,0.7685087
72057594037941341,0,1.722649,9890.736,-0.1811411,0.2350301,0.7471045,-0.2293123,0.7799906,0.7484672,-0.3208652,0.5834969,0.8126594,-0.2973121,0.3964103,0.708495,-0.252828,0.2020541,0.6418894,-0.2396785,0.1581003,0.6334865,-0.1009058,0.5875908,0.7197407,-0.09963211,0.4189316,0.7000856,-0.2347585,0.4226798,0.6214834,-0.2508111,0.4138614,0.6295114,-0.2268589,0.2282716,0.7373086,-0.1887436,-0.009270787,0.7320029,-0.1581883,-0.2364025,0.7466404,-0.1241998,0.2504971,0.7040994,-0.1620153,0.04116139,0.6478217,-0.02670804,-0.1737462,0.6675465,-0.1987448,0.637819,0.7685087
72057594037941341,0,1.722649,9890.739,-0.1811411,0.2350301,0.7471045,-0.2293123,0.7799906,0.7484672,-0.3208652,0.5834969,0.8126594,-0.2973121,0.3964103,0.708495,-0.252828,0.2020541,0.6418894,-0.2396785,0.1581003,0.6334865,-0.1009058,0.5875908,0.7197407,-0.09963211,0.4189316,0.7000856,-0.2347585,0.4226798,0.6214834,-0.2508111,0.4138614,0.6295114,-0.2268589,0.2282716,0.7373086,-0.1887436,-0.009270787,0.7320029,-0.1581883,-0.2364025,0.7466404,-0.1241998,0.2504971,0.7040994,-0.1620153,0.04116139,0.6478217,-0.02670804,-0.1737462,0.6675465,-0.1987448,0.637819,0.7685087
72057594037941341,0,1.722649,9890.742,-0.1811411,0.2350301,0.7471045,-0.2293123,0.7799906,0.7484672,-0.3208652,0.5834969,0.8126594,-0.2973121,0.3964103,0.708495,-0.252828,0.2020541,0.6418894,-0.2396785,0.1581003,0.6334865,-0.1009058,0.5875908,0.7197407,-0.09963211,0.4189316,0.7000856,-0.2347585,0.4226798,0.6214834,-0.2508111,0.4138614,0.6295114,-0.2268589,0.2282716,0.7373086,-0.1887436,-0.009270787,0.7320029,-0.1581883,-0.2364025,0.7466404,-0.1241998,0.2504971,0.7040994,-0.1620153,0.04116139,0.6478217,-0.02670804,-0.1737462,0.6675465,-0.1987448,0.637819,0.7685087
72057594037941341,0,1.722649,9890.745,-0.1811411,0.2350301,0.7471045,-0.2293123,0.7799906,0.7484672,-0.3208652,0.5834969,0.8126594,-0.2973121,0.3964103,0.708495,-0.252828,0.2020541,0.6418894,-0.2396785,0.1581003,0.6334865,-0.1009058,0.5875908,0.7197407,-0.09963211,0.4189316,0.7000856,-0.2347585,0.4226798,0.6214834,-0.2508111,0.4138614,0.6295114,-0.2268589,0.2282716,0.7373086,-0.1887436,-0.009270787,0.7320029,-0.1581883,-0.2364025,0.7466404,-0.1241998,0.2504971,0.7040994,-0.1620153,0.04116139,0.6478217,-0.02670804,-0.1737462,0.6675465,-0.1987448,0.637819,0.7685087
72057594037941341,0,1.722649,9890.747,-0.1811411,0.2350301,0.7471045,-0.2293123,0.7799906,0.7484672,-0.3208652,0.5834969,0.8126594,-0.2973121,0.3964103,0.708495,-0.252828,0.2020541,0.6418894,-0.2396785,0.1581003,0.6334865,-0.1009058,0.5875908,0.7197407,-0.09963211,0.4189316,0.7000856,-0.2347585,0.4226798,0.6214834,-0.2508111,0.4138614,0.6295114,-0.2268589,0.2282716,0.7373086,-0.1887436,-0.009270787,0.7320029,-0.1581883,-0.2364025,0.7466404,-0.1241998,0.2504971,0.7040994,-0.1620153,0.04116139,0.6478217,-0.02670804,-0.1737462,0.6675465,-0.1987448,0.637819,0.7685087
72057594037941341,0,1.722649,9890.749,-0.1811411,0.2350301,0.7471045,-0.2293123,0.7799906,0.7484672,-0.3208652,0.5834969,0.8126594,-0.2973121,0.3964103,0.708495,-0.252828,0.2020541,0.6418894,-0.2396785,0.1581003,0.6334865,-0.1009058,0.5875908,0.7197407,-0.09963211,0.4189316,0.7000856,-0.2347585,0.4226798,0.6214834,-0.2508111,0.4138614,0.6295114,-0.2268589,0.2282716,0.7373086,-0.1887436,-0.009270787,0.7320029,-0.1581883,-0.2364025,0.7466404,-0.1241998,0.2504971,0.7040994,-0.1620153,0.04116139,0.6478217,-0.02670804,-0.1737462,0.6675465,-0.1987448,0.637819,0.7685087
72057594037941341,0,1.722649,9890.751,-0.1811411,0.2350301,0.7471045,-0.2293123,0.7799906,0.7484672,-0.3208652,0.5834969,0.8126594,-0.2973121,0.3964103,0.708495,-0.252828,0.2020541,0.6418894,-0.2396785,0.1581003,0.6334865,-0.1009058,0.5875908,0.7197407,-0.09963211,0.4189316,0.7000856,-0.2347585,0.4226798,0.6214834,-0.2508111,0.4138614,0.6295114,-0.2268589,0.2282716,0.7373086,-0.1887436,-0.009270787,0.7320029,-0.1581883,-0.2364025,0.7466404,-0.1241998,0.2504971,0.7040994,-0.1620153,0.04116139,0.6478217,-0.02670804,-0.1737462,0.6675465,-0.1987448,0.637819,0.7685087
72057594037941341,0,1.722649,9890.753,-0.1811411,0.2350301,0.7471045,-0.2293123,0.7799906,0.7484672,-0.3208652,0.5834969,0.8126594,-0.2973121,0.3964103,0.708495,-0.252828,0.2020541,0.6418894,-0.2396785,0.1581003,0.6334865,-0.1009058,0.5875908,0.7197407,-0.09963211,0.4189316,0.7000856,-0.2347585,0.4226798,0.6214834,-0.2508111,0.4138614,0.6295114,-0.2268589,0.2282716,0.7373086,-0.1887436,-0.009270787,0.7320029,-0.1581883,-0.2364025,0.7466404,-0.1241998,0.2504971,0.7040994,-0.1620153,0.04116139,0.6478217,-0.02670804,-0.1737462,0.6675465,-0.1987448,0.637819,0.7685087
72057594037941341,0,1.722649,9890.755,-0.1811411,0.2350301,0.7471045,-0.2293123,0.7799906,0.7484672,-0.3208652,0.5834969,0.8126594,-0.2973121,0.3964103,0.708495,-0.252828,0.2020541,0.6418894,-0.2396785,0.1581003,0.6334865,-0.1009058,0.5875908,0.7197407,-0.09963211,0.4189316,0.7000856,-0.2347585,0.4226798,0.6214834,-0.2508111,0.4138614,0.6295114,-0.2268589,0.2282716,0.7373086,-0.1887436,-0.009270787,0.7320029,-0.1581883,-0.2364025,0.7466404,-0.1241998,0.2504971,0.7040994,-0.1620153,0.04116139,0.6478217,-0.02670804,-0.1737462,0.6675465,-0.1987448,0.637819,0.7685087
72057594037941341,0,1.722649,9890.757,-0.1811411,0.2350301,0.7471045,-0.2293123,0.7799906,0.7484672,-0.3208652,0.5834969,0.8126594,-0.2973121,0.3964103,0.708495,-0.252828,0.2020541,0.6418894,-0.2396785,0.1581003,0.6334865,-0.1009058,0.5875908,0.7197407,-0.09963211,0.4189316,0.7000856,-0.2347585,0.4226798,0.6214834,-0.2508111,0.4138614,0.6295114,-0.2268589,0.2282716,0.7373086,-0.1887436,-0.009270787,0.7320029,-0.1581883,-0.2364025,0.7466404,-0.1241998,0.2504971,0.7040994,-0.1620153,0.04116139,0.6478217,-0.02670804,-0.1737462,0.6675465,-0.1987448,0.637819,0.7685087
72057594037941341,0,1.722649,9890.759,-0.1811411,0.2350301,0.7471045,-0.2293123,0.7799906,0.7484672,-0.3208652,0.5834969,0.8126594,-0.2973121,0.3964103,0.708495,-0.252828,0.2020541,0.6418894,-0.2396785,0.1581003,0.6334865,-0.1009058,0.5875908,0.7197407,-0.09963211,0.4189316,0.7000856,-0.2347585,0.4226798,0.6214834,-0.2508111,0.4138614,0.6295114,-0.2268589,0.2282716,0.7373086,-0.1887436,-0.009270787,0.7320029,-0.1581883,-0.2364025,0.7466404,-0.1241998,0.2504971,0.7040994,-0.1620153,0.04116139,0.6478217,-0.02670804,-0.1737462,0.6675465,-0.1987448,0.637819,0.7685087
72057594037941341,0,1.722649,9890.761,-0.1811411,0.2350301,0.7471045,-0.2293123,0.7799906,0.7484672,-0.3208652,0.5834969,0.8126594,-0.2973121,0.3964103,0.708495,-0.252828,0.2020541,0.6418894,-0.2396785,0.1581003,0.6334865,-0.1009058,0.5875908,0.7197407,-0.09963211,0.4189316,0.7000856,-0.2347585,0.4226798,0.6214834,-0.2508111,0.4138614,0.6295114,-0.2268589,0.2282716,0.7373086,-0.1887436,-0.009270787,0.7320029,-0.1581883,-0.2364025,0.7466404,-0.1241998,0.2504971,0.7040994,-0.1620153,0.04116139,0.6478217,-0.02670804,-0.1737462,0.6675465,-0.1987448,0.637819,0.7685087
72057594037941341,0,1.722649,9890.763,-0.1811411,0.2350301,0.7471045,-0.2293123,0.7799906,0.7484672,-0.3208652,0.5834969,0.8126594,-0.2973121,0.3964103,0.708495,-0.252828,0.2020541,0.6418894,-0.2396785,0.1581003,0.6334865,-0.1009058,0.5875908,0.7197407,-0.09963211,0.4189316,0.7000856,-0.2347585,0.4226798,0.6214834,-0.2508111,0.4138614,0.6295114,-0.2268589,0.2282716,0.7373086,-0.1887436,-0.009270787,0.7320029,-0.1581883,-0.2364025,0.7466404,-0.1241998,0.2504971,0.7040994,-0.1620153,0.04116139,0.6478217,-0.02670804,-0.1737462,0.6675465,-0.1987448,0.637819,0.7685087
72057594037941341,0,1.722649,9890.764,-0.1811411,0.2350301,0.7471045,-0.2293123,0.7799906,0.7484672,-0.3208652,0.5834969,0.8126594,-0.2973121,0.3964103,0.708495,-0.252828,0.2020541,0.6418894,-0.2396785,0.1581003,0.6334865,-0.1009058,0.5875908,0.7197407,-0.09963211,0.4189316,0.7000856,-0.2347585,0.4226798,0.6214834,-0.2508111,0.4138614,0.6295114,-0.2268589,0.2282716,0.7373086,-0.1887436,-0.009270787,0.7320029,-0.1581883,-0.2364025,0.7466404,-0.1241998,0.2504971,0.7040994,-0.1620153,0.04116139,0.6478217,-0.02670804,-0.1737462,0.6675465,-0.1987448,0.637819,0.7685087
72057594037941341,0,1.728371,9890.767,-0.1856304,0.2338529,0.7418473,-0.2373773,0.7765118,0.7380912,-0.3253868,0.5842478,0.8042524,-0.298668,0.3958642,0.7032539,-0.2558879,0.1997264,0.6414136,-0.2429671,0.1532892,0.6340237,-0.1083408,0.5871713,0.712188,-0.1004411,0.4181598,0.6981158,-0.2317544,0.4193839,0.6125965,-0.2472747,0.4112006,0.6142667,-0.2316363,0.2263406,0.7313078,-0.1919144,-0.01209608,0.7270251,-0.1603781,-0.2371977,0.7423198,-0.1279296,0.2501962,0.6998817,-0.1651802,0.04140291,0.6423952,-0.212576,-0.2057597,0.6006625,-0.2058439,0.6368984,0.7593744
72057594037941341,0,1.728371,9890.769,-0.1856304,0.2338529,0.7418473,-0.2373773,0.7765118,0.7380912,-0.3253868,0.5842478,0.8042524,-0.298668,0.3958642,0.7032539,-0.2558879,0.1997264,0.6414136,-0.2429671,0.1532892,0.6340237,-0.1083408,0.5871713,0.712188,-0.1004411,0.4181598,0.6981158,-0.2317544,0.4193839,0.6125965,-0.2472747,0.4112006,0.6142667,-0.2316363,0.2263406,0.7313078,-0.1919144,-0.01209608,0.7270251,-0.1603781,-0.2371977,0.7423198,-0.1279296,0.2501962,0.6998817,-0.1651802,0.04140291,0.6423952,-0.212576,-0.2057597,0.6006625,-0.2058439,0.6368984,0.7593744
72057594037941341,0,1.728371,9890.771,-0.1856304,0.2338529,0.7418473,-0.2373773,0.7765118,0.7380912,-0.3253868,0.5842478,0.8042524,-0.298668,0.3958642,0.7032539,-0.2558879,0.1997264,0.6414136,-0.2429671,0.1532892,0.6340237,-0.1083408,0.5871713,0.712188,-0.1004411,0.4181598,0.6981158,-0.2317544,0.4193839,0.6125965,-0.2472747,0.4112006,0.6142667,-0.2316363,0.2263406,0.7313078,-0.1919144,-0.01209608,0.7270251,-0.1603781,-0.2371977,0.7423198,-0.1279296,0.2501962,0.6998817,-0.1651802,0.04140291,0.6423952,-0.212576,-0.2057597,0.6006625,-0.2058439,0.6368984,0.7593744
72057594037941341,0,1.728371,9890.772,-0.1856304,0.2338529,0.7418473,-0.2373773,0.7765118,0.7380912,-0.3253868,0.5842478,0.8042524,-0.298668,0.3958642,0.7032539,-0.2558879,0.1997264,0.6414136,-0.2429671,0.1532892,0.6340237,-0.1083408,0.5871713,0.712188,-0.1004411,0.4181598,0.6981158,-0.2317544,0.4193839,0.6125965,-0.2472747,0.4112006,0.6142667,-0.2316363,0.2263406,0.7313078,-0.1919144,-0.01209608,0.7270251,-0.1603781,-0.2371977,0.7423198,-0.1279296,0.2501962,0.6998817,-0.1651802,0.04140291,0.6423952,-0.212576,-0.2057597,0.6006625,-0.2058439,0.6368984,0.7593744
72057594037941341,0,1.728371,9890.774,-0.1856304,0.2338529,0.7418473,-0.2373773,0.7765118,0.7380912,-0.3253868,0.5842478,0.8042524,-0.298668,0.3958642,0.7032539,-0.2558879,0.1997264,0.6414136,-0.2429671,0.1532892,0.6340237,-0.1083408,0.5871713,0.712188,-0.1004411,0.4181598,0.6981158,-0.2317544,0.4193839,0.6125965,-0.2472747,0.4112006,0.6142667,-0.2316363,0.2263406,0.7313078,-0.1919144,-0.01209608,0.7270251,-0.1603781,-0.2371977,0.7423198,-0.1279296,0.2501962,0.6998817,-0.1651802,0.04140291,0.6423952,-0.212576,-0.2057597,0.6006625,-0.2058439,0.6368984,0.7593744
72057594037941341,0,1.728371,9890.776,-0.1856304,0.2338529,0.7418473,-0.2373773,0.7765118,0.7380912,-0.3253868,0.5842478,0.8042524,-0.298668,0.3958642,0.7032539,-0.2558879,0.1997264,0.6414136,-0.2429671,0.1532892,0.6340237,-0.1083408,0.5871713,0.712188,-0.1004411,0.4181598,0.6981158,-0.2317544,0.4193839,0.6125965,-0.2472747,0.4112006,0.6142667,-0.2316363,0.2263406,0.7313078,-0.1919144,-0.01209608,0.7270251,-0.1603781,-0.2371977,0.7423198,-0.1279296,0.2501962,0.6998817,-0.1651802,0.04140291,0.6423952,-0.212576,-0.2057597,0.6006625,-0.2058439,0.6368984,0.7593744
72057594037941341,0,1.728371,9890.779,-0.1856304,0.2338529,0.7418473,-0.2373773,0.7765118,0.7380912,-0.3253868,0.5842478,0.8042524,-0.298668,0.3958642,0.7032539,-0.2558879,0.1997264,0.6414136,-0.2429671,0.1532892,0.6340237,-0.1083408,0.5871713,0.712188,-0.1004411,0.4181598,0.6981158,-0.2317544,0.4193839,0.6125965,-0.2472747,0.4112006,0.6142667,-0.2316363,0.2263406,0.7313078,-0.1919144,-0.01209608,0.7270251,-0.1603781,-0.2371977,0.7423198,-0.1279296,0.2501962,0.6998817,-0.1651802,0.04140291,0.6423952,-0.212576,-0.2057597,0.6006625,-0.2058439,0.6368984,0.7593744
72057594037941341,0,1.728371,9890.782,-0.1856304,0.2338529,0.7418473,-0.2373773,0.7765118,0.7380912,-0.3253868,0.5842478,0.8042524,-0.298668,0.3958642,0.7032539,-0.2558879,0.1997264,0.6414136,-0.2429671,0.1532892,0.6340237,-0.1083408,0.5871713,0.712188,-0.1004411,0.4181598,0.6981158,-0.2317544,0.4193839,0.6125965,-0.2472747,0.4112006,0.6142667,-0.2316363,0.2263406,0.7313078,-0.1919144,-0.01209608,0.7270251,-0.1603781,-0.2371977,0.7423198,-0.1279296,0.2501962,0.6998817,-0.1651802,0.04140291,0.6423952,-0.212576,-0.2057597,0.6006625,-0.2058439,0.6368984,0.7593744
72057594037941341,0,1.728371,9890.784,-0.1856304,0.2338529,0.7418473,-0.2373773,0.7765118,0.7380912,-0.3253868,0.5842478,0.8042524,-0.298668,0.3958642,0.7032539,-0.2558879,0.1997264,0.6414136,-0.2429671,0.1532892,0.6340237,-0.1083408,0.5871713,0.712188,-0.1004411,0.4181598,0.6981158,-0.2317544,0.4193839,0.6125965,-0.2472747,0.4112006,0.6142667,-0.2316363,0.2263406,0.7313078,-0.1919144,-0.01209608,0.7270251,-0.1603781,-0.2371977,0.7423198,-0.1279296,0.2501962,0.6998817,-0.1651802,0.04140291,0.6423952,-0.212576,-0.2057597,0.6006625,-0.2058439,0.6368984,0.7593744
72057594037941341,0,1.728371,9890.786,-0.1856304,0.2338529,0.7418473,-0.2373773,0.7765118,0.7380912,-0.3253868,0.5842478,0.8042524,-0.298668,0.3958642,0.7032539,-0.2558879,0.1997264,0.6414136,-0.2429671,0.1532892,0.6340237,-0.1083408,0.5871713,0.712188,-0.1004411,0.4181598,0.6981158,-0.2317544,0.4193839,0.6125965,-0.2472747,0.4112006,0.6142667,-0.2316363,0.2263406,0.7313078,-0.1919144,-0.01209608,0.7270251,-0.1603781,-0.2371977,0.7423198,-0.1279296,0.2501962,0.6998817,-0.1651802,0.04140291,0.6423952,-0.212576,-0.2057597,0.6006625,-0.2058439,0.6368984,0.7593744
72057594037941341,0,1.728371,9890.789,-0.1856304,0.2338529,0.7418473,-0.2373773,0.7765118,0.7380912,-0.3253868,0.5842478,0.8042524,-0.298668,0.3958642,0.7032539,-0.2558879,0.1997264,0.6414136,-0.2429671,0.1532892,0.6340237,-0.1083408,0.5871713,0.712188,-0.1004411,0.4181598,0.6981158,-0.2317544,0.4193839,0.6125965,-0.2472747,0.4112006,0.6142667,-0.2316363,0.2263406,0.7313078,-0.1919144,-0.01209608,0.7270251,-0.1603781,-0.2371977,0.7423198,-0.1279296,0.2501962,0.6998817,-0.1651802,0.04140291,0.6423952,-0.212576,-0.2057597,0.6006625,-0.2058439,0.6368984,0.7593744
72057594037941341,0,1.728371,9890.791,-0.1856304,0.2338529,0.7418473,-0.2373773,0.7765118,0.7380912,-0.3253868,0.5842478,0.8042524,-0.298668,0.3958642,0.7032539,-0.2558879,0.1997264,0.6414136,-0.2429671,0.1532892,0.6340237,-0.1083408,0.5871713,0.712188,-0.1004411,0.4181598,0.6981158,-0.2317544,0.4193839,0.6125965,-0.2472747,0.4112006,0.6142667,-0.2316363,0.2263406,0.7313078,-0.1919144,-0.01209608,0.7270251,-0.1603781,-0.2371977,0.7423198,-0.1279296,0.2501962,0.6998817,-0.1651802,0.04140291,0.6423952,-0.212576,-0.2057597,0.6006625,-0.2058439,0.6368984,0.7593744
72057594037941341,0,1.728371,9890.794,-0.1856304,0.2338529,0.7418473,-0.2373773,0.7765118,0.7380912,-0.3253868,0.5842478,0.8042524,-0.298668,0.3958642,0.7032539,-0.2558879,0.1997264,0.6414136,-0.2429671,0.1532892,0.6340237,-0.1083408,0.5871713,0.712188,-0.1004411,0.4181598,0.6981158,-0.2317544,0.4193839,0.6125965,-0.2472747,0.4112006,0.6142667,-0.2316363,0.2263406,0.7313078,-0.1919144,-0.01209608,0.7270251,-0.1603781,-0.2371977,0.7423198,-0.1279296,0.2501962,0.6998817,-0.1651802,0.04140291,0.6423952,-0.212576,-0.2057597,0.6006625,-0.2058439,0.6368984,0.7593744
72057594037941341,0,1.728371,9890.796,-0.1856304,0.2338529,0.7418473,-0.2373773,0.7765118,0.7380912,-0.3253868,0.5842478,0.8042524,-0.298668,0.3958642,0.7032539,-0.2558879,0.1997264,0.6414136,-0.2429671,0.1532892,0.6340237,-0.1083408,0.5871713,0.712188,-0.1004411,0.4181598,0.6981158,-0.2317544,0.4193839,0.6125965,-0.2472747,0.4112006,0.6142667,-0.2316363,0.2263406,0.7313078,-0.1919144,-0.01209608,0.7270251,-0.1603781,-0.2371977,0.7423198,-0.1279296,0.2501962,0.6998817,-0.1651802,0.04140291,0.6423952,-0.212576,-0.2057597,0.6006625,-0.2058439,0.6368984,0.7593744
72057594037941341,0,1.728371,9890.798,-0.1856304,0.2338529,0.7418473,-0.2373773,0.7765118,0.7380912,-0.3253868,0.5842478,0.8042524,-0.298668,0.3958642,0.7032539,-0.2558879,0.1997264,0.6414136,-0.2429671,0.1532892,0.6340237,-0.1083408,0.5871713,0.712188,-0.1004411,0.4181598,0.6981158,-0.2317544,0.4193839,0.6125965,-0.2472747,0.4112006,0.6142667,-0.2316363,0.2263406,0.7313078,-0.1919144,-0.01209608,0.7270251,-0.1603781,-0.2371977,0.7423198,-0.1279296,0.2501962,0.6998817,-0.1651802,0.04140291,0.6423952,-0.212576,-0.2057597,0.6006625,-0.2058439,0.6368984,0.7593744
72057594037941341,0,1.735237,9890.801,-0.1916519,0.2315453,0.7359848,-0.2452379,0.7723091,0.7262377,-0.3299398,0.5821348,0.7872764,-0.3008519,0.3913978,0.6915376,-0.2624584,0.1952247,0.6407523,-0.2513997,0.1516653,0.6346436,-0.1165146,0.5855467,0.7002645,-0.1062458,0.4170933,0.6859657,-0.2347689,0.4140472,0.5959845,-0.2493386,0.4072435,0.5950148,-0.2376046,0.2237886,0.725667,-0.1976265,-0.01375812,0.7224483,-0.1659369,-0.238777,0.7387848,-0.1334651,0.2484531,0.6941236,-0.1666159,0.03921178,0.6393856,-0.2095463,-0.2090752,0.6008692,-0.2128425,0.6352098,0.74816
72057594037941341,0,1.735237,9890.803,-0.1916519,0.2315453,0.7359848,-0.2452379,0.7723091,0.7262377,-0.3299398,0.5821348,0.7872764,-0.3008519,0.3913978,0.6915376,-0.2624584,0.1952247,0.6407523,-0.2513997,0.1516653,0.6346436,-0.1165146,0.5855467,0.7002645,-0.1062458,0.4170933,0.6859657,-0.2347689,0.4140472,0.5959845,-0.2493386,0.4072435,0.5950148,-0.2376046,0.2237886,0.725667,-0.1976265,-0.01375812,0.7224483,-0.1659369,-0.238777,0.7387848,-0.1334651,0.2484531,0.6941236,-0.1666159,0.03921178,0.6393856,-0.2095463,-0.2090752,0.6008692,-0.2128425,0.6352098,0.74816
72057594037941341,0,1.735237,9890.805,-0.1916519,0.2315453,0.7359848,-0.2452379,0.7723091,0.7262377,-0.3299398,0.5821348,0.7872764,-0.3008519,0.3913978,0.6915376,-0.2624584,0.1952247,0.6407523,-0.2513997,0.1516653,0.6346436,-0.1165146,0.5855467,0.7002645,-0.1062458,0.4170933,0.6859657,-0.2347689,0.4140472,0.5959845,-0.2493386,0.4072435,0.5950148,-0.2376046,0.2237886,0.725667,-0.1976265,-0.01375812,0.7224483,-0.1659369,-0.238777,0.7387848,-0.1334651,0.2484531,0.6941236,-0.1666159,0.03921178,0.6393856,-0.2095463,-0.2090752,0.6008692,-0.2128425,0.6352098,0.74816
72057594037941341,0,1.735237,9890.807,-0.1916519,0.2315453,0.7359848,-0.2452379,0.7723091,0.7262377,-0.3299398,0.5821348,0.7872764,-0.3008519,0.3913978,0.6915376,-0.2624584,0.1952247,0.6407523,-0.2513997,0.1516653,0.6346436,-0.1165146,0.5855467,0.7002645,-0.1062458,0.4170933,0.6859657,-0.2347689,0.4140472,0.5959845,-0.2493386,0.4072435,0.5950148,-0.2376046,0.2237886,0.725667,-0.1976265,-0.01375812,0.7224483,-0.1659369,-0.238777,0.7387848,-0.1334651,0.2484531,0.6941236,-0.1666159,0.03921178,0.6393856,-0.2095463,-0.2090752,0.6008692,-0.2128425,0.6352098,0.74816
72057594037941341,0,1.735237,9890.809,-0.1916519,0.2315453,0.7359848,-0.2452379,0.7723091,0.7262377,-0.3299398,0.5821348,0.7872764,-0.3008519,0.3913978,0.6915376,-0.2624584,0.1952247,0.6407523,-0.2513997,0.1516653,0.6346436,-0.1165146,0.5855467,0.7002645,-0.1062458,0.4170933,0.6859657,-0.2347689,0.4140472,0.5959845,-0.2493386,0.4072435,0.5950148,-0.2376046,0.2237886,0.725667,-0.1976265,-0.01375812,0.7224483,-0.1659369,-0.238777,0.7387848,-0.1334651,0.2484531,0.6941236,-0.1666159,0.03921178,0.6393856,-0.2095463,-0.2090752,0.6008692,-0.2128425,0.6352098,0.74816
72057594037941341,0,1.735237,9890.811,-0.1916519,0.2315453,0.7359848,-0.2452379,0.7723091,0.7262377,-0.3299398,0.5821348,0.7872764,-0.3008519,0.3913978,0.6915376,-0.2624584,0.1952247,0.6407523,-0.2513997,0.1516653,0.6346436,-0.1165146,0.5855467,0.7002645,-0.1062458,0.4170933,0.6859657,-0.2347689,0.4140472,0.5959845,-0.2493386,0.4072435,0.5950148,-0.2376046,0.2237886,0.725667,-0.1976265,-0.01375812,0.7224483,-0.1659369,-0.238777,0.7387848,-0.1334651,0.2484531,0.6941236,-0.1666159,0.03921178,0.6393856,-0.2095463,-0.2090752,0.6008692,-0.2128425,0.6352098,0.74816
72057594037941341,0,1.735237,9890.813,-0.1916519,0.2315453,0.7359848,-0.2452379,0.7723091,0.7262377,-0.3299398,0.5821348,0.7872764,-0.3008519,0.3913978,0.6915376,-0.2624584,0.1952247,0.6407523,-0.2513997,0.1516653,0.6346436,-0.1165146,0.5855467,0.7002645,-0.1062458,0.4170933,0.6859657,-0.2347689,0.4140472,0.5959845,-0.2493386,0.4072435,0.5950148,-0.2376046,0.2237886,0.725667,-0.1976265,-0.01375812,0.7224483,-0.1659369,-0.238777,0.7387848,-0.1334651,0.2484531,0.6941236,-0.1666159,0.03921178,0.6393856,-0.2095463,-0.2090752,0.6008692,-0.2128425,0.6352098,0.74816
72057594037941341,0,1.735237,9890.814,-0.1916519,0.2315453,0.7359848,-0.2452379,0.7723091,0.7262377,-0.3299398,0.5821348,0.7872764,-0.3008519,0.3913978,0.6915376,-0.2624584,0.1952247,0.6407523,-0.2513997,0.1516653,0.6346436,-0.1165146,0.5855467,0.7002645,-0.1062458,0.4170933,0.6859657,-0.2347689,0.4140472,0.5959845,-0.2493386,0.4072435,0.5950148,-0.2376046,0.2237886,0.725667,-0.1976265,-0.01375812,0.7224483,-0.1659369,-0.238777,0.7387848,-0.1334651,0.2484531,0.6941236,-0.1666159,0.03921178,0.6393856,-0.2095463,-0.2090752,0.6008692,-0.2128425,0.6352098,0.74816
72057594037941341,0,1.735237,9890.816,-0.1916519,0.2315453,0.7359848,-0.2452379,0.7723091,0.7262377,-0.3299398,0.5821348,0.7872764,-0.3008519,0.3913978,0.6915376,-0.2624584,0.1952247,0.6407523,-0.2513997,0.1516653,0.6346436,-0.1165146,0.5855467,0.7002645,-0.1062458,0.4170933,0.6859657,-0.2347689,0.4140472,0.5959845,-0.2493386,0.4072435,0.5950148,-0.2376046,0.2237886,0.725667,-0.1976265,-0.01375812,0.7224483,-0.1659369,-0.238777,0.7387848,-0.1334651,0.2484531,0.6941236,-0.1666159,0.03921178,0.6393856,-0.2095463,-0.2090752,0.6008692,-0.2128425,0.6352098,0.74816
72057594037941341,0,1.735237,9890.819,-0.1916519,0.2315453,0.7359848,-0.2452379,0.7723091,0.7262377,-0.3299398,0.5821348,0.7872764,-0.3008519,0.3913978,0.6915376,-0.2624584,0.1952247,0.6407523,-0.2513997,0.1516653,0.6346436,-0.1165146,0.5855467,0.7002645,-0.1062458,0.4170933,0.6859657,-0.2347689,0.4140472,0.5959845,-0.2493386,0.4072435,0.5950148,-0.2376046,0.2237886,0.725667,-0.1976265,-0.01375812,0.7224483,-0.1659369,-0.238777,0.7387848,-0.1334651,0.2484531,0.6941236,-0.1666159,0.03921178,0.6393856,-0.2095463,-0.2090752,0.6008692,-0.2128425,0.6352098,0.74816
72057594037941341,0,1.735237,9890.821,-0.1916519,0.2315453,0.7359848,-0.2452379,0.7723091,0.7262377,-0.3299398,0.5821348,0.7872764,-0.3008519,0.3913978,0.6915376,-0.2624584,0.1952247,0.6407523,-0.2513997,0.1516653,0.6346436,-0.1165146,0.5855467,0.7002645,-0.1062458,0.4170933,0.6859657,-0.2347689,0.4140472,0.5959845,-0.2493386,0.4072435,0.5950148,-0.2376046,0.2237886,0.725667,-0.1976265,-0.01375812,0.7224483,-0.1659369,-0.238777,0.7387848,-0.1334651,0.2484531,0.6941236,-0.1666159,0.03921178,0.6393856,-0.2095463,-0.2090752,0.6008692,-0.2128425,0.6352098,0.74816
72057594037941341,0,1.735237,9890.823,-0.1916519,0.2315453,0.7359848,-0.2452379,0.7723091,0.7262377,-0.3299398,0.5821348,0.7872764,-0.3008519,0.3913978,0.6915376,-0.2624584,0.1952247,0.6407523,-0.2513997,0.1516653,0.6346436,-0.1165146,0.5855467,0.7002645,-0.1062458,0.4170933,0.6859657,-0.2347689,0.4140472,0.5959845,-0.2493386,0.4072435,0.5950148,-0.2376046,0.2237886,0.725667,-0.1976265,-0.01375812,0.7224483,-0.1659369,-0.238777,0.7387848,-0.1334651,0.2484531,0.6941236,-0.1666159,0.03921178,0.6393856,-0.2095463,-0.2090752,0.6008692,-0.2128425,0.6352098,0.74816
72057594037941341,0,1.735237,9890.825,-0.1916519,0.2315453,0.7359848,-0.2452379,0.7723091,0.7262377,-0.3299398,0.5821348,0.7872764,-0.3008519,0.3913978,0.6915376,-0.2624584,0.1952247,0.6407523,-0.2513997,0.1516653,0.6346436,-0.1165146,0.5855467,0.7002645,-0.1062458,0.4170933,0.6859657,-0.2347689,0.4140472,0.5959845,-0.2493386,0.4072435,0.5950148,-0.2376046,0.2237886,0.725667,-0.1976265,-0.01375812,0.7224483,-0.1659369,-0.238777,0.7387848,-0.1334651,0.2484531,0.6941236,-0.1666159,0.03921178,0.6393856,-0.2095463,-0.2090752,0.6008692,-0.2128425,0.6352098,0.74816
72057594037941341,0,1.735237,9890.827,-0.1916519,0.2315453,0.7359848,-0.2452379,0.7723091,0.7262377,-0.3299398,0.5821348,0.7872764,-0.3008519,0.3913978,0.6915376,-0.2624584,0.1952247,0.6407523,-0.2513997,0.1516653,0.6346436,-0.1165146,0.5855467,0.7002645,-0.1062458,0.4170933,0.6859657,-0.2347689,0.4140472,0.5959845,-0.2493386,0.4072435,0.5950148,-0.2376046,0.2237886,0.725667,-0.1976265,-0.01375812,0.7224483,-0.1659369,-0.238777,0.7387848,-0.1334651,0.2484531,0.6941236,-0.1666159,0.03921178,0.6393856,-0.2095463,-0.2090752,0.6008692,-0.2128425,0.6352098,0.74816
72057594037941341,0,1.735237,9890.829,-0.1916519,0.2315453,0.7359848,-0.2452379,0.7723091,0.7262377,-0.3299398,0.5821348,0.7872764,-0.3008519,0.3913978,0.6915376,-0.2624584,0.1952247,0.6407523,-0.2513997,0.1516653,0.6346436,-0.1165146,0.5855467,0.7002645,-0.1062458,0.4170933,0.6859657,-0.2347689,0.4140472,0.5959845,-0.2493386,0.4072435,0.5950148,-0.2376046,0.2237886,0.725667,-0.1976265,-0.01375812,0.7224483,-0.1659369,-0.238777,0.7387848,-0.1334651,0.2484531,0.6941236,-0.1666159,0.03921178,0.6393856,-0.2095463,-0.2090752,0.6008692,-0.2128425,0.6352098,0.74816
72057594037941341,0,1.735237,9890.831,-0.1916519,0.2315453,0.7359848,-0.2452379,0.7723091,0.7262377,-0.3299398,0.5821348,0.7872764,-0.3008519,0.3913978,0.6915376,-0.2624584,0.1952247,0.6407523,-0.2513997,0.1516653,0.6346436,-0.1165146,0.5855467,0.7002645,-0.1062458,0.4170933,0.6859657,-0.2347689,0.4140472,0.5959845,-0.2493386,0.4072435,0.5950148,-0.2376046,0.2237886,0.725667,-0.1976265,-0.01375812,0.7224483,-0.1659369,-0.238777,0.7387848,-0.1334651,0.2484531,0.6941236,-0.1666159,0.03921178,0.6393856,-0.2095463,-0.2090752,0.6008692,-0.2128425,0.6352098,0.74816
72057594037941341,0,1.748596,9890.833,-0.2075242,0.2280208,0.7247235,-0.2526999,0.767149,0.7109663,-0.3300123,0.5815737,0.7683032,-0.3076638,0.3891232,0.6741755,-0.2688397,0.1969494,0.6392506,-0.2606196,0.156395,0.6301287,-0.1239032,0.5814189,0.6839697,-0.1045607,0.4144698,0.6770124,-0.2290213,0.4083432,0.581123,-0.2475456,0.4015182,0.5709253,-0.2527244,0.2205459,0.7157738,-0.2242422,-0.01823226,0.709501,-0.2036305,-0.2448838,0.7229307,-0.1489983,0.2450257,0.6818345,-0.1691184,0.03346092,0.6349265,-0.1974412,-0.2176293,0.6057472,-0.2199406,0.63261,0.7338923
72057594037941341,0,1.748596,9890.836,-0.2075242,0.2280208,0.7247235,-0.2526999,0.767149,0.7109663,-0.3300123,0.5815737,0.7683032,-0.3076638,0.3891232,0.6741755,-0.2688397,0.1969494,0.6392506,-0.2606196,0.156395,0.6301287,-0.1239032,0.5814189,0.6839697,-0.1045607,0.4144698,0.6770124,-0.2290213,0.4083432,0.581123,-0.2475456,0.4015182,0.5709253,-0.2527244,0.2205459,0.7157738,-0.2242422,-0.01823226,0.709501,-0.2036305,-0.2448838,0.7229307,-0.1489983,0.2450257,0.6818345,-0.1691184,0.03346092,0.6349265,-0.1974412,-0.2176293,0.6057472,-0.2199406,0.63261,0.7338923
72057594037941341,0,1.748596,9890.837,-0.2075242,0.2280208,0.7247235,-0.2526999,0.767149,0.7109663,-0.3300123,0.5815737,0.7683032,-0.3076638,0.3891232,0.6741755,-0.2688397,0.1969494,0.6392506,-0.2606196,0.156395,0.6301287,-0.1239032,0.5814189,0.6839697,-0.1045607,0.4144698,0.6770124,-0.2290213,0.4083432,0.581123,-0.2475456,0.4015182,0.5709253,-0.2527244,0.2205459,0.7157738,-0.2242422,-0.01823226,0.709501,-0.2036305,-0.2448838,0.7229307,-0.1489983,0.2450257,0.6818345,-0.1691184,0.03346092,0.6349265,-0.1974412,-0.2176293,0.6057472,-0.2199406,0.63261,0.7338923
72057594037941341,0,1.748596,9890.84,-0.2075242,0.2280208,0.7247235,-0.2526999,0.767149,0.7109663,-0.3300123,0.5815737,0.7683032,-0.3076638,0.3891232,0.6741755,-0.2688397,0.1969494,0.6392506,-0.2606196,0.156395,0.6301287,-0.1239032,0.5814189,0.6839697,-0.1045607,0.4144698,0.6770124,-0.2290213,0.4083432,0.581123,-0.2475456,0.4015182,0.5709253,-0.2527244,0.2205459,0.7157738,-0.2242422,-0.01823226,0.709501,-0.2036305,-0.2448838,0.7229307,-0.1489983,0.2450257,0.6818345,-0.1691184,0.03346092,0.6349265,-0.1974412,-0.2176293,0.6057472,-0.2199406,0.63261,0.7338923
72057594037941341,0,1.748596,9890.842,-0.2075242,0.2280208,0.7247235,-0.2526999,0.767149,0.7109663,-0.3300123,0.5815737,0.7683032,-0.3076638,0.3891232,0.6741755,-0.2688397,0.1969494,0.6392506,-0.2606196,0.156395,0.6301287,-0.1239032,0.5814189,0.6839697,-0.1045607,0.4144698,0.6770124,-0.2290213,0.4083432,0.581123,-0.2475456,0.4015182,0.5709253,-0.2527244,0.2205459,0.7157738,-0.2242422,-0.01823226,0.709501,-0.2036305,-0.2448838,0.7229307,-0.1489983,0.2450257,0.6818345,-0.1691184,0.03346092,0.6349265,-0.1974412,-0.2176293,0.6057472,-0.2199406,0.63261,0.7338923
72057594037941341,0,1.748596,9890.843,-0.2075242,0.2280208,0.7247235,-0.2526999,0.767149,0.7109663,-0.3300123,0.5815737,0.7683032,-0.3076638,0.3891232,0.6741755,-0.2688397,0.1969494,0.6392506,-0.2606196,0.156395,0.6301287,-0.1239032,0.5814189,0.6839697,-0.1045607,0.4144698,0.6770124,-0.2290213,0.4083432,0.581123,-0.2475456,0.4015182,0.5709253,-0.2527244,0.2205459,0.7157738,-0.2242422,-0.01823226,0.709501,-0.2036305,-0.2448838,0.7229307,-0.1489983,0.2450257,0.6818345,-0.1691184,0.03346092,0.6349265,-0.1974412,-0.2176293,0.6057472,-0.2199406,0.63261,0.7338923
72057594037941341,0,1.748596,9890.845,-0.2075242,0.2280208,0.7247235,-0.2526999,0.767149,0.7109663,-0.3300123,0.5815737,0.7683032,-0.3076638,0.3891232,0.6741755,-0.2688397,0.1969494,0.6392506,-0.2606196,0.156395,0.6301287,-0.1239032,0.5814189,0.6839697,-0.1045607,0.4144698,0.6770124,-0.2290213,0.4083432,0.581123,-0.2475456,0.4015182,0.5709253,-0.2527244,0.2205459,0.7157738,-0.2242422,-0.01823226,0.709501,-0.2036305,-0.2448838,0.7229307,-0.1489983,0.2450257,0.6818345,-0.1691184,0.03346092,0.6349265,-0.1974412,-0.2176293,0.6057472,-0.2199406,0.63261,0.7338923
72057594037941341,0,1.748596,9890.847,-0.2075242,0.2280208,0.7247235,-0.2526999,0.767149,0.7109663,-0.3300123,0.5815737,0.7683032,-0.3076638,0.3891232,0.6741755,-0.2688397,0.1969494,0.6392506,-0.2606196,0.156395,0.6301287,-0.1239032,0.5814189,0.6839697,-0.1045607,0.4144698,0.6770124,-0.2290213,0.4083432,0.581123,-0.2475456,0.4015182,0.5709253,-0.2527244,0.2205459,0.7157738,-0.2242422,-0.01823226,0.709501,-0.2036305,-0.2448838,0.7229307,-0.1489983,0.2450257,0.6818345,-0.1691184,0.03346092,0.6349265,-0.1974412,-0.2176293,0.6057472,-0.2199406,0.63261,0.7338923
72057594037941341,0,1.748596,9890.849,-0.2075242,0.2280208,0.7247235,-0.2526999,0.767149,0.7109663,-0.3300123,0.5815737,0.7683032,-0.3076638,0.3891232,0.6741755,-0.2688397,0.1969494,0.6392506,-0.2606196,0.156395,0.6301287,-0.1239032,0.5814189,0.6839697,-0.1045607,0.4144698,0.6770124,-0.2290213,0.4083432,0.581123,-0.2475456,0.4015182,0.5709253,-0.2527244,0.2205459,0.7157738,-0.2242422,-0.01823226,0.709501,-0.2036305,-0.2448838,0.7229307,-0.1489983,0.2450257,0.6818345,-0.1691184,0.03346092,0.6349265,-0.1974412,-0.2176293,0.6057472,-0.2199406,0.63261,0.7338923
72057594037941341,0,1.748596,9890.851,-0.2075242,0.2280208,0.7247235,-0.2526999,0.767149,0.7109663,-0.3300123,0.5815737,0.7683032,-0.3076638,0.3891232,0.6741755,-0.2688397,0.1969494,0.6392506,-0.2606196,0.156395,0.6301287,-0.1239032,0.5814189,0.6839697,-0.1045607,0.4144698,0.6770124,-0.2290213,0.4083432,0.581123,-0.2475456,0.4015182,0.5709253,-0.2527244,0.2205459,0.7157738,-0.2242422,-0.01823226,0.709501,-0.2036305,-0.2448838,0.7229307,-0.1489983,0.2450257,0.6818345,-0.1691184,0.03346092,0.6349265,-0.1974412,-0.2176293,0.6057472,-0.2199406,0.63261,0.7338923
72057594037941341,0,1.748596,9890.853,-0.2075242,0.2280208,0.7247235,-0.2526999,0.767149,0.7109663,-0.3300123,0.5815737,0.7683032,-0.3076638,0.3891232,0.6741755,-0.2688397,0.1969494,0.6392506,-0.2606196,0.156395,0.6301287,-0.1239032,0.5814189,0.6839697,-0.1045607,0.4144698,0.6770124,-0.2290213,0.4083432,0.581123,-0.2475456,0.4015182,0.5709253,-0.2527244,0.2205459,0.7157738,-0.2242422,-0.01823226,0.709501,-0.2036305,-0.2448838,0.7229307,-0.1489983,0.2450257,0.6818345,-0.1691184,0.03346092,0.6349265,-0.1974412,-0.2176293,0.6057472,-0.2199406,0.63261,0.7338923
72057594037941341,0,1.748596,9890.854,-0.2075242,0.2280208,0.7247235,-0.2526999,0.767149,0.7109663,-0.3300123,0.5815737,0.7683032,-0.3076638,0.3891232,0.6741755,-0.2688397,0.1969494,0.6392506,-0.2606196,0.156395,0.6301287,-0.1239032,0.5814189,0.6839697,-0.1045607,0.4144698,0.6770124,-0.2290213,0.4083432,0.581123,-0.2475456,0.4015182,0.5709253,-0.2527244,0.2205459,0.7157738,-0.2242422,-0.01823226,0.709501,-0.2036305,-0.2448838,0.7229307,-0.1489983,0.2450257,0.6818345,-0.1691184,0.03346092,0.6349265,-0.1974412,-0.2176293,0.6057472,-0.2199406,0.63261,0.7338923
72057594037941341,0,1.748596,9890.856,-0.2075242,0.2280208,0.7247235,-0.2526999,0.767149,0.7109663,-0.3300123,0.5815737,0.7683032,-0.3076638,0.3891232,0.6741755,-0.2688397,0.1969494,0.6392506,-0.2606196,0.156395,0.6301287,-0.1239032,0.5814189,0.6839697,-0.1045607,0.4144698,0.6770124,-0.2290213,0.4083432,0.581123,-0.2475456,0.4015182,0.5709253,-0.2527244,0.2205459,0.7157738,-0.2242422,-0.01823226,0.709501,-0.2036305,-0.2448838,0.7229307,-0.1489983,0.2450257,0.6818345,-0.1691184,0.03346092,0.6349265,-0.1974412,-0.2176293,0.6057472,-0.2199406,0.63261,0.7338923
72057594037941341,0,1.748596,9890.86,-0.2075242,0.2280208,0.7247235,-0.2526999,0.767149,0.7109663,-0.3300123,0.5815737,0.7683032,-0.3076638,0.3891232,0.6741755,-0.2688397,0.1969494,0.6392506,-0.2606196,0.156395,0.6301287,-0.1239032,0.5814189,0.6839697,-0.1045607,0.4144698,0.6770124,-0.2290213,0.4083432,0.581123,-0.2475456,0.4015182,0.5709253,-0.2527244,0.2205459,0.7157738,-0.2242422,-0.01823226,0.709501,-0.2036305,-0.2448838,0.7229307,-0.1489983,0.2450257,0.6818345,-0.1691184,0.03346092,0.6349265,-0.1974412,-0.2176293,0.6057472,-0.2199406,0.63261,0.7338923
72057594037941341,0,1.748596,9890.862,-0.2075242,0.2280208,0.7247235,-0.2526999,0.767149,0.7109663,-0.3300123,0.5815737,0.7683032,-0.3076638,0.3891232,0.6741755,-0.2688397,0.1969494,0.6392506,-0.2606196,0.156395,0.6301287,-0.1239032,0.5814189,0.6839697,-0.1045607,0.4144698,0.6770124,-0.2290213,0.4083432,0.581123,-0.2475456,0.4015182,0.5709253,-0.2527244,0.2205459,0.7157738,-0.2242422,-0.01823226,0.709501,-0.2036305,-0.2448838,0.7229307,-0.1489983,0.2450257,0.6818345,-0.1691184,0.03346092,0.6349265,-0.1974412,-0.2176293,0.6057472,-0.2199406,0.63261,0.7338923
72057594037941341,0,1.748596,9890.864,-0.2075242,0.2280208,0.7247235,-0.2526999,0.767149,0.7109663,-0.3300123,0.5815737,0.7683032,-0.3076638,0.3891232,0.6741755,-0.2688397,0.1969494,0.6392506,-0.2606196,0.156395,0.6301287,-0.1239032,0.5814189,0.6839697,-0.1045607,0.4144698,0.6770124,-0.2290213,0.4083432,0.581123,-0.2475456,0.4015182,0.5709253,-0.2527244,0.2205459,0.7157738,-0.2242422,-0.01823226,0.709501,-0.2036305,-0.2448838,0.7229307,-0.1489983,0.2450257,0.6818345,-0.1691184,0.03346092,0.6349265,-0.1974412,-0.2176293,0.6057472,-0.2199406,0.63261,0.7338923
72057594037941341,0,1.756697,9890.867,-0.2134662,0.2266862,0.7171842,-0.259146,0.7643129,0.6942441,-0.3302648,0.5816348,0.7682469,-0.3146264,0.3934458,0.6642894,-0.2733289,0.1992808,0.6353762,-0.2650503,0.1585095,0.6199107,-0.1240679,0.58132,0.6835399,-0.1086449,0.4114729,0.6581588,-0.231324,0.4015286,0.5600958,-0.2343096,0.3955994,0.5485368,-0.2584648,0.2192279,0.7080143,-0.2280718,-0.02021605,0.7042086,-0.2060632,-0.2453653,0.7197263,-0.1546662,0.2438474,0.6747314,-0.1719639,0.03216517,0.6255726,-0.1971937,-0.2190564,0.5936406,-0.225365,0.6304169,0.7189145
72057594037941341,0,1.756697,9890.869,-0.2134662,0.2266862,0.7171842,-0.259146,0.7643129,0.6942441,-0.3302648,0.5816348,0.7682469,-0.3146264,0.3934458,0.6642894,-0.2733289,0.1992808,0.6353762,-0.2650503,0.1585095,0.6199107,-0.1240679,0.58132,0.6835399,-0.1086449,0.4114729,0.6581588,-0.231324,0.4015286,0.5600958,-0.2343096,0.3955994,0.5485368,-0.2584648,0.2192279,0.7080143,-0.2280718,-0.02021605,0.7042086,-0.2060632,-0.2453653,0.7197263,-0.1546662,0.2438474,0.6747314,-0.1719639,0.03216517,0.6255726,-0.1971937,-0.2190564,0.5936406,-0.225365,0.6304169,0.7189145
72057594037941341,0,1.756697,9890.871,-0.2134662,0.2266862,0.7171842,-0.259146,0.7643129,0.6942441,-0.3302648,0.5816348,0.7682469,-0.3146264,0.3934458,0.6642894,-0.2733289,0.1992808,0.6353762,-0.2650503,0.1585095,0.6199107,-0.1240679,0.58132,0.6835399,-0.1086449,0.4114729,0.6581588,-0.231324,0.4015286,0.5600958,-0.2343096,0.3955994,0.5485368,-0.2584648,0.2192279,0.7080143,-0.2280718,-0.02021605,0.7042086,-0.2060632,-0.2453653,0.7197263,-0.1546662,0.2438474,0.6747314,-0.1719639,0.03216517,0.6255726,-0.1971937,-0.2190564,0.5936406,-0.225365,0.6304169,0.7189145
72057594037941341,0,1.756697,9890.872,-0.2134662,0.2266862,0.7171842,-0.259146,0.7643129,0.6942441,-0.3302648,0.5816348,0.7682469,-0.3146264,0.3934458,0.6642894,-0.2733289,0.1992808,0.6353762,-0.2650503,0.1585095,0.6199107,-0.1240679,0.58132,0.6835399,-0.1086449,0.4114729,0.6581588,-0.231324,0.4015286,0.5600958,-0.2343096,0.3955994,0.5485368,-0.2584648,0.2192279,0.7080143,-0.2280718,-0.02021605,0.7042086,-0.2060632,-0.2453653,0.7197263,-0.1546662,0.2438474,0.6747314,-0.1719639,0.03216517,0.6255726,-0.1971937,-0.2190564,0.5936406,-0.225365,0.6304169,0.7189145
72057594037941341,0,1.756697,9890.874,-0.2134662,0.2266862,0.7171842,-0.259146,0.7643129,0.6942441,-0.3302648,0.5816348,0.7682469,-0.3146264,0.3934458,0.6642894,-0.2733289,0.1992808,0.6353762,-0.2650503,0.1585095,0.6199107,-0.1240679,0.58132,0.6835399,-0.1086449,0.4114729,0.6581588,-0.231324,0.4015286,0.5600958,-0.2343096,0.3955994,0.5485368,-0.2584648,0.2192279,0.7080143,-0.2280718,-0.02021605,0.7042086,-0.2060632,-0.2453653,0.7197263,-0.1546662,0.2438474,0.6747314,-0.1719639,0.03216517,0.6255726,-0.1971937,-0.2190564,0.5936406,-0.225365,0.6304169,0.7189145
72057594037941341,0,1.756697,9890.876,-0.2134662,0.2266862,0.7171842,-0.259146,0.7643129,0.6942441,-0.3302648,0.5816348,0.7682469,-0.3146264,0.3934458,0.6642894,-0.2733289,0.1992808,0.6353762,-0.2650503,0.1585095,0.6199107,-0.1240679,0.58132,0.6835399,-0.1086449,0.4114729,0.6581588,-0.231324,0.4015286,0.5600958,-0.2343096,0.3955994,0.5485368,-0.2584648,0.2192279,0.7080143,-0.2280718,-0.02021605,0.7042086,-0.2060632,-0.2453653,0.7197263,-0.1546662,0.2438474,0.6747314,-0.1719639,0.03216517,0.6255726,-0.1971937,-0.2190564,0.5936406,-0.225365,0.6304169,0.7189145
72057594037941341,0,1.756697,9890.878,-0.2134662,0.2266862,0.7171842,-0.259146,0.7643129,0.6942441,-0.3302648,0.5816348,0.7682469,-0.3146264,0.3934458,0.6642894,-0.2733289,0.1992808,0.6353762,-0.2650503,0.1585095,0.6199107,-0.1240679,0.58132,0.6835399,-0.1086449,0.4114729,0.6581588,-0.231324,0.4015286,0.5600958,-0.2343096,0.3955994,0.5485368,-0.2584648,0.2192279,0.7080143,-0.2280718,-0.02021605,0.7042086,-0.2060632,-0.2453653,0.7197263,-0.1546662,0.2438474,0.6747314,-0.1719639,0.03216517,0.6255726,-0.1971937,-0.2190564,0.5936406,-0.225365,0.6304169,0.7189145
72057594037941341,0,1.756697,9890.88,-0.2134662,0.2266862,0.7171842,-0.259146,0.7643129,0.6942441,-0.3302648,0.5816348,0.7682469,-0.3146264,0.3934458,0.6642894,-0.2733289,0.1992808,0.6353762,-0.2650503,0.1585095,0.6199107,-0.1240679,0.58132,0.6835399,-0.1086449,0.4114729,0.6581588,-0.231324,0.4015286,0.5600958,-0.2343096,0.3955994,0.5485368,-0.2584648,0.2192279,0.7080143,-0.2280718,-0.02021605,0.7042086,-0.2060632,-0.2453653,0.7197263,-0.1546662,0.2438474,0.6747314,-0.1719639,0.03216517,0.6255726,-0.1971937,-0.2190564,0.5936406,-0.225365,0.6304169,0.7189145
72057594037941341,0,1.756697,9890.882,-0.2134662,0.2266862,0.7171842,-0.259146,0.7643129,0.6942441,-0.3302648,0.5816348,0.7682469,-0.3146264,0.3934458,0.6642894,-0.2733289,0.1992808,0.6353762,-0.2650503,0.1585095,0.6199107,-0.1240679,0.58132,0.6835399,-0.1086449,0.4114729,0.6581588,-0.231324,0.4015286,0.5600958,-0.2343096,0.3955994,0.5485368,-0.2584648,0.2192279,0.7080143,-0.2280718,-0.02021605,0.7042086,-0.2060632,-0.2453653,0.7197263,-0.1546662,0.2438474,0.6747314,-0.1719639,0.03216517,0.6255726,-0.1971937,-0.2190564,0.5936406,-0.225365,0.6304169,0.7189145
72057594037941341,0,1.756697,9890.884,-0.2134662,0.2266862,0.7171842,-0.259146,0.7643129,0.6942441,-0.3302648,0.5816348,0.7682469,-0.3146264,0.3934458,0.6642894,-0.2733289,0.1992808,0.6353762,-0.2650503,0.1585095,0.6199107,-0.1240679,0.58132,0.6835399,-0.1086449,0.4114729,0.6581588,-0.231324,0.4015286,0.5600958,-0.2343096,0.3955994,0.5485368,-0.2584648,0.2192279,0.7080143,-0.2280718,-0.02021605,0.7042086,-0.2060632,-0.2453653,0.7197263,-0.1546662,0.2438474,0.6747314,-0.1719639,0.03216517,0.6255726,-0.1971937,-0.2190564,0.5936406,-0.225365,0.6304169,0.7189145
72057594037941341,0,1.756697,9890.886,-0.2134662,0.2266862,0.7171842,-0.259146,0.7643129,0.6942441,-0.3302648,0.5816348,0.7682469,-0.3146264,0.3934458,0.6642894,-0.2733289,0.1992808,0.6353762,-0.2650503,0.1585095,0.6199107,-0.1240679,0.58132,0.6835399,-0.1086449,0.4114729,0.6581588,-0.231324,0.4015286,0.5600958,-0.2343096,0.3955994,0.5485368,-0.2584648,0.2192279,0.7080143,-0.2280718,-0.02021605,0.7042086,-0.2060632,-0.2453653,0.7197263,-0.1546662,0.2438474,0.6747314,-0.1719639,0.03216517,0.6255726,-0.1971937,-0.2190564,0.5936406,-0.225365,0.6304169,0.7189145
72057594037941341,0,1.756697,9890.888,-0.2134662,0.2266862,0.7171842,-0.259146,0.7643129,0.6942441,-0.3302648,0.5816348,0.7682469,-0.3146264,0.3934458,0.6642894,-0.2733289,0.1992808,0.6353762,-0.2650503,0.1585095,0.6199107,-0.1240679,0.58132,0.6835399,-0.1086449,0.4114729,0.6581588,-0.231324,0.4015286,0.5600958,-0.2343096,0.3955994,0.5485368,-0.2584648,0.2192279,0.7080143,-0.2280718,-0.02021605,0.7042086,-0.2060632,-0.2453653,0.7197263,-0.1546662,0.2438474,0.6747314,-0.1719639,0.03216517,0.6255726,-0.1971937,-0.2190564,0.5936406,-0.225365,0.6304169,0.7189145
72057594037941341,0,1.756697,9890.89,-0.2134662,0.2266862,0.7171842,-0.259146,0.7643129,0.6942441,-0.3302648,0.5816348,0.7682469,-0.3146264,0.3934458,0.6642894,-0.2733289,0.1992808,0.6353762,-0.2650503,0.1585095,0.6199107,-0.1240679,0.58132,0.6835399,-0.1086449,0.4114729,0.6581588,-0.231324,0.4015286,0.5600958,-0.2343096,0.3955994,0.5485368,-0.2584648,0.2192279,0.7080143,-0.2280718,-0.02021605,0.7042086,-0.2060632,-0.2453653,0.7197263,-0.1546662,0.2438474,0.6747314,-0.1719639,0.03216517,0.6255726,-0.1971937,-0.2190564,0.5936406,-0.225365,0.6304169,0.7189145
72057594037941341,0,1.756697,9890.892,-0.2134662,0.2266862,0.7171842,-0.259146,0.7643129,0.6942441,-0.3302648,0.5816348,0.7682469,-0.3146264,0.3934458,0.6642894,-0.2733289,0.1992808,0.6353762,-0.2650503,0.1585095,0.6199107,-0.1240679,0.58132,0.6835399,-0.1086449,0.4114729,0.6581588,-0.231324,0.4015286,0.5600958,-0.2343096,0.3955994,0.5485368,-0.2584648,0.2192279,0.7080143,-0.2280718,-0.02021605,0.7042086,-0.2060632,-0.2453653,0.7197263,-0.1546662,0.2438474,0.6747314,-0.1719639,0.03216517,0.6255726,-0.1971937,-0.2190564,0.5936406,-0.225365,0.6304169,0.7189145
72057594037941341,0,1.756697,9890.894,-0.2134662,0.2266862,0.7171842,-0.259146,0.7643129,0.6942441,-0.3302648,0.5816348,0.7682469,-0.3146264,0.3934458,0.6642894,-0.2733289,0.1992808,0.6353762,-0.2650503,0.1585095,0.6199107,-0.1240679,0.58132,0.6835399,-0.1086449,0.4114729,0.6581588,-0.231324,0.4015286,0.5600958,-0.2343096,0.3955994,0.5485368,-0.2584648,0.2192279,0.7080143,-0.2280718,-0.02021605,0.7042086,-0.2060632,-0.2453653,0.7197263,-0.1546662,0.2438474,0.6747314,-0.1719639,0.03216517,0.6255726,-0.1971937,-0.2190564,0.5936406,-0.225365,0.6304169,0.7189145
72057594037941341,0,1.756697,9890.896,-0.2134662,0.2266862,0.7171842,-0.259146,0.7643129,0.6942441,-0.3302648,0.5816348,0.7682469,-0.3146264,0.3934458,0.6642894,-0.2733289,0.1992808,0.6353762,-0.2650503,0.1585095,0.6199107,-0.1240679,0.58132,0.6835399,-0.1086449,0.4114729,0.6581588,-0.231324,0.4015286,0.5600958,-0.2343096,0.3955994,0.5485368,-0.2584648,0.2192279,0.7080143,-0.2280718,-0.02021605,0.7042086,-0.2060632,-0.2453653,0.7197263,-0.1546662,0.2438474,0.6747314,-0.1719639,0.03216517,0.6255726,-0.1971937,-0.2190564,0.5936406,-0.225365,0.6304169,0.7189145
72057594037941341,0,1.756697,9890.898,-0.2134662,0.2266862,0.7171842,-0.259146,0.7643129,0.6942441,-0.3302648,0.5816348,0.7682469,-0.3146264,0.3934458,0.6642894,-0.2733289,0.1992808,0.6353762,-0.2650503,0.1585095,0.6199107,-0.1240679,0.58132,0.6835399,-0.1086449,0.4114729,0.6581588,-0.231324,0.4015286,0.5600958,-0.2343096,0.3955994,0.5485368,-0.2584648,0.2192279,0.7080143,-0.2280718,-0.02021605,0.7042086,-0.2060632,-0.2453653,0.7197263,-0.1546662,0.2438474,0.6747314,-0.1719639,0.03216517,0.6255726,-0.1971937,-0.2190564,0.5936406,-0.225365,0.6304169,0.7189145
72057594037941341,0,1.775883,9890.9,-0.2192391,0.2196333,0.6999152,-0.2662404,0.7579113,0.6709332,-0.3356954,0.5759382,0.7185004,-0.3462663,0.3903473,0.6107173,-0.2809331,0.1991178,0.6219848,-0.2685422,0.1589712,0.6043102,-0.1401061,0.5678374,0.6364256,-0.1174293,0.4072987,0.6336128,-0.2451165,0.3957102,0.5428499,-0.2594802,0.389314,0.5254531,-0.2643499,0.2123988,0.6910704,-0.2310395,-0.02533236,0.6893458,-0.2064372,-0.2508339,0.7069632,-0.1597321,0.2372047,0.6574545,-0.1756716,0.02544153,0.612573,-0.1996218,-0.226045,0.5858191,-0.2310617,0.6261259,0.6986272
72057594037941341,0,1.775883,9890.903,-0.2192391,0.2196333,0.6999152,-0.2662404,0.7579113,0.6709332,-0.3356954,0.5759382,0.7185004,-0.3462663,0.3903473,0.6107173,-0.2809331,0.1991178,0.6219848,-0.2685422,0.1589712,0.6043102,-0.1401061,0.5678374,0.6364256,-0.1174293,0.4072987,0.6336128,-0.2451165,0.3957102,0.5428499,-0.2594802,0.389314,0.5254531,-0.2643499,0.2123988,0.6910704,-0.2310395,-0.02533236,0.6893458,-0.2064372,-0.2508339,0.7069632,-0.1597321,0.2372047,0.6574545,-0.1756716,0.02544153,0.612573,-0.1996218,-0.226045,0.5858191,-0.2310617,0.6261259,0.6986272
72057594037941341,0,1.775883,9890.904,-0.2192391,0.2196333,0.6999152,-0.2662404,0.7579113,0.6709332,-0.3356954,0.5759382,0.7185004,-0.3462663,0.3903473,0.6107173,-0.2809331,0.1991178,0.6219848,-0.2685422,0.1589712,0.6043102,-0.1401061,0.5678374,0.6364256,-0.1174293,0.4072987,0.6336128,-0.2451165,0.3957102,0.5428499,-0.2594802,0.389314,0.5254531,-0.2643499,0.2123988,0.6910704,-0.2310395,-0.02533236,0.6893458,-0.2064372,-0.2508339,0.7069632,-0.1597321,0.2372047,0.6574545,-0.1756716,0.02544153,0.612573,-0.1996218,-0.226045,0.5858191,-0.2310617,0.6261259,0.6986272
72057594037941341,0,1.775883,9890.907,-0.2192391,0.2196333,0.6999152,-0.2662404,0.7579113,0.6709332,-0.3356954,0.5759382,0.7185004,-0.3462663,0.3903473,0.6107173,-0.2809331,0.1991178,0.6219848,-0.2685422,0.1589712,0.6043102,-0.1401061,0.5678374,0.6364256,-0.1174293,0.4072987,0.6336128,-0.2451165,0.3957102,0.5428499,-0.2594802,0.389314,0.5254531,-0.2643499,0.2123988,0.6910704,-0.2310395,-0.02533236,0.6893458,-0.2064372,-0.2508339,0.7069632,-0.1597321,0.2372047,0.6574545,-0.1756716,0.02544153,0.612573,-0.1996218,-0.226045,0.5858191,-0.2310617,0.6261259,0.6986272
72057594037941341,0,1.775883,9890.909,-0.2192391,0.2196333,0.6999152,-0.2662404,0.7579113,0.6709332,-0.3356954,0.5759382,0.7185004,-0.3462663,0.3903473,0.6107173,-0.2809331,0.1991178,0.6219848,-0.2685422,0.1589712,0.6043102,-0.1401061,0.5678374,0.6364256,-0.1174293,0.4072987,0.6336128,-0.2451165,0.3957102,0.5428499,-0.2594802,0.389314,0.5254531,-0.2643499,0.2123988,0.6910704,-0.2310395,-0.02533236,0.6893458,-0.2064372,-0.2508339,0.7069632,-0.1597321,0.2372047,0.6574545,-0.1756716,0.02544153,0.612573,-0.1996218,-0.226045,0.5858191,-0.2310617,0.6261259,0.6986272
72057594037941341,0,1.775883,9890.911,-0.2192391,0.2196333,0.6999152,-0.2662404,0.7579113,0.6709332,-0.3356954,0.5759382,0.7185004,-0.3462663,0.3903473,0.6107173,-0.2809331,0.1991178,0.6219848,-0.2685422,0.1589712,0.6043102,-0.1401061,0.5678374,0.6364256,-0.1174293,0.4072987,0.6336128,-0.2451165,0.3957102,0.5428499,-0.2594802,0.389314,0.5254531,-0.2643499,0.2123988,0.6910704,-0.2310395,-0.02533236,0.6893458,-0.2064372,-0.2508339,0.7069632,-0.1597321,0.2372047,0.6574545,-0.1756716,0.02544153,0.612573,-0.1996218,-0.226045,0.5858191,-0.2310617,0.6261259,0.6986272
72057594037941341,0,1.775883,9890.914,-0.2192391,0.2196333,0.6999152,-0.2662404,0.7579113,0.6709332,-0.3356954,0.5759382,0.7185004,-0.3462663,0.3903473,0.6107173,-0.2809331,0.1991178,0.6219848,-0.2685422,0.1589712,0.6043102,-0.1401061,0.5678374,0.6364256,-0.1174293,0.4072987,0.6336128,-0.2451165,0.3957102,0.5428499,-0.2594802,0.389314,0.5254531,-0.2643499,0.2123988,0.6910704,-0.2310395,-0.02533236,0.6893458,-0.2064372,-0.2508339,0.7069632,-0.1597321,0.2372047,0.6574545,-0.1756716,0.02544153,0.612573,-0.1996218,-0.226045,0.5858191,-0.2310617,0.6261259,0.6986272
72057594037941341,0,1.775883,9890.916,-0.2192391,0.2196333,0.6999152,-0.2662404,0.7579113,0.6709332,-0.3356954,0.5759382,0.7185004,-0.3462663,0.3903473,0.6107173,-0.2809331,0.1991178,0.6219848,-0.2685422,0.1589712,0.6043102,-0.1401061,0.5678374,0.6364256,-0.1174293,0.4072987,0.6336128,-0.2451165,0.3957102,0.5428499,-0.2594802,0.389314,0.5254531,-0.2643499,0.2123988,0.6910704,-0.2310395,-0.02533236,0.6893458,-0.2064372,-0.2508339,0.7069632,-0.1597321,0.2372047,0.6574545,-0.1756716,0.02544153,0.612573,-0.1996218,-0.226045,0.5858191,-0.2310617,0.6261259,0.6986272
72057594037941341,0,1.775883,9890.919,-0.2192391,0.2196333,0.6999152,-0.2662404,0.7579113,0.6709332,-0.3356954,0.5759382,0.7185004,-0.3462663,0.3903473,0.6107173,-0.2809331,0.1991178,0.6219848,-0.2685422,0.1589712,0.6043102,-0.1401061,0.5678374,0.6364256,-0.1174293,0.4072987,0.6336128,-0.2451165,0.3957102,0.5428499,-0.2594802,0.389314,0.5254531,-0.2643499,0.2123988,0.6910704,-0.2310395,-0.02533236,0.6893458,-0.2064372,-0.2508339,0.7069632,-0.1597321,0.2372047,0.6574545,-0.1756716,0.02544153,0.612573,-0.1996218,-0.226045,0.5858191,-0.2310617,0.6261259,0.6986272
72057594037941341,0,1.775883,9890.921,-0.2192391,0.2196333,0.6999152,-0.2662404,0.7579113,0.6709332,-0.3356954,0.5759382,0.7185004,-0.3462663,0.3903473,0.6107173,-0.2809331,0.1991178,0.6219848,-0.2685422,0.1589712,0.6043102,-0.1401061,0.5678374,0.6364256,-0.1174293,0.4072987,0.6336128,-0.2451165,0.3957102,0.5428499,-0.2594802,0.389314,0.5254531,-0.2643499,0.2123988,0.6910704,-0.2310395,-0.02533236,0.6893458,-0.2064372,-0.2508339,0.7069632,-0.1597321,0.2372047,0.6574545,-0.1756716,0.02544153,0.612573,-0.1996218,-0.226045,0.5858191,-0.2310617,0.6261259,0.6986272
72057594037941341,0,1.775883,9890.924,-0.2192391,0.2196333,0.6999152,-0.2662404,0.7579113,0.6709332,-0.3356954,0.5759382,0.7185004,-0.3462663,0.3903473,0.6107173,-0.2809331,0.1991178,0.6219848,-0.2685422,0.1589712,0.6043102,-0.1401061,0.5678374,0.6364256,-0.1174293,0.4072987,0.6336128,-0.2451165,0.3957102,0.5428499,-0.2594802,0.389314,0.5254531,-0.2643499,0.2123988,0.6910704,-0.2310395,-0.02533236,0.6893458,-0.2064372,-0.2508339,0.7069632,-0.1597321,0.2372047,0.6574545,-0.1756716,0.02544153,0.612573,-0.1996218,-0.226045,0.5858191,-0.2310617,0.6261259,0.6986272
72057594037941341,0,1.775883,9890.926,-0.2192391,0.2196333,0.6999152,-0.2662404,0.7579113,0.6709332,-0.3356954,0.5759382,0.7185004,-0.3462663,0.3903473,0.6107173,-0.2809331,0.1991178,0.6219848,-0.2685422,0.1589712,0.6043102,-0.1401061,0.5678374,0.6364256,-0.1174293,0.4072987,0.6336128,-0.2451165,0.3957102,0.5428499,-0.2594802,0.389314,0.5254531,-0.2643499,0.2123988,0.6910704,-0.2310395,-0.02533236,0.6893458,-0.2064372,-0.2508339,0.7069632,-0.1597321,0.2372047,0.6574545,-0.1756716,0.02544153,0.612573,-0.1996218,-0.226045,0.5858191,-0.2310617,0.6261259,0.6986272
72057594037941341,0,1.775883,9890.927,-0.2192391,0.2196333,0.6999152,-0.2662404,0.7579113,0.6709332,-0.3356954,0.5759382,0.7185004,-0.3462663,0.3903473,0.6107173,-0.2809331,0.1991178,0.6219848,-0.2685422,0.1589712,0.6043102,-0.1401061,0.5678374,0.6364256,-0.1174293,0.4072987,0.6336128,-0.2451165,0.3957102,0.5428499,-0.2594802,0.389314,0.5254531,-0.2643499,0.2123988,0.6910704,-0.2310395,-0.02533236,0.6893458,-0.2064372,-0.2508339,0.7069632,-0.1597321,0.2372047,0.6574545,-0.1756716,0.02544153,0.612573,-0.1996218,-0.226045,0.5858191,-0.2310617,0.6261259,0.6986272
72057594037941341,0,1.775883,9890.929,-0.2192391,0.2196333,0.6999152,-0.2662404,0.7579113,0.6709332,-0.3356954,0.5759382,0.7185004,-0.3462663,0.3903473,0.6107173,-0.2809331,0.1991178,0.6219848,-0.2685422,0.1589712,0.6043102,-0.1401061,0.5678374,0.6364256,-0.1174293,0.4072987,0.6336128,-0.2451165,0.3957102,0.5428499,-0.2594802,0.389314,0.5254531,-0.2643499,0.2123988,0.6910704,-0.2310395,-0.02533236,0.6893458,-0.2064372,-0.2508339,0.7069632,-0.1597321,0.2372047,0.6574545,-0.1756716,0.02544153,0.612573,-0.1996218,-0.226045,0.5858191,-0.2310617,0.6261259,0.6986272
72057594037941341,0,1.775883,9890.931,-0.2192391,0.2196333,0.6999152,-0.2662404,0.7579113,0.6709332,-0.3356954,0.5759382,0.7185004,-0.3462663,0.3903473,0.6107173,-0.2809331,0.1991178,0.6219848,-0.2685422,0.1589712,0.6043102,-0.1401061,0.5678374,0.6364256,-0.1174293,0.4072987,0.6336128,-0.2451165,0.3957102,0.5428499,-0.2594802,0.389314,0.5254531,-0.2643499,0.2123988,0.6910704,-0.2310395,-0.02533236,0.6893458,-0.2064372,-0.2508339,0.7069632,-0.1597321,0.2372047,0.6574545,-0.1756716,0.02544153,0.612573,-0.1996218,-0.226045,0.5858191,-0.2310617,0.6261259,0.6986272
72057594037941341,0,1.800807,9890.933,-0.2220198,0.2101991,0.6770121,-0.2713307,0.7527426,0.6487436,-0.3328383,0.5727286,0.7017756,-0.3562058,0.3869918,0.5946482,-0.2847831,0.1957176,0.6039805,-0.2717998,0.1559954,0.5855604,-0.1424971,0.5651977,0.6270075,-0.1030028,0.4075169,0.6249509,-0.2599615,0.3863512,0.520134,-0.267913,0.3854108,0.4953794,-0.267797,0.2026826,0.6666028,-0.1938872,-0.03996158,0.7750806,-0.1514884,-0.1964869,0.856333,-0.1613878,0.2288882,0.636364,-0.190635,-0.01998496,0.5914178,-0.2194194,-0.2365051,0.570069,-0.2360927,0.6204722,0.677036
72057594037941341,0,1.800807,9890.935,-0.2220198,0.2101991,0.6770121,-0.2713307,0.7527426,0.6487436,-0.3328383,0.5727286,0.7017756,-0.3562058,0.3869918,0.5946482,-0.2847831,0.1957176,0.6039805,-0.2717998,0.1559954,0.5855604,-0.1424971,0.5651977,0.6270075,-0.1030028,0.4075169,0.6249509,-0.2599615,0.3863512,0.520134,-0.267913,0.3854108,0.4953794,-0.267797,0.2026826,0.6666028,-0.1938872,-0.03996158,0.7750806,-0.1514884,-0.1964869,0.856333,-0.1613878,0.2288882,0.636364,-0.190635,-0.01998496,0.5914178,-0.2194194,-0.2365051,0.570069,-0.2360927,0.6204722,0.677036
72057594037941341,0,1.800807,9890.937,-0.2220198,0.2101991,0.6770121,-0.2713307,0.7527426,0.6487436,-0.3328383,0.5727286,0.7017756,-0.3562058,0.3869918,0.5946482,-0.2847831,0.1957176,0.6039805,-0.2717998,0.1559954,0.5855604,-0.1424971,0.5651977,0.6270075,-0.1030028,0.4075169,0.6249509,-0.2599615,0.3863512,0.520134,-0.267913,0.3854108,0.4953794,-0.267797,0.2026826,0.6666028,-0.1938872,-0.03996158,0.7750806,-0.1514884,-0.1964869,0.856333,-0.1613878,0.2288882,0.636364,-0.190635,-0.01998496,0.5914178,-0.2194194,-0.2365051,0.570069,-0.2360927,0.6204722,0.677036
72057594037941341,0,1.800807,9890.939,-0.2220198,0.2101991,0.6770121,-0.2713307,0.7527426,0.6487436,-0.3328383,0.5727286,0.7017756,-0.3562058,0.3869918,0.5946482,-0.2847831,0.1957176,0.6039805,-0.2717998,0.1559954,0.5855604,-0.1424971,0.5651977,0.6270075,-0.1030028,0.4075169,0.6249509,-0.2599615,0.3863512,0.520134,-0.267913,0.3854108,0.4953794,-0.267797,0.2026826,0.6666028,-0.1938872,-0.03996158,0.7750806,-0.1514884,-0.1964869,0.856333,-0.1613878,0.2288882,0.636364,-0.190635,-0.01998496,0.5914178,-0.2194194,-0.2365051,0.570069,-0.2360927,0.6204722,0.677036
72057594037941341,0,1.800807,9890.941,-0.2220198,0.2101991,0.6770121,-0.2713307,0.7527426,0.6487436,-0.3328383,0.5727286,0.7017756,-0.3562058,0.3869918,0.5946482,-0.2847831,0.1957176,0.6039805,-0.2717998,0.1559954,0.5855604,-0.1424971,0.5651977,0.6270075,-0.1030028,0.4075169,0.6249509,-0.2599615,0.3863512,0.520134,-0.267913,0.3854108,0.4953794,-0.267797,0.2026826,0.6666028,-0.1938872,-0.03996158,0.7750806,-0.1514884,-0.1964869,0.856333,-0.1613878,0.2288882,0.636364,-0.190635,-0.01998496,0.5914178,-0.2194194,-0.2365051,0.570069,-0.2360927,0.6204722,0.677036
72057594037941341,0,1.800807,9890.944,-0.2220198,0.2101991,0.6770121,-0.2713307,0.7527426,0.6487436,-0.3328383,0.5727286,0.7017756,-0.3562058,0.3869918,0.5946482,-0.2847831,0.1957176,0.6039805,-0.2717998,0.1559954,0.5855604,-0.1424971,0.5651977,0.6270075,-0.1030028,0.4075169,0.6249509,-0.2599615,0.3863512,0.520134,-0.267913,0.3854108,0.4953794,-0.267797,0.2026826,0.6666028,-0.1938872,-0.03996158,0.7750806,-0.1514884,-0.1964869,0.856333,-0.1613878,0.2288882,0.636364,-0.190635,-0.01998496,0.5914178,-0.2194194,-0.2365051,0.570069,-0.2360927,0.6204722,0.677036
72057594037941341,0,1.800807,9890.946,-0.2220198,0.2101991,0.6770121,-0.2713307,0.7527426,0.6487436,-0.3328383,0.5727286,0.7017756,-0.3562058,0.3869918,0.5946482,-0.2847831,0.1957176,0.6039805,-0.2717998,0.1559954,0.5855604,-0.1424971,0.5651977,0.6270075,-0.1030028,0.4075169,0.6249509,-0.2599615,0.3863512,0.520134,-0.267913,0.3854108,0.4953794,-0.267797,0.2026826,0.6666028,-0.1938872,-0.03996158,0.7750806,-0.1514884,-0.1964869,0.856333,-0.1613878,0.2288882,0.636364,-0.190635,-0.01998496,0.5914178,-0.2194194,-0.2365051,0.570069,-0.2360927,0.6204722,0.677036
72057594037941341,0,1.800807,9890.947,-0.2220198,0.2101991,0.6770121,-0.2713307,0.7527426,0.6487436,-0.3328383,0.5727286,0.7017756,-0.3562058,0.3869918,0.5946482,-0.2847831,0.1957176,0.6039805,-0.2717998,0.1559954,0.5855604,-0.1424971,0.5651977,0.6270075,-0.1030028,0.4075169,0.6249509,-0.2599615,0.3863512,0.520134,-0.267913,0.3854108,0.4953794,-0.267797,0.2026826,0.6666028,-0.1938872,-0.03996158,0.7750806,-0.1514884,-0.1964869,0.856333,-0.1613878,0.2288882,0.636364,-0.190635,-0.01998496,0.5914178,-0.2194194,-0.2365051,0.570069,-0.2360927,0.6204722,0.677036
72057594037941341,0,1.800807,9890.95,-0.2220198,0.2101991,0.6770121,-0.2713307,0.7527426,0.6487436,-0.3328383,0.5727286,0.7017756,-0.3562058,0.3869918,0.5946482,-0.2847831,0.1957176,0.6039805,-0.2717998,0.1559954,0.5855604,-0.1424971,0.5651977,0.6270075,-0.1030028,0.4075169,0.6249509,-0.2599615,0.3863512,0.520134,-0.267913,0.3854108,0.4953794,-0.267797,0.2026826,0.6666028,-0.1938872,-0.03996158,0.7750806,-0.1514884,-0.1964869,0.856333,-0.1613878,0.2288882,0.636364,-0.190635,-0.01998496,0.5914178,-0.2194194,-0.2365051,0.570069,-0.2360927,0.6204722,0.677036
72057594037941341,0,1.800807,9890.952,-0.2220198,0.2101991,0.6770121,-0.2713307,0.7527426,0.6487436,-0.3328383,0.5727286,0.7017756,-0.3562058,0.3869918,0.5946482,-0.2847831,0.1957176,0.6039805,-0.2717998,0.1559954,0.5855604,-0.1424971,0.5651977,0.6270075,-0.1030028,0.4075169,0.6249509,-0.2599615,0.3863512,0.520134,-0.267913,0.3854108,0.4953794,-0.267797,0.2026826,0.6666028,-0.1938872,-0.03996158,0.7750806,-0.1514884,-0.1964869,0.856333,-0.1613878,0.2288882,0.636364,-0.190635,-0.01998496,0.5914178,-0.2194194,-0.2365051,0.570069,-0.2360927,0.6204722,0.677036
72057594037941341,0,1.800807,9890.954,-0.2220198,0.2101991,0.6770121,-0.2713307,0.7527426,0.6487436,-0.3328383,0.5727286,0.7017756,-0.3562058,0.3869918,0.5946482,-0.2847831,0.1957176,0.6039805,-0.2717998,0.1559954,0.5855604,-0.1424971,0.5651977,0.6270075,-0.1030028,0.4075169,0.6249509,-0.2599615,0.3863512,0.520134,-0.267913,0.3854108,0.4953794,-0.267797,0.2026826,0.6666028,-0.1938872,-0.03996158,0.7750806,-0.1514884,-0.1964869,0.856333,-0.1613878,0.2288882,0.636364,-0.190635,-0.01998496,0.5914178,-0.2194194,-0.2365051,0.570069,-0.2360927,0.6204722,0.677036
72057594037941341,0,1.800807,9890.957,-0.2220198,0.2101991,0.6770121,-0.2713307,0.7527426,0.6487436,-0.3328383,0.5727286,0.7017756,-0.3562058,0.3869918,0.5946482,-0.2847831,0.1957176,0.6039805,-0.2717998,0.1559954,0.5855604,-0.1424971,0.5651977,0.6270075,-0.1030028,0.4075169,0.6249509,-0.2599615,0.3863512,0.520134,-0.267913,0.3854108,0.4953794,-0.267797,0.2026826,0.6666028,-0.1938872,-0.03996158,0.7750806,-0.1514884,-0.1964869,0.856333,-0.1613878,0.2288882,0.636364,-0.190635,-0.01998496,0.5914178,-0.2194194,-0.2365051,0.570069,-0.2360927,0.6204722,0.677036
72057594037941341,0,1.800807,9890.959,-0.2220198,0.2101991,0.6770121,-0.2713307,0.7527426,0.6487436,-0.3328383,0.5727286,0.7017756,-0.3562058,0.3869918,0.5946482,-0.2847831,0.1957176,0.6039805,-0.2717998,0.1559954,0.5855604,-0.1424971,0.5651977,0.6270075,-0.1030028,0.4075169,0.6249509,-0.2599615,0.3863512,0.520134,-0.267913,0.3854108,0.4953794,-0.267797,0.2026826,0.6666028,-0.1938872,-0.03996158,0.7750806,-0.1514884,-0.1964869,0.856333,-0.1613878,0.2288882,0.636364,-0.190635,-0.01998496,0.5914178,-0.2194194,-0.2365051,0.570069,-0.2360927,0.6204722,0.677036
72057594037941341,0,1.800807,9890.961,-0.2220198,0.2101991,0.6770121,-0.2713307,0.7527426,0.6487436,-0.3328383,0.5727286,0.7017756,-0.3562058,0.3869918,0.5946482,-0.2847831,0.1957176,0.6039805,-0.2717998,0.1559954,0.5855604,-0.1424971,0.5651977,0.6270075,-0.1030028,0.4075169,0.6249509,-0.2599615,0.3863512,0.520134,-0.267913,0.3854108,0.4953794,-0.267797,0.2026826,0.6666028,-0.1938872,-0.03996158,0.7750806,-0.1514884,-0.1964869,0.856333,-0.1613878,0.2288882,0.636364,-0.190635,-0.01998496,0.5914178,-0.2194194,-0.2365051,0.570069,-0.2360927,0.6204722,0.677036
72057594037941341,0,1.800807,9890.963,-0.2220198,0.2101991,0.6770121,-0.2713307,0.7527426,0.6487436,-0.3328383,0.5727286,0.7017756,-0.3562058,0.3869918,0.5946482,-0.2847831,0.1957176,0.6039805,-0.2717998,0.1559954,0.5855604,-0.1424971,0.5651977,0.6270075,-0.1030028,0.4075169,0.6249509,-0.2599615,0.3863512,0.520134,-0.267913,0.3854108,0.4953794,-0.267797,0.2026826,0.6666028,-0.1938872,-0.03996158,0.7750806,-0.1514884,-0.1964869,0.856333,-0.1613878,0.2288882,0.636364,-0.190635,-0.01998496,0.5914178,-0.2194194,-0.2365051,0.570069,-0.2360927,0.6204722,0.677036
72057594037941341,0,1.800807,9890.964,-0.2220198,0.2101991,0.6770121,-0.2713307,0.7527426,0.6487436,-0.3328383,0.5727286,0.7017756,-0.3562058,0.3869918,0.5946482,-0.2847831,0.1957176,0.6039805,-0.2717998,0.1559954,0.5855604,-0.1424971,0.5651977,0.6270075,-0.1030028,0.4075169,0.6249509,-0.2599615,0.3863512,0.520134,-0.267913,0.3854108,0.4953794,-0.267797,0.2026826,0.6666028,-0.1938872,-0.03996158,0.7750806,-0.1514884,-0.1964869,0.856333,-0.1613878,0.2288882,0.636364,-0.190635,-0.01998496,0.5914178,-0.2194194,-0.2365051,0.570069,-0.2360927,0.6204722,0.677036
72057594037941341,0,1.800807,9890.966,-0.2220198,0.2101991,0.6770121,-0.2713307,0.7527426,0.6487436,-0.3328383,0.5727286,0.7017756,-0.3562058,0.3869918,0.5946482,-0.2847831,0.1957176,0.6039805,-0.2717998,0.1559954,0.5855604,-0.1424971,0.5651977,0.6270075,-0.1030028,0.4075169,0.6249509,-0.2599615,0.3863512,0.520134,-0.267913,0.3854108,0.4953794,-0.267797,0.2026826,0.6666028,-0.1938872,-0.03996158,0.7750806,-0.1514884,-0.1964869,0.856333,-0.1613878,0.2288882,0.636364,-0.190635,-0.01998496,0.5914178,-0.2194194,-0.2365051,0.570069,-0.2360927,0.6204722,0.677036
72057594037941341,0,1.823878,9890.968,-0.2228671,0.2021767,0.6553141,-0.2762069,0.7471571,0.6229427,-0.3303303,0.5650879,0.6685683,-0.3055873,0.3618254,0.6016406,-0.288962,0.1948584,0.5881451,-0.2863252,0.161781,0.5723796,-0.1467047,0.5579954,0.6018312,-0.102147,0.4030279,0.5996523,-0.2641224,0.3848469,0.50004,-0.267543,0.3852519,0.4640571,-0.269492,0.1951715,0.6440132,-0.1958294,-0.04041556,0.7644247,-0.1539049,-0.1924112,0.8532281,-0.160977,0.2211886,0.6158751,-0.2054189,-0.02504393,0.5732216,-0.2472603,-0.2391247,0.5541297,-0.2409385,0.6151884,0.6531935
72057594037941341,0,1.823878,9890.971,-0.2228671,0.2021767,0.6553141,-0.2762069,0.7471571,0.6229427,-0.3303303,0.5650879,0.6685683,-0.3055873,0.3618254,0.6016406,-0.288962,0.1948584,0.5881451,-0.2863252,0.161781,0.5723796,-0.1467047,0.5579954,0.6018312,-0.102147,0.4030279,0.5996523,-0.2641224,0.3848469,0.50004,-0.267543,0.3852519,0.4640571,-0.269492,0.1951715,0.6440132,-0.1958294,-0.04041556,0.7644247,-0.1539049,-0.1924112,0.8532281,-0.160977,0.2211886,0.6158751,-0.2054189,-0.02504393,0.5732216,-0.2472603,-0.2391247,0.5541297,-0.2409385,0.6151884,0.6531935
72057594037941341,0,1.823878,9890.973,-0.2228671,0.2021767,0.6553141,-0.2762069,0.7471571,0.6229427,-0.3303303,0.5650879,0.6685683,-0.3055873,0.3618254,0.6016406,-0.288962,0.1948584,0.5881451,-0.2863252,0.161781,0.5723796,-0.1467047,0.5579954,0.6018312,-0.102147,0.4030279,0.5996523,-0.2641224,0.3848469,0.50004,-0.267543,0.3852519,0.4640571,-0.269492,0.1951715,0.6440132,-0.1958294,-0.04041556,0.7644247,-0.1539049,-0.1924112,0.8532281,-0.160977,0.2211886,0.6158751,-0.2054189,-0.02504393,0.5732216,-0.2472603,-0.2391247,0.5541297,-0.2409385,0.6151884,0.6531935
72057594037941341,0,1.823878,9890.975,-0.2228671,0.2021767,0.6553141,-0.2762069,0.7471571,0.6229427,-0.3303303,0.5650879,0.6685683,-0.3055873,0.3618254,0.6016406,-0.288962,0.1948584,0.5881451,-0.2863252,0.161781,0.5723796,-0.1467047,0.5579954,0.6018312,-0.102147,0.4030279,0.5996523,-0.2641224,0.3848469,0.50004,-0.267543,0.3852519,0.4640571,-0.269492,0.1951715,0.6440132,-0.1958294,-0.04041556,0.7644247,-0.1539049,-0.1924112,0.8532281,-0.160977,0.2211886,0.6158751,-0.2054189,-0.02504393,0.5732216,-0.2472603,-0.2391247,0.5541297,-0.2409385,0.6151884,0.6531935
72057594037941341,0,1.823878,9890.977,-0.2228671,0.2021767,0.6553141,-0.2762069,0.7471571,0.6229427,-0.3303303,0.5650879,0.6685683,-0.3055873,0.3618254,0.6016406,-0.288962,0.1948584,0.5881451,-0.2863252,0.161781,0.5723796,-0.1467047,0.5579954,0.6018312,-0.102147,0.4030279,0.5996523,-0.2641224,0.3848469,0.50004,-0.267543,0.3852519,0.4640571,-0.269492,0.1951715,0.6440132,-0.1958294,-0.04041556,0.7644247,-0.1539049,-0.1924112,0.8532281,-0.160977,0.2211886,0.6158751,-0.2054189,-0.02504393,0.5732216,-0.2472603,-0.2391247,0.5541297,-0.2409385,0.6151884,0.6531935
72057594037941341,0,1.823878,9890.979,-0.2228671,0.2021767,0.6553141,-0.2762069,0.7471571,0.6229427,-0.3303303,0.5650879,0.6685683,-0.3055873,0.3618254,0.6016406,-0.288962,0.1948584,0.5881451,-0.2863252,0.161781,0.5723796,-0.1467047,0.5579954,0.6018312,-0.102147,0.4030279,0.5996523,-0.2641224,0.3848469,0.50004,-0.267543,0.3852519,0.4640571,-0.269492,0.1951715,0.6440132,-0.1958294,-0.04041556,0.7644247,-0.1539049,-0.1924112,0.8532281,-0.160977,0.2211886,0.6158751,-0.2054189,-0.02504393,0.5732216,-0.2472603,-0.2391247,0.5541297,-0.2409385,0.6151884,0.6531935
72057594037941341,0,1.823878,9890.98,-0.2228671,0.2021767,0.6553141,-0.2762069,0.7471571,0.6229427,-0.3303303,0.5650879,0.6685683,-0.3055873,0.3618254,0.6016406,-0.288962,0.1948584,0.5881451,-0.2863252,0.161781,0.5723796,-0.1467047,0.5579954,0.6018312,-0.102147,0.4030279,0.5996523,-0.2641224,0.3848469,0.50004,-0.267543,0.3852519,0.4640571,-0.269492,0.1951715,0.6440132,-0.1958294,-0.04041556,0.7644247,-0.1539049,-0.1924112,0.8532281,-0.160977,0.2211886,0.6158751,-0.2054189,-0.02504393,0.5732216,-0.2472603,-0.2391247,0.5541297,-0.2409385,0.6151884,0.6531935
72057594037941341,0,1.823878,9890.983,-0.2228671,0.2021767,0.6553141,-0.2762069,0.7471571,0.6229427,-0.3303303,0.5650879,0.6685683,-0.3055873,0.3618254,0.6016406,-0.288962,0.1948584,0.5881451,-0.2863252,0.161781,0.5723796,-0.1467047,0.5579954,0.6018312,-0.102147,0.4030279,0.5996523,-0.2641224,0.3848469,0.50004,-0.267543,0.3852519,0.4640571,-0.269492,0.1951715,0.6440132,-0.1958294,-0.04041556,0.7644247,-0.1539049,-0.1924112,0.8532281,-0.160977,0.2211886,0.6158751,-0.2054189,-0.02504393,0.5732216,-0.2472603,-0.2391247,0.5541297,-0.2409385,0.6151884,0.6531935
72057594037941341,0,1.823878,9890.985,-0.2228671,0.2021767,0.6553141,-0.2762069,0.7471571,0.6229427,-0.3303303,0.5650879,0.6685683,-0.3055873,0.3618254,0.6016406,-0.288962,0.1948584,0.5881451,-0.2863252,0.161781,0.5723796,-0.1467047,0.5579954,0.6018312,-0.102147,0.4030279,0.5996523,-0.2641224,0.3848469,0.50004,-0.267543,0.3852519,0.4640571,-0.269492,0.1951715,0.6440132,-0.1958294,-0.04041556,0.7644247,-0.1539049,-0.1924112,0.8532281,-0.160977,0.2211886,0.6158751,-0.2054189,-0.02504393,0.5732216,-0.2472603,-0.2391247,0.5541297,-0.2409385,0.6151884,0.6531935
72057594037941341,0,1.823878,9890.988,-0.2228671,0.2021767,0.6553141,-0.2762069,0.7471571,0.6229427,-0.3303303,0.5650879,0.6685683,-0.3055873,0.3618254,0.6016406,-0.288962,0.1948584,0.5881451,-0.2863252,0.161781,0.5723796,-0.1467047,0.5579954,0.6018312,-0.102147,0.4030279,0.5996523,-0.2641224,0.3848469,0.50004,-0.267543,0.3852519,0.4640571,-0.269492,0.1951715,0.6440132,-0.1958294,-0.04041556,0.7644247,-0.1539049,-0.1924112,0.8532281,-0.160977,0.2211886,0.6158751,-0.2054189,-0.02504393,0.5732216,-0.2472603,-0.2391247,0.5541297,-0.2409385,0.6151884,0.6531935
72057594037941341,0,1.823878,9890.99,-0.2228671,0.2021767,0.6553141,-0.2762069,0.7471571,0.6229427,-0.3303303,0.5650879,0.6685683,-0.3055873,0.3618254,0.6016406,-0.288962,0.1948584,0.5881451,-0.2863252,0.161781,0.5723796,-0.1467047,0.5579954,0.6018312,-0.102147,0.4030279,0.5996523,-0.2641224,0.3848469,0.50004,-0.267543,0.3852519,0.4640571,-0.269492,0.1951715,0.6440132,-0.1958294,-0.04041556,0.7644247,-0.1539049,-0.1924112,0.8532281,-0.160977,0.2211886,0.6158751,-0.2054189,-0.02504393,0.5732216,-0.2472603,-0.2391247,0.5541297,-0.2409385,0.6151884,0.6531935
72057594037941341,0,1.823878,9890.992,-0.2228671,0.2021767,0.6553141,-0.2762069,0.7471571,0.6229427,-0.3303303,0.5650879,0.6685683,-0.3055873,0.3618254,0.6016406,-0.288962,0.1948584,0.5881451,-0.2863252,0.161781,0.5723796,-0.1467047,0.5579954,0.6018312,-0.102147,0.4030279,0.5996523,-0.2641224,0.3848469,0.50004,-0.267543,0.3852519,0.4640571,-0.269492,0.1951715,0.6440132,-0.1958294,-0.04041556,0.7644247,-0.1539049,-0.1924112,0.8532281,-0.160977,0.2211886,0.6158751,-0.2054189,-0.02504393,0.5732216,-0.2472603,-0.2391247,0.5541297,-0.2409385,0.6151884,0.6531935
72057594037941341,0,1.823878,9890.994,-0.2228671,0.2021767,0.6553141,-0.2762069,0.7471571,0.6229427,-0.3303303,0.5650879,0.6685683,-0.3055873,0.3618254,0.6016406,-0.288962,0.1948584,0.5881451,-0.2863252,0.161781,0.5723796,-0.1467047,0.5579954,0.6018312,-0.102147,0.4030279,0.5996523,-0.2641224,0.3848469,0.50004,-0.267543,0.3852519,0.4640571,-0.269492,0.1951715,0.6440132,-0.1958294,-0.04041556,0.7644247,-0.1539049,-0.1924112,0.8532281,-0.160977,0.2211886,0.6158751,-0.2054189,-0.02504393,0.5732216,-0.2472603,-0.2391247,0.5541297,-0.2409385,0.6151884,0.6531935
72057594037941341,0,1.823878,9890.996,-0.2228671,0.2021767,0.6553141,-0.2762069,0.7471571,0.6229427,-0.3303303,0.5650879,0.6685683,-0.3055873,0.3618254,0.6016406,-0.288962,0.1948584,0.5881451,-0.2863252,0.161781,0.5723796,-0.1467047,0.5579954,0.6018312,-0.102147,0.4030279,0.5996523,-0.2641224,0.3848469,0.50004,-0.267543,0.3852519,0.4640571,-0.269492,0.1951715,0.6440132,-0.1958294,-0.04041556,0.7644247,-0.1539049,-0.1924112,0.8532281,-0.160977,0.2211886,0.6158751,-0.2054189,-0.02504393,0.5732216,-0.2472603,-0.2391247,0.5541297,-0.2409385,0.6151884,0.6531935
72057594037941341,0,1.823878,9890.998,-0.2228671,0.2021767,0.6553141,-0.2762069,0.7471571,0.6229427,-0.3303303,0.5650879,0.6685683,-0.3055873,0.3618254,0.6016406,-0.288962,0.1948584,0.5881451,-0.2863252,0.161781,0.5723796,-0.1467047,0.5579954,0.6018312,-0.102147,0.4030279,0.5996523,-0.2641224,0.3848469,0.50004,-0.267543,0.3852519,0.4640571,-0.269492,0.1951715,0.6440132,-0.1958294,-0.04041556,0.7644247,-0.1539049,-0.1924112,0.8532281,-0.160977,0.2211886,0.6158751,-0.2054189,-0.02504393,0.5732216,-0.2472603,-0.2391247,0.5541297,-0.2409385,0.6151884,0.6531935
72057594037941341,0,1.846423,9891,-0.2245495,0.1948688,0.634003,-0.2792204,0.7430797,0.5995102,-0.3297657,0.5571097,0.6416326,-0.3064224,0.3500147,0.5882345,-0.2942233,0.1944526,0.5726769,-0.2933995,0.163466,0.5598464,-0.1482423,0.5517368,0.5817007,-0.08026686,0.39487,0.5943825,-0.2400817,0.3868842,0.4546032,-0.2711655,0.385928,0.4345963,-0.27267,0.1883164,0.6208044,-0.1981614,-0.04172453,0.7491585,-0.1559951,-0.190289,0.8429675,-0.1607828,0.2142073,0.596626,-0.206297,-0.03146094,0.5514162,-0.2490995,-0.2450355,0.5301931,-0.2451797,0.6096005,0.6299953
72057594037941341,0,1.846423,9891.003,-0.2245495,0.1948688,0.634003,-0.2792204,0.7430797,0.5995102,-0.3297657,0.5571097,0.6416326,-0.3064224,0.3500147,0.5882345,-0.2942233,0.1944526,0.5726769,-0.2933995,0.163466,0.5598464,-0.1482423,0.5517368,0.5817007,-0.08026686,0.39487,0.5943825,-0.2400817,0.3868842,0.4546032,-0.2711655,0.385928,0.4345963,-0.27267,0.1883164,0.6208044,-0.1981614,-0.04172453,0.7491585,-0.1559951,-0.190289,0.8429675,-0.1607828,0.2142073,0.596626,-0.206297,-0.03146094,0.5514162,-0.2490995,-0.2450355,0.5301931,-0.2451797,0.6096005,0.6299953
72057594037941341,0,1.846423,9891.004,-0.2245495,0.1948688,0.634003,-0.2792204,0.7430797,0.5995102,-0.3297657,0.5571097,0.6416326,-0.3064224,0.3500147,0.5882345,-0.2942233,0.1944526,0.5726769,-0.2933995,0.163466,0.5598464,-0.1482423,0.5517368,0.5817007,-0.08026686,0.39487,0.5943825,-0.2400817,0.3868842,0.4546032,-0.2711655,0.385928,0.4345963,-0.27267,0.1883164,0.6208044,-0.1981614,-0.04172453,0.7491585,-0.1559951,-0.190289,0.8429675,-0.1607828,0.2142073,0.596626,-0.206297,-0.03146094,0.5514162,-0.2490995,-0.2450355,0.5301931,-0.2451797,0.6096005,0.6299953
72057594037941341,0,1.846423,9891.006,-0.2245495,0.1948688,0.634003,-0.2792204,0.7430797,0.5995102,-0.3297657,0.5571097,0.6416326,-0.3064224,0.3500147,0.5882345,-0.2942233,0.1944526,0.5726769,-0.2933995,0.163466,0.5598464,-0.1482423,0.5517368,0.5817007,-0.08026686,0.39487,0.5943825,-0.2400817,0.3868842,0.4546032,-0.2711655,0.385928,0.4345963,-0.27267,0.1883164,0.6208044,-0.1981614,-0.04172453,0.7491585,-0.1559951,-0.190289,0.8429675,-0.1607828,0.2142073,0.596626,-0.206297,-0.03146094,0.5514162,-0.2490995,-0.2450355,0.5301931,-0.2451797,0.6096005,0.6299953
72057594037941341,0,1.846423,9891.008,-0.2245495,0.1948688,0.634003,-0.2792204,0.7430797,0.5995102,-0.3297657,0.5571097,0.6416326,-0.3064224,0.3500147,0.5882345,-0.2942233,0.1944526,0.5726769,-0.2933995,0.163466,0.5598464,-0.1482423,0.5517368,0.5817007,-0.08026686,0.39487,0.5943825,-0.2400817,0.3868842,0.4546032,-0.2711655,0.385928,0.4345963,-0.27267,0.1883164,0.6208044,-0.1981614,-0.04172453,0.7491585,-0.1559951,-0.190289,0.8429675,-0.1607828,0.2142073,0.596626,-0.206297,-0.03146094,0.5514162,-0.2490995,-0.2450355,0.5301931,-0.2451797,0.6096005,0.6299953
72057594037941341,0,1.846423,9891.01,-0.2245495,0.1948688,0.634003,-0.2792204,0.7430797,0.5995102,-0.3297657,0.5571097,0.6416326,-0.3064224,0.3500147,0.5882345,-0.2942233,0.1944526,0.5726769,-0.2933995,0.163466,0.5598464,-0.1482423,0.5517368,0.5817007,-0.08026686,0.39487,0.5943825,-0.2400817,0.3868842,0.4546032,-0.2711655,0.385928,0.4345963,-0.27267,0.1883164,0.6208044,-0.1981614,-0.04172453,0.7491585,-0.1559951,-0.190289,0.8429675,-0.1607828,0.2142073,0.596626,-0.206297,-0.03146094,0.5514162,-0.2490995,-0.2450355,0.5301931,-0.2451797,0.6096005,0.6299953
72057594037941341,0,1.846423,9891.013,-0.2245495,0.1948688,0.634003,-0.2792204,0.7430797,0.5995102,-0.3297657,0.5571097,0.6416326,-0.3064224,0.3500147,0.5882345,-0.2942233,0.1944526,0.5726769,-0.2933995,0.163466,0.5598464,-0.1482423,0.5517368,0.5817007,-0.08026686,0.39487,0.5943825,-0.2400817,0.3868842,0.4546032,-0.2711655,0.385928,0.4345963,-0.27267,0.1883164,0.6208044,-0.1981614,-0.04172453,0.7491585,-0.1559951,-0.190289,0.8429675,-0.1607828,0.2142073,0.596626,-0.206297,-0.03146094,0.5514162,-0.2490995,-0.2450355,0.5301931,-0.2451797,0.6096005,0.6299953
72057594037941341,0,1.846423,9891.014,-0.2245495,0.1948688,0.634003,-0.2792204,0.7430797,0.5995102,-0.3297657,0.5571097,0.6416326,-0.3064224,0.3500147,0.5882345,-0.2942233,0.1944526,0.5726769,-0.2933995,0.163466,0.5598464,-0.1482423,0.5517368,0.5817007,-0.08026686,0.39487,0.5943825,-0.2400817,0.3868842,0.4546032,-0.2711655,0.385928,0.4345963,-0.27267,0.1883164,0.6208044,-0.1981614,-0.04172453,0.7491585,-0.1559951,-0.190289,0.8429675,-0.1607828,0.2142073,0.596626,-0.206297,-0.03146094,0.5514162,-0.2490995,-0.2450355,0.5301931,-0.2451797,0.6096005,0.6299953
72057594037941341,0,1.846423,9891.016,-0.2245495,0.1948688,0.634003,-0.2792204,0.7430797,0.5995102,-0.3297657,0.5571097,0.6416326,-0.3064224,0.3500147,0.5882345,-0.2942233,0.1944526,0.5726769,-0.2933995,0.163466,0.5598464,-0.1482423,0.5517368,0.5817007,-0.08026686,0.39487,0.5943825,-0.2400817,0.3868842,0.4546032,-0.2711655,0.385928,0.4345963,-0.27267,0.1883164,0.6208044,-0.1981614,-0.04172453,0.7491585,-0.1559951,-0.190289,0.8429675,-0.1607828,0.2142073,0.596626,-0.206297,-0.03146094,0.5514162,-0.2490995,-0.2450355,0.5301931,-0.2451797,0.6096005,0.6299953
72057594037941341,0,1.846423,9891.019,-0.2245495,0.1948688,0.634003,-0.2792204,0.7430797,0.5995102,-0.3297657,0.5571097,0.6416326,-0.3064224,0.3500147,0.5882345,-0.2942233,0.1944526,0.5726769,-0.2933995,0.163466,0.5598464,-0.1482423,0.5517368,0.5817007,-0.08026686,0.39487,0.5943825,-0.2400817,0.3868842,0.4546032,-0.2711655,0.385928,0.4345963,-0.27267,0.1883164,0.6208044,-0.1981614,-0.04172453,0.7491585,-0.1559951,-0.190289,0.8429675,-0.1607828,0.2142073,0.596626,-0.206297,-0.03146094,0.5514162,-0.2490995,-0.2450355,0.5301931,-0.2451797,0.6096005,0.6299953
72057594037941341,0,1.846423,9891.021,-0.2245495,0.1948688,0.634003,-0.2792204,0.7430797,0.5995102,-0.3297657,0.5571097,0.6416326,-0.3064224,0.3500147,0.5882345,-0.2942233,0.1944526,0.5726769,-0.2933995,0.163466,0.5598464,-0.1482423,0.5517368,0.5817007,-0.08026686,0.39487,0.5943825,-0.2400817,0.3868842,0.4546032,-0.2711655,0.385928,0.4345963,-0.27267,0.1883164,0.6208044,-0.1981614,-0.04172453,0.7491585,-0.1559951,-0.190289,0.8429675,-0.1607828,0.2142073,0.596626,-0.206297,-0.03146094,0.5514162,-0.2490995,-0.2450355,0.5301931,-0.2451797,0.6096005,0.6299953
72057594037941341,0,1.846423,9891.023,-0.2245495,0.1948688,0.634003,-0.2792204,0.7430797,0.5995102,-0.3297657,0.5571097,0.6416326,-0.3064224,0.3500147,0.5882345,-0.2942233,0.1944526,0.5726769,-0.2933995,0.163466,0.5598464,-0.1482423,0.5517368,0.5817007,-0.08026686,0.39487,0.5943825,-0.2400817,0.3868842,0.4546032,-0.2711655,0.385928,0.4345963,-0.27267,0.1883164,0.6208044,-0.1981614,-0.04172453,0.7491585,-0.1559951,-0.190289,0.8429675,-0.1607828,0.2142073,0.596626,-0.206297,-0.03146094,0.5514162,-0.2490995,-0.2450355,0.5301931,-0.2451797,0.6096005,0.6299953
72057594037941341,0,1.846423,9891.025,-0.2245495,0.1948688,0.634003,-0.2792204,0.7430797,0.5995102,-0.3297657,0.5571097,0.6416326,-0.3064224,0.3500147,0.5882345,-0.2942233,0.1944526,0.5726769,-0.2933995,0.163466,0.5598464,-0.1482423,0.5517368,0.5817007,-0.08026686,0.39487,0.5943825,-0.2400817,0.3868842,0.4546032,-0.2711655,0.385928,0.4345963,-0.27267,0.1883164,0.6208044,-0.1981614,-0.04172453,0.7491585,-0.1559951,-0.190289,0.8429675,-0.1607828,0.2142073,0.596626,-0.206297,-0.03146094,0.5514162,-0.2490995,-0.2450355,0.5301931,-0.2451797,0.6096005,0.6299953
72057594037941341,0,1.846423,9891.028,-0.2245495,0.1948688,0.634003,-0.2792204,0.7430797,0.5995102,-0.3297657,0.5571097,0.6416326,-0.3064224,0.3500147,0.5882345,-0.2942233,0.1944526,0.5726769,-0.2933995,0.163466,0.5598464,-0.1482423,0.5517368,0.5817007,-0.08026686,0.39487,0.5943825,-0.2400817,0.3868842,0.4546032,-0.2711655,0.385928,0.4345963,-0.27267,0.1883164,0.6208044,-0.1981614,-0.04172453,0.7491585,-0.1559951,-0.190289,0.8429675,-0.1607828,0.2142073,0.596626,-0.206297,-0.03146094,0.5514162,-0.2490995,-0.2450355,0.5301931,-0.2451797,0.6096005,0.6299953
72057594037941341,0,1.846423,9891.03,-0.2245495,0.1948688,0.634003,-0.2792204,0.7430797,0.5995102,-0.3297657,0.5571097,0.6416326,-0.3064224,0.3500147,0.5882345,-0.2942233,0.1944526,0.5726769,-0.2933995,0.163466,0.5598464,-0.1482423,0.5517368,0.5817007,-0.08026686,0.39487,0.5943825,-0.2400817,0.3868842,0.4546032,-0.2711655,0.385928,0.4345963,-0.27267,0.1883164,0.6208044,-0.1981614,-0.04172453,0.7491585,-0.1559951,-0.190289,0.8429675,-0.1607828,0.2142073,0.596626,-0.206297,-0.03146094,0.5514162,-0.2490995,-0.2450355,0.5301931,-0.2451797,0.6096005,0.6299953
72057594037941341,0,1.846423,9891.032,-0.2245495,0.1948688,0.634003,-0.2792204,0.7430797,0.5995102,-0.3297657,0.5571097,0.6416326,-0.3064224,0.3500147,0.5882345,-0.2942233,0.1944526,0.5726769,-0.2933995,0.163466,0.5598464,-0.1482423,0.5517368,0.5817007,-0.08026686,0.39487,0.5943825,-0.2400817,0.3868842,0.4546032,-0.2711655,0.385928,0.4345963,-0.27267,0.1883164,0.6208044,-0.1981614,-0.04172453,0.7491585,-0.1559951,-0.190289,0.8429675,-0.1607828,0.2142073,0.596626,-0.206297,-0.03146094,0.5514162,-0.2490995,-0.2450355,0.5301931,-0.2451797,0.6096005,0.6299953
72057594037941341,0,1.867335,9891.034,-0.2266126,0.188747,0.6140324,-0.2843179,0.739471,0.5770022,-0.3313377,0.5516893,0.6190369,-0.3088532,0.3463365,0.5573525,-0.4123278,0.375064,0.4430868,-0.4480302,0.384518,0.4074902,-0.1504934,0.5427176,0.5566257,-0.1111546,0.3881043,0.5395904,-0.2400364,0.3870492,0.4489185,-0.2398689,0.3886389,0.4472201,-0.2753044,0.1834278,0.6011387,-0.2022953,-0.04206577,0.7364627,-0.1612316,-0.1882347,0.8349563,-0.1616504,0.2075555,0.5768337,-0.2212931,-0.03405103,0.5524268,-0.2765725,-0.2450252,0.5497626,-0.2479308,0.6087486,0.6107616
72057594037941341,0,1.867335,9891.036,-0.2266126,0.188747,0.6140324,-0.2843179,0.739471,0.5770022,-0.3313377,0.5516893,0.6190369,-0.3088532,0.3463365,0.5573525,-0.4123278,0.375064,0.4430868,-0.4480302,0.384518,0.4074902,-0.1504934,0.5427176,0.5566257,-0.1111546,0.3881043,0.5395904,-0.2400364,0.3870492,0.4489185,-0.2398689,0.3886389,0.4472201,-0.2753044,0.1834278,0.6011387,-0.2022953,-0.04206577,0.7364627,-0.1612316,-0.1882347,0.8349563,-0.1616504,0.2075555,0.5768337,-0.2212931,-0.03405103,0.5524268,-0.2765725,-0.2450252,0.5497626,-0.2479308,0.6087486,0.6107616
72057594037941341,0,1.867335,9891.038,-0.2266126,0.188747,0.6140324,-0.2843179,0.739471,0.5770022,-0.3313377,0.5516893,0.6190369,-0.3088532,0.3463365,0.5573525,-0.4123278,0.375064,0.4430868,-0.4480302,0.384518,0.4074902,-0.1504934,0.5427176,0.5566257,-0.1111546,0.3881043,0.5395904,-0.2400364,0.3870492,0.4489185,-0.2398689,0.3886389,0.4472201,-0.2753044,0.1834278,0.6011387,-0.2022953,-0.04206577,0.7364627,-0.1612316,-0.1882347,0.8349563,-0.1616504,0.2075555,0.5768337,-0.2212931,-0.03405103,0.5524268,-0.2765725,-0.2450252,0.5497626,-0.2479308,0.6087486,0.6107616
72057594037941341,0,1.867335,9891.041,-0.2266126,0.188747,0.6140324,-0.2843179,0.739471,0.5770022,-0.3313377,0.5516893,0.6190369,-0.3088532,0.3463365,0.5573525,-0.4123278,0.375064,0.4430868,-0.4480302,0.384518,0.4074902,-0.1504934,0.5427176,0.5566257,-0.1111546,0.3881043,0.5395904,-0.2400364,0.3870492,0.4489185,-0.2398689,0.3886389,0.4472201,-0.2753044,0.1834278,0.6011387,-0.2022953,-0.04206577,0.7364627,-0.1612316,-0.1882347,0.8349563,-0.1616504,0.2075555,0.5768337,-0.2212931,-0.03405103,0.5524268,-0.2765725,-0.2450252,0.5497626,-0.2479308,0.6087486,0.6107616
72057594037941341,0,1.867335,9891.044,-0.2266126,0.188747,0.6140324,-0.2843179,0.739471,0.5770022,-0.3313377,0.5516893,0.6190369,-0.3088532,0.3463365,0.5573525,-0.4123278,0.375064,0.4430868,-0.4480302,0.384518,0.4074902,-0.1504934,0.5427176,0.5566257,-0.1111546,0.3881043,0.5395904,-0.2400364,0.3870492,0.4489185,-0.2398689,0.3886389,0.4472201,-0.2753044,0.1834278,0.6011387,-0.2022953,-0.04206577,0.7364627,-0.1612316,-0.1882347,0.8349563,-0.1616504,0.2075555,0.5768337,-0.2212931,-0.03405103,0.5524268,-0.2765725,-0.2450252,0.5497626,-0.2479308,0.6087486,0.6107616
72057594037941341,0,1.867335,9891.046,-0.2266126,0.188747,0.6140324,-0.2843179,0.739471,0.5770022,-0.3313377,0.5516893,0.6190369,-0.3088532,0.3463365,0.5573525,-0.4123278,0.375064,0.4430868,-0.4480302,0.384518,0.4074902,-0.1504934,0.5427176,0.5566257,-0.1111546,0.3881043,0.5395904,-0.2400364,0.3870492,0.4489185,-0.2398689,0.3886389,0.4472201,-0.2753044,0.1834278,0.6011387,-0.2022953,-0.04206577,0.7364627,-0.1612316,-0.1882347,0.8349563,-0.1616504,0.2075555,0.5768337,-0.2212931,-0.03405103,0.5524268,-0.2765725,-0.2450252,0.5497626,-0.2479308,0.6087486,0.6107616
72057594037941341,0,1.867335,9891.047,-0.2266126,0.188747,0.6140324,-0.2843179,0.739471,0.5770022,-0.3313377,0.5516893,0.6190369,-0.3088532,0.3463365,0.5573525,-0.4123278,0.375064,0.4430868,-0.4480302,0.384518,0.4074902,-0.1504934,0.5427176,0.5566257,-0.1111546,0.3881043,0.5395904,-0.2400364,0.3870492,0.4489185,-0.2398689,0.3886389,0.4472201,-0.2753044,0.1834278,0.6011387,-0.2022953,-0.04206577,0.7364627,-0.1612316,-0.1882347,0.8349563,-0.1616504,0.2075555,0.5768337,-0.2212931,-0.03405103,0.5524268,-0.2765725,-0.2450252,0.5497626,-0.2479308,0.6087486,0.6107616
72057594037941341,0,1.867335,9891.049,-0.2266126,0.188747,0.6140324,-0.2843179,0.739471,0.5770022,-0.3313377,0.5516893,0.6190369,-0.3088532,0.3463365,0.5573525,-0.4123278,0.375064,0.4430868,-0.4480302,0.384518,0.4074902,-0.1504934,0.5427176,0.5566257,-0.1111546,0.3881043,0.5395904,-0.2400364,0.3870492,0.4489185,-0.2398689,0.3886389,0.4472201,-0.2753044,0.1834278,0.6011387,-0.2022953,-0.04206577,0.7364627,-0.1612316,-0.1882347,0.8349563,-0.1616504,0.2075555,0.5768337,-0.2212931,-0.03405103,0.5524268,-0.2765725,-0.2450252,0.5497626,-0.2479308,0.6087486,0.6107616
72057594037941341,0,1.867335,9891.051,-0.2266126,0.188747,0.6140324,-0.2843179,0.739471,0.5770022,-0.3313377,0.5516893,0.6190369,-0.3088532,0.3463365,0.5573525,-0.4123278,0.375064,0.4430868,-0.4480302,0.384518,0.4074902,-0.1504934,0.5427176,0.5566257,-0.1111546,0.3881043,0.5395904,-0.2400364,0.3870492,0.4489185,-0.2398689,0.3886389,0.4472201,-0.2753044,0.1834278,0.6011387,-0.2022953,-0.04206577,0.7364627,-0.1612316,-0.1882347,0.8349563,-0.1616504,0.2075555,0.5768337,-0.2212931,-0.03405103,0.5524268,-0.2765725,-0.2450252,0.5497626,-0.2479308,0.6087486,0.6107616
72057594037941341,0,1.867335,9891.053,-0.2266126,0.188747,0.6140324,-0.2843179,0.739471,0.5770022,-0.3313377,0.5516893,0.6190369,-0.3088532,0.3463365,0.5573525,-0.4123278,0.375064,0.4430868,-0.4480302,0.384518,0.4074902,-0.1504934,0.5427176,0.5566257,-0.1111546,0.3881043,0.5395904,-0.2400364,0.3870492,0.4489185,-0.2398689,0.3886389,0.4472201,-0.2753044,0.1834278,0.6011387,-0.2022953,-0.04206577,0.7364627,-0.1612316,-0.1882347,0.8349563,-0.1616504,0.2075555,0.5768337,-0.2212931,-0.03405103,0.5524268,-0.2765725,-0.2450252,0.5497626,-0.2479308,0.6087486,0.6107616
72057594037941341,0,1.867335,9891.054,-0.2266126,0.188747,0.6140324,-0.2843179,0.739471,0.5770022,-0.3313377,0.5516893,0.6190369,-0.3088532,0.3463365,0.5573525,-0.4123278,0.375064,0.4430868,-0.4480302,0.384518,0.4074902,-0.1504934,0.5427176,0.5566257,-0.1111546,0.3881043,0.5395904,-0.2400364,0.3870492,0.4489185,-0.2398689,0.3886389,0.4472201,-0.2753044,0.1834278,0.6011387,-0.2022953,-0.04206577,0.7364627,-0.1612316,-0.1882347,0.8349563,-0.1616504,0.2075555,0.5768337,-0.2212931,-0.03405103,0.5524268,-0.2765725,-0.2450252,0.5497626,-0.2479308,0.6087486,0.6107616
72057594037941341,0,1.867335,9891.056,-0.2266126,0.188747,0.6140324,-0.2843179,0.739471,0.5770022,-0.3313377,0.5516893,0.6190369,-0.3088532,0.3463365,0.5573525,-0.4123278,0.375064,0.4430868,-0.4480302,0.384518,0.4074902,-0.1504934,0.5427176,0.5566257,-0.1111546,0.3881043,0.5395904,-0.2400364,0.3870492,0.4489185,-0.2398689,0.3886389,0.4472201,-0.2753044,0.1834278,0.6011387,-0.2022953,-0.04206577,0.7364627,-0.1612316,-0.1882347,0.8349563,-0.1616504,0.2075555,0.5768337,-0.2212931,-0.03405103,0.5524268,-0.2765725,-0.2450252,0.5497626,-0.2479308,0.6087486,0.6107616
72057594037941341,0,1.867335,9891.06,-0.2266126,0.188747,0.6140324,-0.2843179,0.739471,0.5770022,-0.3313377,0.5516893,0.6190369,-0.3088532,0.3463365,0.5573525,-0.4123278,0.375064,0.4430868,-0.4480302,0.384518,0.4074902,-0.1504934,0.5427176,0.5566257,-0.1111546,0.3881043,0.5395904,-0.2400364,0.3870492,0.4489185,-0.2398689,0.3886389,0.4472201,-0.2753044,0.1834278,0.6011387,-0.2022953,-0.04206577,0.7364627,-0.1612316,-0.1882347,0.8349563,-0.1616504,0.2075555,0.5768337,-0.2212931,-0.03405103,0.5524268,-0.2765725,-0.2450252,0.5497626,-0.2479308,0.6087486,0.6107616
72057594037941341,0,1.867335,9891.061,-0.2266126,0.188747,0.6140324,-0.2843179,0.739471,0.5770022,-0.3313377,0.5516893,0.6190369,-0.3088532,0.3463365,0.5573525,-0.4123278,0.375064,0.4430868,-0.4480302,0.384518,0.4074902,-0.1504934,0.5427176,0.5566257,-0.1111546,0.3881043,0.5395904,-0.2400364,0.3870492,0.4489185,-0.2398689,0.3886389,0.4472201,-0.2753044,0.1834278,0.6011387,-0.2022953,-0.04206577,0.7364627,-0.1612316,-0.1882347,0.8349563,-0.1616504,0.2075555,0.5768337,-0.2212931,-0.03405103,0.5524268,-0.2765725,-0.2450252,0.5497626,-0.2479308,0.6087486,0.6107616
72057594037941341,0,1.867335,9891.063,-0.2266126,0.188747,0.6140324,-0.2843179,0.739471,0.5770022,-0.3313377,0.5516893,0.6190369,-0.3088532,0.3463365,0.5573525,-0.4123278,0.375064,0.4430868,-0.4480302,0.384518,0.4074902,-0.1504934,0.5427176,0.5566257,-0.1111546,0.3881043,0.5395904,-0.2400364,0.3870492,0.4489185,-0.2398689,0.3886389,0.4472201,-0.2753044,0.1834278,0.6011387,-0.2022953,-0.04206577,0.7364627,-0.1612316,-0.1882347,0.8349563,-0.1616504,0.2075555,0.5768337,-0.2212931,-0.03405103,0.5524268,-0.2765725,-0.2450252,0.5497626,-0.2479308,0.6087486,0.6107616
72057594037941341,0,1.867335,9891.065,-0.2266126,0.188747,0.6140324,-0.2843179,0.739471,0.5770022,-0.3313377,0.5516893,0.6190369,-0.3088532,0.3463365,0.5573525,-0.4123278,0.375064,0.4430868,-0.4480302,0.384518,0.4074902,-0.1504934,0.5427176,0.5566257,-0.1111546,0.3881043,0.5395904,-0.2400364,0.3870492,0.4489185,-0.2398689,0.3886389,0.4472201,-0.2753044,0.1834278,0.6011387,-0.2022953,-0.04206577,0.7364627,-0.1612316,-0.1882347,0.8349563,-0.1616504,0.2075555,0.5768337,-0.2212931,-0.03405103,0.5524268,-0.2765725,-0.2450252,0.5497626,-0.2479308,0.6087486,0.6107616
72057594037941341,0,1.885988,9891.067,-0.2249118,0.1823069,0.5961876,-0.2929733,0.7395401,0.5560532,-0.330428,0.5485479,0.5960955,-0.310367,0.3417102,0.5385348,-0.3063948,0.1885682,0.5309389,-0.3016732,0.1604879,0.5206804,-0.1533041,0.5354611,0.5333676,-0.1124242,0.3810029,0.5284002,-0.2421981,0.3882451,0.4393536,-0.2335166,0.3911349,0.4449661,-0.2743302,0.1776142,0.580251,-0.2016867,-0.0460107,0.7180707,-0.1609672,-0.1914434,0.8183574,-0.159097,0.2012849,0.5619289,-0.2348707,-0.03484258,0.5400294,-0.3041198,-0.2417898,0.5397716,-0.2486744,0.6064593,0.5872742
72057594037941341,0,1.885988,9891.07,-0.2249118,0.1823069,0.5961876,-0.2929733,0.7395401,0.5560532,-0.330428,0.5485479,0.5960955,-0.310367,0.3417102,0.5385348,-0.3063948,0.1885682,0.5309389,-0.3016732,0.1604879,0.5206804,-0.1533041,0.5354611,0.5333676,-0.1124242,0.3810029,0.5284002,-0.2421981,0.3882451,0.4393536,-0.2335166,0.3911349,0.4449661,-0.2743302,0.1776142,0.580251,-0.2016867,-0.0460107,0.7180707,-0.1609672,-0.1914434,0.8183574,-0.159097,0.2012849,0.5619289,-0.2348707,-0.03484258,0.5400294,-0.3041198,-0.2417898,0.5397716,-0.2486744,0.6064593,0.5872742
72057594037941341,0,1.885988,9891.072,-0.2249118,0.1823069,0.5961876,-0.2929733,0.7395401,0.5560532,-0.330428,0.5485479,0.5960955,-0.310367,0.3417102,0.5385348,-0.3063948,0.1885682,0.5309389,-0.3016732,0.1604879,0.5206804,-0.1533041,0.5354611,0.5333676,-0.1124242,0.3810029,0.5284002,-0.2421981,0.3882451,0.4393536,-0.2335166,0.3911349,0.4449661,-0.2743302,0.1776142,0.580251,-0.2016867,-0.0460107,0.7180707,-0.1609672,-0.1914434,0.8183574,-0.159097,0.2012849,0.5619289,-0.2348707,-0.03484258,0.5400294,-0.3041198,-0.2417898,0.5397716,-0.2486744,0.6064593,0.5872742
72057594037941341,0,1.885988,9891.074,-0.2249118,0.1823069,0.5961876,-0.2929733,0.7395401,0.5560532,-0.330428,0.5485479,0.5960955,-0.310367,0.3417102,0.5385348,-0.3063948,0.1885682,0.5309389,-0.3016732,0.1604879,0.5206804,-0.1533041,0.5354611,0.5333676,-0.1124242,0.3810029,0.5284002,-0.2421981,0.3882451,0.4393536,-0.2335166,0.3911349,0.4449661,-0.2743302,0.1776142,0.580251,-0.2016867,-0.0460107,0.7180707,-0.1609672,-0.1914434,0.8183574,-0.159097,0.2012849,0.5619289,-0.2348707,-0.03484258,0.5400294,-0.3041198,-0.2417898,0.5397716,-0.2486744,0.6064593,0.5872742
72057594037941341,0,1.885988,9891.076,-0.2249118,0.1823069,0.5961876,-0.2929733,0.7395401,0.5560532,-0.330428,0.5485479,0.5960955,-0.310367,0.3417102,0.5385348,-0.3063948,0.1885682,0.5309389,-0.3016732,0.1604879,0.5206804,-0.1533041,0.5354611,0.5333676,-0.1124242,0.3810029,0.5284002,-0.2421981,0.3882451,0.4393536,-0.2335166,0.3911349,0.4449661,-0.2743302,0.1776142,0.580251,-0.2016867,-0.0460107,0.7180707,-0.1609672,-0.1914434,0.8183574,-0.159097,0.2012849,0.5619289,-0.2348707,-0.03484258,0.5400294,-0.3041198,-0.2417898,0.5397716,-0.2486744,0.6064593,0.5872742
72057594037941341,0,1.885988,9891.078,-0.2249118,0.1823069,0.5961876,-0.2929733,0.7395401,0.5560532,-0.330428,0.5485479,0.5960955,-0.310367,0.3417102,0.5385348,-0.3063948,0.1885682,0.5309389,-0.3016732,0.1604879,0.5206804,-0.1533041,0.5354611,0.5333676,-0.1124242,0.3810029,0.5284002,-0.2421981,0.3882451,0.4393536,-0.2335166,0.3911349,0.4449661,-0.2743302,0.1776142,0.580251,-0.2016867,-0.0460107,0.7180707,-0.1609672,-0.1914434,0.8183574,-0.159097,0.2012849,0.5619289,-0.2348707,-0.03484258,0.5400294,-0.3041198,-0.2417898,0.5397716,-0.2486744,0.6064593,0.5872742
72057594037941341,0,1.885988,9891.079,-0.2249118,0.1823069,0.5961876,-0.2929733,0.7395401,0.5560532,-0.330428,0.5485479,0.5960955,-0.310367,0.3417102,0.5385348,-0.3063948,0.1885682,0.5309389,-0.3016732,0.1604879,0.5206804,-0.1533041,0.5354611,0.5333676,-0.1124242,0.3810029,0.5284002,-0.2421981,0.3882451,0.4393536,-0.2335166,0.3911349,0.4449661,-0.2743302,0.1776142,0.580251,-0.2016867,-0.0460107,0.7180707,-0.1609672,-0.1914434,0.8183574,-0.159097,0.2012849,0.5619289,-0.2348707,-0.03484258,0.5400294,-0.3041198,-0.2417898,0.5397716,-0.2486744,0.6064593,0.5872742
72057594037941341,0,1.885988,9891.081,-0.2249118,0.1823069,0.5961876,-0.2929733,0.7395401,0.5560532,-0.330428,0.5485479,0.5960955,-0.310367,0.3417102,0.5385348,-0.3063948,0.1885682,0.5309389,-0.3016732,0.1604879,0.5206804,-0.1533041,0.5354611,0.5333676,-0.1124242,0.3810029,0.5284002,-0.2421981,0.3882451,0.4393536,-0.2335166,0.3911349,0.4449661,-0.2743302,0.1776142,0.580251,-0.2016867,-0.0460107,0.7180707,-0.1609672,-0.1914434,0.8183574,-0.159097,0.2012849,0.5619289,-0.2348707,-0.03484258,0.5400294,-0.3041198,-0.2417898,0.5397716,-0.2486744,0.6064593,0.5872742
72057594037941341,0,1.885988,9891.083,-0.2249118,0.1823069,0.5961876,-0.2929733,0.7395401,0.5560532,-0.330428,0.5485479,0.5960955,-0.310367,0.3417102,0.5385348,-0.3063948,0.1885682,0.5309389,-0.3016732,0.1604879,0.5206804,-0.1533041,0.5354611,0.5333676,-0.1124242,0.3810029,0.5284002,-0.2421981,0.3882451,0.4393536,-0.2335166,0.3911349,0.4449661,-0.2743302,0.1776142,0.580251,-0.2016867,-0.0460107,0.7180707,-0.1609672,-0.1914434,0.8183574,-0.159097,0.2012849,0.5619289,-0.2348707,-0.03484258,0.5400294,-0.3041198,-0.2417898,0.5397716,-0.2486744,0.6064593,0.5872742
72057594037941341,0,1.885988,9891.085,-0.2249118,0.1823069,0.5961876,-0.2929733,0.7395401,0.5560532,-0.330428,0.5485479,0.5960955,-0.310367,0.3417102,0.5385348,-0.3063948,0.1885682,0.5309389,-0.3016732,0.1604879,0.5206804,-0.1533041,0.5354611,0.5333676,-0.1124242,0.3810029,0.5284002,-0.2421981,0.3882451,0.4393536,-0.2335166,0.3911349,0.4449661,-0.2743302,0.1776142,0.580251,-0.2016867,-0.0460107,0.7180707,-0.1609672,-0.1914434,0.8183574,-0.159097,0.2012849,0.5619289,-0.2348707,-0.03484258,0.5400294,-0.3041198,-0.2417898,0.5397716,-0.2486744,0.6064593,0.5872742
72057594037941341,0,1.885988,9891.086,-0.2249118,0.1823069,0.5961876,-0.2929733,0.7395401,0.5560532,-0.330428,0.5485479,0.5960955,-0.310367,0.3417102,0.5385348,-0.3063948,0.1885682,0.5309389,-0.3016732,0.1604879,0.5206804,-0.1533041,0.5354611,0.5333676,-0.1124242,0.3810029,0.5284002,-0.2421981,0.3882451,0.4393536,-0.2335166,0.3911349,0.4449661,-0.2743302,0.1776142,0.580251,-0.2016867,-0.0460107,0.7180707,-0.1609672,-0.1914434,0.8183574,-0.159097,0.2012849,0.5619289,-0.2348707,-0.03484258,0.5400294,-0.3041198,-0.2417898,0.5397716,-0.2486744,0.6064593,0.5872742
72057594037941341,0,1.885988,9891.089,-0.2249118,0.1823069,0.5961876,-0.2929733,0.7395401,0.5560532,-0.330428,0.5485479,0.5960955,-0.310367,0.3417102,0.5385348,-0.3063948,0.1885682,0.5309389,-0.3016732,0.1604879,0.5206804,-0.1533041,0.5354611,0.5333676,-0.1124242,0.3810029,0.5284002,-0.2421981,0.3882451,0.4393536,-0.2335166,0.3911349,0.4449661,-0.2743302,0.1776142,0.580251,-0.2016867,-0.0460107,0.7180707,-0.1609672,-0.1914434,0.8183574,-0.159097,0.2012849,0.5619289,-0.2348707,-0.03484258,0.5400294,-0.3041198,-0.2417898,0.5397716,-0.2486744,0.6064593,0.5872742
72057594037941341,0,1.885988,9891.091,-0.2249118,0.1823069,0.5961876,-0.2929733,0.7395401,0.5560532,-0.330428,0.5485479,0.5960955,-0.310367,0.3417102,0.5385348,-0.3063948,0.1885682,0.5309389,-0.3016732,0.1604879,0.5206804,-0.1533041,0.5354611,0.5333676,-0.1124242,0.3810029,0.5284002,-0.2421981,0.3882451,0.4393536,-0.2335166,0.3911349,0.4449661,-0.2743302,0.1776142,0.580251,-0.2016867,-0.0460107,0.7180707,-0.1609672,-0.1914434,0.8183574,-0.159097,0.2012849,0.5619289,-0.2348707,-0.03484258,0.5400294,-0.3041198,-0.2417898,0.5397716,-0.2486744,0.6064593,0.5872742
72057594037941341,0,1.885988,9891.093,-0.2249118,0.1823069,0.5961876,-0.2929733,0.7395401,0.5560532,-0.330428,0.5485479,0.5960955,-0.310367,0.3417102,0.5385348,-0.3063948,0.1885682,0.5309389,-0.3016732,0.1604879,0.5206804,-0.1533041,0.5354611,0.5333676,-0.1124242,0.3810029,0.5284002,-0.2421981,0.3882451,0.4393536,-0.2335166,0.3911349,0.4449661,-0.2743302,0.1776142,0.580251,-0.2016867,-0.0460107,0.7180707,-0.1609672,-0.1914434,0.8183574,-0.159097,0.2012849,0.5619289,-0.2348707,-0.03484258,0.5400294,-0.3041198,-0.2417898,0.5397716,-0.2486744,0.6064593,0.5872742
72057594037941341,0,1.885988,9891.095,-0.2249118,0.1823069,0.5961876,-0.2929733,0.7395401,0.5560532,-0.330428,0.5485479,0.5960955,-0.310367,0.3417102,0.5385348,-0.3063948,0.1885682,0.5309389,-0.3016732,0.1604879,0.5206804,-0.1533041,0.5354611,0.5333676,-0.1124242,0.3810029,0.5284002,-0.2421981,0.3882451,0.4393536,-0.2335166,0.3911349,0.4449661,-0.2743302,0.1776142,0.580251,-0.2016867,-0.0460107,0.7180707,-0.1609672,-0.1914434,0.8183574,-0.159097,0.2012849,0.5619289,-0.2348707,-0.03484258,0.5400294,-0.3041198,-0.2417898,0.5397716,-0.2486744,0.6064593,0.5872742
72057594037941341,0,1.885988,9891.097,-0.2249118,0.1823069,0.5961876,-0.2929733,0.7395401,0.5560532,-0.330428,0.5485479,0.5960955,-0.310367,0.3417102,0.5385348,-0.3063948,0.1885682,0.5309389,-0.3016732,0.1604879,0.5206804,-0.1533041,0.5354611,0.5333676,-0.1124242,0.3810029,0.5284002,-0.2421981,0.3882451,0.4393536,-0.2335166,0.3911349,0.4449661,-0.2743302,0.1776142,0.580251,-0.2016867,-0.0460107,0.7180707,-0.1609672,-0.1914434,0.8183574,-0.159097,0.2012849,0.5619289,-0.2348707,-0.03484258,0.5400294,-0.3041198,-0.2417898,0.5397716,-0.2486744,0.6064593,0.5872742
72057594037941341,0,1.885988,9891.1,-0.2249118,0.1823069,0.5961876,-0.2929733,0.7395401,0.5560532,-0.330428,0.5485479,0.5960955,-0.310367,0.3417102,0.5385348,-0.3063948,0.1885682,0.5309389,-0.3016732,0.1604879,0.5206804,-0.1533041,0.5354611,0.5333676,-0.1124242,0.3810029,0.5284002,-0.2421981,0.3882451,0.4393536,-0.2335166,0.3911349,0.4449661,-0.2743302,0.1776142,0.580251,-0.2016867,-0.0460107,0.7180707,-0.1609672,-0.1914434,0.8183574,-0.159097,0.2012849,0.5619289,-0.2348707,-0.03484258,0.5400294,-0.3041198,-0.2417898,0.5397716,-0.2486744,0.6064593,0.5872742
72057594037941341,0,1.906015,9891.102,-0.2227806,0.1729988,0.5779627,-0.3066168,0.7330486,0.5364147,-0.3147668,0.5340293,0.547594,-0.3102197,0.3211811,0.5214261,-0.3179321,0.1687958,0.5132496,-0.3107041,0.1514398,0.5002611,-0.1567103,0.532459,0.5129433,-0.1142885,0.3784443,0.4905644,-0.2810109,0.3696946,0.4404056,-0.2959068,0.3413344,0.4882106,-0.2735925,0.1677438,0.5592859,-0.2020041,-0.05809522,0.6938953,-0.1620592,-0.2053969,0.7922404,-0.1555228,0.1934432,0.5467761,-0.31153,0.002172709,0.4966458,-0.4493687,-0.1667083,0.4716838,-0.2470368,0.6034063,0.5644475
72057594037941341,0,1.906015,9891.104,-0.2227806,0.1729988,0.5779627,-0.3066168,0.7330486,0.5364147,-0.3147668,0.5340293,0.547594,-0.3102197,0.3211811,0.5214261,-0.3179321,0.1687958,0.5132496,-0.3107041,0.1514398,0.5002611,-0.1567103,0.532459,0.5129433,-0.1142885,0.3784443,0.4905644,-0.2810109,0.3696946,0.4404056,-0.2959068,0.3413344,0.4882106,-0.2735925,0.1677438,0.5592859,-0.2020041,-0.05809522,0.6938953,-0.1620592,-0.2053969,0.7922404,-0.1555228,0.1934432,0.5467761,-0.31153,0.002172709,0.4966458,-0.4493687,-0.1667083,0.4716838,-0.2470368,0.6034063,0.5644475
72057594037941341,0,1.906015,9891.106,-0.2227806,0.1729988,0.5779627,-0.3066168,0.7330486,0.5364147,-0.3147668,0.5340293,0.547594,-0.3102197,0.3211811,0.5214261,-0.3179321,0.1687958,0.5132496,-0.3107041,0.1514398,0.5002611,-0.1567103,0.532459,0.5129433,-0.1142885,0.3784443,0.4905644,-0.2810109,0.3696946,0.4404056,-0.2959068,0.3413344,0.4882106,-0.2735925,0.1677438,0.5592859,-0.2020041,-0.05809522,0.6938953,-0.1620592,-0.2053969,0.7922404,-0.1555228,0.1934432,0.5467761,-0.31153,0.002172709,0.4966458,-0.4493687,-0.1667083,0.4716838,-0.2470368,0.6034063,0.5644475
72057594037941341,0,1.906015,9891.108,-0.2227806,0.1729988,0.5779627,-0.3066168,0.7330486,0.5364147,-0.3147668,0.5340293,0.547594,-0.3102197,0.3211811,0.5214261,-0.3179321,0.1687958,0.5132496,-0.3107041,0.1514398,0.5002611,-0.1567103,0.532459,0.5129433,-0.1142885,0.3784443,0.4905644,-0.2810109,0.3696946,0.4404056,-0.2959068,0.3413344,0.4882106,-0.2735925,0.1677438,0.5592859,-0.2020041,-0.05809522,0.6938953,-0.1620592,-0.2053969,0.7922404,-0.1555228,0.1934432,0.5467761,-0.31153,0.002172709,0.4966458,-0.4493687,-0.1667083,0.4716838,-0.2470368,0.6034063,0.5644475
72057594037941341,0,1.906015,9891.11,-0.2227806,0.1729988,0.5779627,-0.3066168,0.7330486,0.5364147,-0.3147668,0.5340293,0.547594,-0.3102197,0.3211811,0.5214261,-0.3179321,0.1687958,0.5132496,-0.3107041,0.1514398,0.5002611,-0.1567103,0.532459,0.5129433,-0.1142885,0.3784443,0.4905644,-0.2810109,0.3696946,0.4404056,-0.2959068,0.3413344,0.4882106,-0.2735925,0.1677438,0.5592859,-0.2020041,-0.05809522,0.6938953,-0.1620592,-0.2053969,0.7922404,-0.1555228,0.1934432,0.5467761,-0.31153,0.002172709,0.4966458,-0.4493687,-0.1667083,0.4716838,-0.2470368,0.6034063,0.5644475
72057594037941341,0,1.906015,9891.112,-0.2227806,0.1729988,0.5779627,-0.3066168,0.7330486,0.5364147,-0.3147668,0.5340293,0.547594,-0.3102197,0.3211811,0.5214261,-0.3179321,0.1687958,0.5132496,-0.3107041,0.1514398,0.5002611,-0.1567103,0.532459,0.5129433,-0.1142885,0.3784443,0.4905644,-0.2810109,0.3696946,0.4404056,-0.2959068,0.3413344,0.4882106,-0.2735925,0.1677438,0.5592859,-0.2020041,-0.05809522,0.6938953,-0.1620592,-0.2053969,0.7922404,-0.1555228,0.1934432,0.5467761,-0.31153,0.002172709,0.4966458,-0.4493687,-0.1667083,0.4716838,-0.2470368,0.6034063,0.5644475
72057594037941341,0,1.906015,9891.114,-0.2227806,0.1729988,0.5779627,-0.3066168,0.7330486,0.5364147,-0.3147668,0.5340293,0.547594,-0.3102197,0.3211811,0.5214261,-0.3179321,0.1687958,0.5132496,-0.3107041,0.1514398,0.5002611,-0.1567103,0.532459,0.5129433,-0.1142885,0.3784443,0.4905644,-0.2810109,0.3696946,0.4404056,-0.2959068,0.3413344,0.4882106,-0.2735925,0.1677438,0.5592859,-0.2020041,-0.05809522,0.6938953,-0.1620592,-0.2053969,0.7922404,-0.1555228,0.1934432,0.5467761,-0.31153,0.002172709,0.4966458,-0.4493687,-0.1667083,0.4716838,-0.2470368,0.6034063,0.5644475
72057594037941341,0,1.906015,9891.116,-0.2227806,0.1729988,0.5779627,-0.3066168,0.7330486,0.5364147,-0.3147668,0.5340293,0.547594,-0.3102197,0.3211811,0.5214261,-0.3179321,0.1687958,0.5132496,-0.3107041,0.1514398,0.5002611,-0.1567103,0.532459,0.5129433,-0.1142885,0.3784443,0.4905644,-0.2810109,0.3696946,0.4404056,-0.2959068,0.3413344,0.4882106,-0.2735925,0.1677438,0.5592859,-0.2020041,-0.05809522,0.6938953,-0.1620592,-0.2053969,0.7922404,-0.1555228,0.1934432,0.5467761,-0.31153,0.002172709,0.4966458,-0.4493687,-0.1667083,0.4716838,-0.2470368,0.6034063,0.5644475
72057594037941341,0,1.906015,9891.118,-0.2227806,0.1729988,0.5779627,-0.3066168,0.7330486,0.5364147,-0.3147668,0.5340293,0.547594,-0.3102197,0.3211811,0.5214261,-0.3179321,0.1687958,0.5132496,-0.3107041,0.1514398,0.5002611,-0.1567103,0.532459,0.5129433,-0.1142885,0.3784443,0.4905644,-0.2810109,0.3696946,0.4404056,-0.2959068,0.3413344,0.4882106,-0.2735925,0.1677438,0.5592859,-0.2020041,-0.05809522,0.6938953,-0.1620592,-0.2053969,0.7922404,-0.1555228,0.1934432,0.5467761,-0.31153,0.002172709,0.4966458,-0.4493687,-0.1667083,0.4716838,-0.2470368,0.6034063,0.5644475
72057594037941341,0,1.906015,9891.12,-0.2227806,0.1729988,0.5779627,-0.3066168,0.7330486,0.5364147,-0.3147668,0.5340293,0.547594,-0.3102197,0.3211811,0.5214261,-0.3179321,0.1687958,0.5132496,-0.3107041,0.1514398,0.5002611,-0.1567103,0.532459,0.5129433,-0.1142885,0.3784443,0.4905644,-0.2810109,0.3696946,0.4404056,-0.2959068,0.3413344,0.4882106,-0.2735925,0.1677438,0.5592859,-0.2020041,-0.05809522,0.6938953,-0.1620592,-0.2053969,0.7922404,-0.1555228,0.1934432,0.5467761,-0.31153,0.002172709,0.4966458,-0.4493687,-0.1667083,0.4716838,-0.2470368,0.6034063,0.5644475
72057594037941341,0,1.906015,9891.122,-0.2227806,0.1729988,0.5779627,-0.3066168,0.7330486,0.5364147,-0.3147668,0.5340293,0.547594,-0.3102197,0.3211811,0.5214261,-0.3179321,0.1687958,0.5132496,-0.3107041,0.1514398,0.5002611,-0.1567103,0.532459,0.5129433,-0.1142885,0.3784443,0.4905644,-0.2810109,0.3696946,0.4404056,-0.2959068,0.3413344,0.4882106,-0.2735925,0.1677438,0.5592859,-0.2020041,-0.05809522,0.6938953,-0.1620592,-0.2053969,0.7922404,-0.1555228,0.1934432,0.5467761,-0.31153,0.002172709,0.4966458,-0.4493687,-0.1667083,0.4716838,-0.2470368,0.6034063,0.5644475
72057594037941341,0,1.906015,9891.124,-0.2227806,0.1729988,0.5779627,-0.3066168,0.7330486,0.5364147,-0.3147668,0.5340293,0.547594,-0.3102197,0.3211811,0.5214261,-0.3179321,0.1687958,0.5132496,-0.3107041,0.1514398,0.5002611,-0.1567103,0.532459,0.5129433,-0.1142885,0.3784443,0.4905644,-0.2810109,0.3696946,0.4404056,-0.2959068,0.3413344,0.4882106,-0.2735925,0.1677438,0.5592859,-0.2020041,-0.05809522,0.6938953,-0.1620592,-0.2053969,0.7922404,-0.1555228,0.1934432,0.5467761,-0.31153,0.002172709,0.4966458,-0.4493687,-0.1667083,0.4716838,-0.2470368,0.6034063,0.5644475
72057594037941341,0,1.906015,9891.126,-0.2227806,0.1729988,0.5779627,-0.3066168,0.7330486,0.5364147,-0.3147668,0.5340293,0.547594,-0.3102197,0.3211811,0.5214261,-0.3179321,0.1687958,0.5132496,-0.3107041,0.1514398,0.5002611,-0.1567103,0.532459,0.5129433,-0.1142885,0.3784443,0.4905644,-0.2810109,0.3696946,0.4404056,-0.2959068,0.3413344,0.4882106,-0.2735925,0.1677438,0.5592859,-0.2020041,-0.05809522,0.6938953,-0.1620592,-0.2053969,0.7922404,-0.1555228,0.1934432,0.5467761,-0.31153,0.002172709,0.4966458,-0.4493687,-0.1667083,0.4716838,-0.2470368,0.6034063,0.5644475
72057594037941341,0,1.906015,9891.128,-0.2227806,0.1729988,0.5779627,-0.3066168,0.7330486,0.5364147,-0.3147668,0.5340293,0.547594,-0.3102197,0.3211811,0.5214261,-0.3179321,0.1687958,0.5132496,-0.3107041,0.1514398,0.5002611,-0.1567103,0.532459,0.5129433,-0.1142885,0.3784443,0.4905644,-0.2810109,0.3696946,0.4404056,-0.2959068,0.3413344,0.4882106,-0.2735925,0.1677438,0.5592859,-0.2020041,-0.05809522,0.6938953,-0.1620592,-0.2053969,0.7922404,-0.1555228,0.1934432,0.5467761,-0.31153,0.002172709,0.4966458,-0.4493687,-0.1667083,0.4716838,-0.2470368,0.6034063,0.5644475
72057594037941341,0,1.906015,9891.13,-0.2227806,0.1729988,0.5779627,-0.3066168,0.7330486,0.5364147,-0.3147668,0.5340293,0.547594,-0.3102197,0.3211811,0.5214261,-0.3179321,0.1687958,0.5132496,-0.3107041,0.1514398,0.5002611,-0.1567103,0.532459,0.5129433,-0.1142885,0.3784443,0.4905644,-0.2810109,0.3696946,0.4404056,-0.2959068,0.3413344,0.4882106,-0.2735925,0.1677438,0.5592859,-0.2020041,-0.05809522,0.6938953,-0.1620592,-0.2053969,0.7922404,-0.1555228,0.1934432,0.5467761,-0.31153,0.002172709,0.4966458,-0.4493687,-0.1667083,0.4716838,-0.2470368,0.6034063,0.5644475
72057594037941341,0,1.906015,9891.133,-0.2227806,0.1729988,0.5779627,-0.3066168,0.7330486,0.5364147,-0.3147668,0.5340293,0.547594,-0.3102197,0.3211811,0.5214261,-0.3179321,0.1687958,0.5132496,-0.3107041,0.1514398,0.5002611,-0.1567103,0.532459,0.5129433,-0.1142885,0.3784443,0.4905644,-0.2810109,0.3696946,0.4404056,-0.2959068,0.3413344,0.4882106,-0.2735925,0.1677438,0.5592859,-0.2020041,-0.05809522,0.6938953,-0.1620592,-0.2053969,0.7922404,-0.1555228,0.1934432,0.5467761,-0.31153,0.002172709,0.4966458,-0.4493687,-0.1667083,0.4716838,-0.2470368,0.6034063,0.5644475
72057594037941341,0,1.919186,9891.135,-0.2277912,0.1638255,0.567969,-0.3069839,0.6484894,0.5041056,-0.13998,0.5924417,0.4890607,-0.245618,0.407297,0.4949848,-0.3221482,0.2180424,0.5019642,-0.324744,0.1753934,0.4894908,-0.1613027,0.5304891,0.4902597,-0.1115064,0.3778321,0.4832909,-0.314607,0.3459688,0.4891236,-0.3325999,0.3075576,0.4942649,-0.1972859,0.1649508,0.544153,-0.1836371,-0.06421089,0.6805053,-0.1793603,-0.2139867,0.7810324,-0.2508383,0.1615076,0.5236945,-0.292193,-0.08092183,0.4791495,-0.3345389,-0.2946795,0.4581569,-0.2487102,0.6067889,0.5491023
72057594037941341,0,1.919186,9891.137,-0.2277912,0.1638255,0.567969,-0.3069839,0.6484894,0.5041056,-0.13998,0.5924417,0.4890607,-0.245618,0.407297,0.4949848,-0.3221482,0.2180424,0.5019642,-0.324744,0.1753934,0.4894908,-0.1613027,0.5304891,0.4902597,-0.1115064,0.3778321,0.4832909,-0.314607,0.3459688,0.4891236,-0.3325999,0.3075576,0.4942649,-0.1972859,0.1649508,0.544153,-0.1836371,-0.06421089,0.6805053,-0.1793603,-0.2139867,0.7810324,-0.2508383,0.1615076,0.5236945,-0.292193,-0.08092183,0.4791495,-0.3345389,-0.2946795,0.4581569,-0.2487102,0.6067889,0.5491023
72057594037941341,0,1.919186,9891.139,-0.2277912,0.1638255,0.567969,-0.3069839,0.6484894,0.5041056,-0.13998,0.5924417,0.4890607,-0.245618,0.407297,0.4949848,-0.3221482,0.2180424,0.5019642,-0.324744,0.1753934,0.4894908,-0.1613027,0.5304891,0.4902597,-0.1115064,0.3778321,0.4832909,-0.314607,0.3459688,0.4891236,-0.3325999,0.3075576,0.4942649,-0.1972859,0.1649508,0.544153,-0.1836371,-0.06421089,0.6805053,-0.1793603,-0.2139867,0.7810324,-0.2508383,0.1615076,0.5236945,-0.292193,-0.08092183,0.4791495,-0.3345389,-0.2946795,0.4581569,-0.2487102,0.6067889,0.5491023
72057594037941341,0,1.919186,9891.141,-0.2277912,0.1638255,0.567969,-0.3069839,0.6484894,0.5041056,-0.13998,0.5924417,0.4890607,-0.245618,0.407297,0.4949848,-0.3221482,0.2180424,0.5019642,-0.324744,0.1753934,0.4894908,-0.1613027,0.5304891,0.4902597,-0.1115064,0.3778321,0.4832909,-0.314607,0.3459688,0.4891236,-0.3325999,0.3075576,0.4942649,-0.1972859,0.1649508,0.544153,-0.1836371,-0.06421089,0.6805053,-0.1793603,-0.2139867,0.7810324,-0.2508383,0.1615076,0.5236945,-0.292193,-0.08092183,0.4791495,-0.3345389,-0.2946795,0.4581569,-0.2487102,0.6067889,0.5491023
72057594037941341,0,1.919186,9891.144,-0.2277912,0.1638255,0.567969,-0.3069839,0.6484894,0.5041056,-0.13998,0.5924417,0.4890607,-0.245618,0.407297,0.4949848,-0.3221482,0.2180424,0.5019642,-0.324744,0.1753934,0.4894908,-0.1613027,0.5304891,0.4902597,-0.1115064,0.3778321,0.4832909,-0.314607,0.3459688,0.4891236,-0.3325999,0.3075576,0.4942649,-0.1972859,0.1649508,0.544153,-0.1836371,-0.06421089,0.6805053,-0.1793603,-0.2139867,0.7810324,-0.2508383,0.1615076,0.5236945,-0.292193,-0.08092183,0.4791495,-0.3345389,-0.2946795,0.4581569,-0.2487102,0.6067889,0.5491023
72057594037941341,0,1.919186,9891.146,-0.2277912,0.1638255,0.567969,-0.3069839,0.6484894,0.5041056,-0.13998,0.5924417,0.4890607,-0.245618,0.407297,0.4949848,-0.3221482,0.2180424,0.5019642,-0.324744,0.1753934,0.4894908,-0.1613027,0.5304891,0.4902597,-0.1115064,0.3778321,0.4832909,-0.314607,0.3459688,0.4891236,-0.3325999,0.3075576,0.4942649,-0.1972859,0.1649508,0.544153,-0.1836371,-0.06421089,0.6805053,-0.1793603,-0.2139867,0.7810324,-0.2508383,0.1615076,0.5236945,-0.292193,-0.08092183,0.4791495,-0.3345389,-0.2946795,0.4581569,-0.2487102,0.6067889,0.5491023
72057594037941341,0,1.919186,9891.147,-0.2277912,0.1638255,0.567969,-0.3069839,0.6484894,0.5041056,-0.13998,0.5924417,0.4890607,-0.245618,0.407297,0.4949848,-0.3221482,0.2180424,0.5019642,-0.324744,0.1753934,0.4894908,-0.1613027,0.5304891,0.4902597,-0.1115064,0.3778321,0.4832909,-0.314607,0.3459688,0.4891236,-0.3325999,0.3075576,0.4942649,-0.1972859,0.1649508,0.544153,-0.1836371,-0.06421089,0.6805053,-0.1793603,-0.2139867,0.7810324,-0.2508383,0.1615076,0.5236945,-0.292193,-0.08092183,0.4791495,-0.3345389,-0.2946795,0.4581569,-0.2487102,0.6067889,0.5491023
72057594037941341,0,1.919186,9891.149,-0.2277912,0.1638255,0.567969,-0.3069839,0.6484894,0.5041056,-0.13998,0.5924417,0.4890607,-0.245618,0.407297,0.4949848,-0.3221482,0.2180424,0.5019642,-0.324744,0.1753934,0.4894908,-0.1613027,0.5304891,0.4902597,-0.1115064,0.3778321,0.4832909,-0.314607,0.3459688,0.4891236,-0.3325999,0.3075576,0.4942649,-0.1972859,0.1649508,0.544153,-0.1836371,-0.06421089,0.6805053,-0.1793603,-0.2139867,0.7810324,-0.2508383,0.1615076,0.5236945,-0.292193,-0.08092183,0.4791495,-0.3345389,-0.2946795,0.4581569,-0.2487102,0.6067889,0.5491023
72057594037941341,0,1.919186,9891.152,-0.2277912,0.1638255,0.567969,-0.3069839,0.6484894,0.5041056,-0.13998,0.5924417,0.4890607,-0.245618,0.407297,0.4949848,-0.3221482,0.2180424,0.5019642,-0.324744,0.1753934,0.4894908,-0.1613027,0.5304891,0.4902597,-0.1115064,0.3778321,0.4832909,-0.314607,0.3459688,0.4891236,-0.3325999,0.3075576,0.4942649,-0.1972859,0.1649508,0.544153,-0.1836371,-0.06421089,0.6805053,-0.1793603,-0.2139867,0.7810324,-0.2508383,0.1615076,0.5236945,-0.292193,-0.08092183,0.4791495,-0.3345389,-0.2946795,0.4581569,-0.2487102,0.6067889,0.5491023
72057594037941341,0,1.919186,9891.153,-0.2277912,0.1638255,0.567969,-0.3069839,0.6484894,0.5041056,-0.13998,0.5924417,0.4890607,-0.245618,0.407297,0.4949848,-0.3221482,0.2180424,0.5019642,-0.324744,0.1753934,0.4894908,-0.1613027,0.5304891,0.4902597,-0.1115064,0.3778321,0.4832909,-0.314607,0.3459688,0.4891236,-0.3325999,0.3075576,0.4942649,-0.1972859,0.1649508,0.544153,-0.1836371,-0.06421089,0.6805053,-0.1793603,-0.2139867,0.7810324,-0.2508383,0.1615076,0.5236945,-0.292193,-0.08092183,0.4791495,-0.3345389,-0.2946795,0.4581569,-0.2487102,0.6067889,0.5491023
72057594037941341,0,1.919186,9891.156,-0.2277912,0.1638255,0.567969,-0.3069839,0.6484894,0.5041056,-0.13998,0.5924417,0.4890607,-0.245618,0.407297,0.4949848,-0.3221482,0.2180424,0.5019642,-0.324744,0.1753934,0.4894908,-0.1613027,0.5304891,0.4902597,-0.1115064,0.3778321,0.4832909,-0.314607,0.3459688,0.4891236,-0.3325999,0.3075576,0.4942649,-0.1972859,0.1649508,0.544153,-0.1836371,-0.06421089,0.6805053,-0.1793603,-0.2139867,0.7810324,-0.2508383,0.1615076,0.5236945,-0.292193,-0.08092183,0.4791495,-0.3345389,-0.2946795,0.4581569,-0.2487102,0.6067889,0.5491023
72057594037941341,0,1.919186,9891.158,-0.2277912,0.1638255,0.567969,-0.3069839,0.6484894,0.5041056,-0.13998,0.5924417,0.4890607,-0.245618,0.407297,0.4949848,-0.3221482,0.2180424,0.5019642,-0.324744,0.1753934,0.4894908,-0.1613027,0.5304891,0.4902597,-0.1115064,0.3778321,0.4832909,-0.314607,0.3459688,0.4891236,-0.3325999,0.3075576,0.4942649,-0.1972859,0.1649508,0.544153,-0.1836371,-0.06421089,0.6805053,-0.1793603,-0.2139867,0.7810324,-0.2508383,0.1615076,0.5236945,-0.292193,-0.08092183,0.4791495,-0.3345389,-0.2946795,0.4581569,-0.2487102,0.6067889,0.5491023
72057594037941341,0,1.919186,9891.16,-0.2277912,0.1638255,0.567969,-0.3069839,0.6484894,0.5041056,-0.13998,0.5924417,0.4890607,-0.245618,0.407297,0.4949848,-0.3221482,0.2180424,0.5019642,-0.324744,0.1753934,0.4894908,-0.1613027,0.5304891,0.4902597,-0.1115064,0.3778321,0.4832909,-0.314607,0.3459688,0.4891236,-0.3325999,0.3075576,0.4942649,-0.1972859,0.1649508,0.544153,-0.1836371,-0.06421089,0.6805053,-0.1793603,-0.2139867,0.7810324,-0.2508383,0.1615076,0.5236945,-0.292193,-0.08092183,0.4791495,-0.3345389,-0.2946795,0.4581569,-0.2487102,0.6067889,0.5491023
72057594037941341,0,1.919186,9891.162,-0.2277912,0.1638255,0.567969,-0.3069839,0.6484894,0.5041056,-0.13998,0.5924417,0.4890607,-0.245618,0.407297,0.4949848,-0.3221482,0.2180424,0.5019642,-0.324744,0.1753934,0.4894908,-0.1613027,0.5304891,0.4902597,-0.1115064,0.3778321,0.4832909,-0.314607,0.3459688,0.4891236,-0.3325999,0.3075576,0.4942649,-0.1972859,0.1649508,0.544153,-0.1836371,-0.06421089,0.6805053,-0.1793603,-0.2139867,0.7810324,-0.2508383,0.1615076,0.5236945,-0.292193,-0.08092183,0.4791495,-0.3345389,-0.2946795,0.4581569,-0.2487102,0.6067889,0.5491023
72057594037941341,0,1.919186,9891.164,-0.2277912,0.1638255,0.567969,-0.3069839,0.6484894,0.5041056,-0.13998,0.5924417,0.4890607,-0.245618,0.407297,0.4949848,-0.3221482,0.2180424,0.5019642,-0.324744,0.1753934,0.4894908,-0.1613027,0.5304891,0.4902597,-0.1115064,0.3778321,0.4832909,-0.314607,0.3459688,0.4891236,-0.3325999,0.3075576,0.4942649,-0.1972859,0.1649508,0.544153,-0.1836371,-0.06421089,0.6805053,-0.1793603,-0.2139867,0.7810324,-0.2508383,0.1615076,0.5236945,-0.292193,-0.08092183,0.4791495,-0.3345389,-0.2946795,0.4581569,-0.2487102,0.6067889,0.5491023
72057594037941341,0,1.919186,9891.165,-0.2277912,0.1638255,0.567969,-0.3069839,0.6484894,0.5041056,-0.13998,0.5924417,0.4890607,-0.245618,0.407297,0.4949848,-0.3221482,0.2180424,0.5019642,-0.324744,0.1753934,0.4894908,-0.1613027,0.5304891,0.4902597,-0.1115064,0.3778321,0.4832909,-0.314607,0.3459688,0.4891236,-0.3325999,0.3075576,0.4942649,-0.1972859,0.1649508,0.544153,-0.1836371,-0.06421089,0.6805053,-0.1793603,-0.2139867,0.7810324,-0.2508383,0.1615076,0.5236945,-0.292193,-0.08092183,0.4791495,-0.3345389,-0.2946795,0.4581569,-0.2487102,0.6067889,0.5491023
72057594037941341,0,1.942405,9891.167,-0.2215493,0.1400942,0.5517258,-0.2561761,0.6017838,0.5141705,-0.3073604,0.4570346,0.4944894,-0.3287019,0.2462273,0.4839881,-0.3499805,0.09727189,0.4850796,-0.3301028,0.04957372,0.517942,-0.2799632,0.6290716,0.5054235,-0.1450136,0.4606736,0.4781955,-0.3070244,0.3317434,0.4782221,-0.3214024,0.2798067,0.4780049,-0.2303812,0.1234056,0.5204406,-0.197236,-0.06037006,0.6503151,-0.1761636,-0.2271339,0.7824589,-0.1914915,0.1571562,0.5223267,-0.4246324,0.08066848,0.4686371,-0.630249,0.008718759,0.4399938,-0.2542588,0.604,0.5275505
72057594037941341,0,1.942405,9891.17,-0.2215493,0.1400942,0.5517258,-0.2561761,0.6017838,0.5141705,-0.3073604,0.4570346,0.4944894,-0.3287019,0.2462273,0.4839881,-0.3499805,0.09727189,0.4850796,-0.3301028,0.04957372,0.517942,-0.2799632,0.6290716,0.5054235,-0.1450136,0.4606736,0.4781955,-0.3070244,0.3317434,0.4782221,-0.3214024,0.2798067,0.4780049,-0.2303812,0.1234056,0.5204406,-0.197236,-0.06037006,0.6503151,-0.1761636,-0.2271339,0.7824589,-0.1914915,0.1571562,0.5223267,-0.4246324,0.08066848,0.4686371,-0.630249,0.008718759,0.4399938,-0.2542588,0.604,0.5275505
72057594037941341,0,1.942405,9891.172,-0.2215493,0.1400942,0.5517258,-0.2561761,0.6017838,0.5141705,-0.3073604,0.4570346,0.4944894,-0.3287019,0.2462273,0.4839881,-0.3499805,0.09727189,0.4850796,-0.3301028,0.04957372,0.517942,-0.2799632,0.6290716,0.5054235,-0.1450136,0.4606736,0.4781955,-0.3070244,0.3317434,0.4782221,-0.3214024,0.2798067,0.4780049,-0.2303812,0.1234056,0.5204406,-0.197236,-0.06037006,0.6503151,-0.1761636,-0.2271339,0.7824589,-0.1914915,0.1571562,0.5223267,-0.4246324,0.08066848,0.4686371,-0.630249,0.008718759,0.4399938,-0.2542588,0.604,0.5275505
72057594037941341,0,1.942405,9891.174,-0.2215493,0.1400942,0.5517258,-0.2561761,0.6017838,0.5141705,-0.3073604,0.4570346,0.4944894,-0.3287019,0.2462273,0.4839881,-0.3499805,0.09727189,0.4850796,-0.3301028,0.04957372,0.517942,-0.2799632,0.6290716,0.5054235,-0.1450136,0.4606736,0.4781955,-0.3070244,0.3317434,0.4782221,-0.3214024,0.2798067,0.4780049,-0.2303812,0.1234056,0.5204406,-0.197236,-0.06037006,0.6503151,-0.1761636,-0.2271339,0.7824589,-0.1914915,0.1571562,0.5223267,-0.4246324,0.08066848,0.4686371,-0.630249,0.008718759,0.4399938,-0.2542588,0.604,0.5275505
72057594037941341,0,1.942405,9891.176,-0.2215493,0.1400942,0.5517258,-0.2561761,0.6017838,0.5141705,-0.3073604,0.4570346,0.4944894,-0.3287019,0.2462273,0.4839881,-0.3499805,0.09727189,0.4850796,-0.3301028,0.04957372,0.517942,-0.2799632,0.6290716,0.5054235,-0.1450136,0.4606736,0.4781955,-0.3070244,0.3317434,0.4782221,-0.3214024,0.2798067,0.4780049,-0.2303812,0.1234056,0.5204406,-0.197236,-0.06037006,0.6503151,-0.1761636,-0.2271339,0.7824589,-0.1914915,0.1571562,0.5223267,-0.4246324,0.08066848,0.4686371,-0.630249,0.008718759,0.4399938,-0.2542588,0.604,0.5275505
72057594037941341,0,1.942405,9891.179,-0.2215493,0.1400942,0.5517258,-0.2561761,0.6017838,0.5141705,-0.3073604,0.4570346,0.4944894,-0.3287019,0.2462273,0.4839881,-0.3499805,0.09727189,0.4850796,-0.3301028,0.04957372,0.517942,-0.2799632,0.6290716,0.5054235,-0.1450136,0.4606736,0.4781955,-0.3070244,0.3317434,0.4782221,-0.3214024,0.2798067,0.4780049,-0.2303812,0.1234056,0.5204406,-0.197236,-0.06037006,0.6503151,-0.1761636,-0.2271339,0.7824589,-0.1914915,0.1571562,0.5223267,-0.4246324,0.08066848,0.4686371,-0.630249,0.008718759,0.4399938,-0.2542588,0.604,0.5275505
72057594037941341,0,1.942405,9891.182,-0.2215493,0.1400942,0.5517258,-0.2561761,0.6017838,0.5141705,-0.3073604,0.4570346,0.4944894,-0.3287019,0.2462273,0.4839881,-0.3499805,0.09727189,0.4850796,-0.3301028,0.04957372,0.517942,-0.2799632,0.6290716,0.5054235,-0.1450136,0.4606736,0.4781955,-0.3070244,0.3317434,0.4782221,-0.3214024,0.2798067,0.4780049,-0.2303812,0.1234056,0.5204406,-0.197236,-0.06037006,0.6503151,-0.1761636,-0.2271339,0.7824589,-0.1914915,0.1571562,0.5223267,-0.4246324,0.08066848,0.4686371,-0.630249,0.008718759,0.4399938,-0.2542588,0.604,0.5275505
72057594037941341,0,1.942405,9891.184,-0.2215493,0.1400942,0.5517258,-0.2561761,0.6017838,0.5141705,-0.3073604,0.4570346,0.4944894,-0.3287019,0.2462273,0.4839881,-0.3499805,0.09727189,0.4850796,-0.3301028,0.04957372,0.517942,-0.2799632,0.6290716,0.5054235,-0.1450136,0.4606736,0.4781955,-0.3070244,0.3317434,0.4782221,-0.3214024,0.2798067,0.4780049,-0.2303812,0.1234056,0.5204406,-0.197236,-0.06037006,0.6503151,-0.1761636,-0.2271339,0.7824589,-0.1914915,0.1571562,0.5223267,-0.4246324,0.08066848,0.4686371,-0.630249,0.008718759,0.4399938,-0.2542588,0.604,0.5275505
72057594037941341,0,1.942405,9891.186,-0.2215493,0.1400942,0.5517258,-0.2561761,0.6017838,0.5141705,-0.3073604,0.4570346,0.4944894,-0.3287019,0.2462273,0.4839881,-0.3499805,0.09727189,0.4850796,-0.3301028,0.04957372,0.517942,-0.2799632,0.6290716,0.5054235,-0.1450136,0.4606736,0.4781955,-0.3070244,0.3317434,0.4782221,-0.3214024,0.2798067,0.4780049,-0.2303812,0.1234056,0.5204406,-0.197236,-0.06037006,0.6503151,-0.1761636,-0.2271339,0.7824589,-0.1914915,0.1571562,0.5223267,-0.4246324,0.08066848,0.4686371,-0.630249,0.008718759,0.4399938,-0.2542588,0.604,0.5275505
72057594037941341,0,1.942405,9891.188,-0.2215493,0.1400942,0.5517258,-0.2561761,0.6017838,0.5141705,-0.3073604,0.4570346,0.4944894,-0.3287019,0.2462273,0.4839881,-0.3499805,0.09727189,0.4850796,-0.3301028,0.04957372,0.517942,-0.2799632,0.6290716,0.5054235,-0.1450136,0.4606736,0.4781955,-0.3070244,0.3317434,0.4782221,-0.3214024,0.2798067,0.4780049,-0.2303812,0.1234056,0.5204406,-0.197236,-0.06037006,0.6503151,-0.1761636,-0.2271339,0.7824589,-0.1914915,0.1571562,0.5223267,-0.4246324,0.08066848,0.4686371,-0.630249,0.008718759,0.4399938,-0.2542588,0.604,0.5275505
72057594037941341,0,1.942405,9891.19,-0.2215493,0.1400942,0.5517258,-0.2561761,0.6017838,0.5141705,-0.3073604,0.4570346,0.4944894,-0.3287019,0.2462273,0.4839881,-0.3499805,0.09727189,0.4850796,-0.3301028,0.04957372,0.517942,-0.2799632,0.6290716,0.5054235,-0.1450136,0.4606736,0.4781955,-0.3070244,0.3317434,0.4782221,-0.3214024,0.2798067,0.4780049,-0.2303812,0.1234056,0.5204406,-0.197236,-0.06037006,0.6503151,-0.1761636,-0.2271339,0.7824589,-0.1914915,0.1571562,0.5223267,-0.4246324,0.08066848,0.4686371,-0.630249,0.008718759,0.4399938,-0.2542588,0.604,0.5275505
72057594037941341,0,1.942405,9891.192,-0.2215493,0.1400942,0.5517258,-0.2561761,0.6017838,0.5141705,-0.3073604,0.4570346,0.4944894,-0.3287019,0.2462273,0.4839881,-0.3499805,0.09727189,0.4850796,-0.3301028,0.04957372,0.517942,-0.2799632,0.6290716,0.5054235,-0.1450136,0.4606736,0.4781955,-0.3070244,0.3317434,0.4782221,-0.3214024,0.2798067,0.4780049,-0.2303812,0.1234056,0.5204406,-0.197236,-0.06037006,0.6503151,-0.1761636,-0.2271339,0.7824589,-0.1914915,0.1571562,0.5223267,-0.4246324,0.08066848,0.4686371,-0.630249,0.008718759,0.4399938,-0.2542588,0.604,0.5275505
72057594037941341,0,1.942405,9891.194,-0.2215493,0.1400942,0.5517258,-0.2561761,0.6017838,0.5141705,-0.3073604,0.4570346,0.4944894,-0.3287019,0.2462273,0.4839881,-0.3499805,0.09727189,0.4850796,-0.3301028,0.04957372,0.517942,-0.2799632,0.6290716,0.5054235,-0.1450136,0.4606736,0.4781955,-0.3070244,0.3317434,0.4782221,-0.3214024,0.2798067,0.4780049,-0.2303812,0.1234056,0.5204406,-0.197236,-0.06037006,0.6503151,-0.1761636,-0.2271339,0.7824589,-0.1914915,0.1571562,0.5223267,-0.4246324,0.08066848,0.4686371,-0.630249,0.008718759,0.4399938,-0.2542588,0.604,0.5275505
72057594037941341,0,1.942405,9891.196,-0.2215493,0.1400942,0.5517258,-0.2561761,0.6017838,0.5141705,-0.3073604,0.4570346,0.4944894,-0.3287019,0.2462273,0.4839881,-0.3499805,0.09727189,0.4850796,-0.3301028,0.04957372,0.517942,-0.2799632,0.6290716,0.5054235,-0.1450136,0.4606736,0.4781955,-0.3070244,0.3317434,0.4782221,-0.3214024,0.2798067,0.4780049,-0.2303812,0.1234056,0.5204406,-0.197236,-0.06037006,0.6503151,-0.1761636,-0.2271339,0.7824589,-0.1914915,0.1571562,0.5223267,-0.4246324,0.08066848,0.4686371,-0.630249,0.008718759,0.4399938,-0.2542588,0.604,0.5275505
72057594037941341,0,1.942405,9891.198,-0.2215493,0.1400942,0.5517258,-0.2561761,0.6017838,0.5141705,-0.3073604,0.4570346,0.4944894,-0.3287019,0.2462273,0.4839881,-0.3499805,0.09727189,0.4850796,-0.3301028,0.04957372,0.517942,-0.2799632,0.6290716,0.5054235,-0.1450136,0.4606736,0.4781955,-0.3070244,0.3317434,0.4782221,-0.3214024,0.2798067,0.4780049,-0.2303812,0.1234056,0.5204406,-0.197236,-0.06037006,0.6503151,-0.1761636,-0.2271339,0.7824589,-0.1914915,0.1571562,0.5223267,-0.4246324,0.08066848,0.4686371,-0.630249,0.008718759,0.4399938,-0.2542588,0.604,0.5275505
72057594037941341,0,1.988741,9891.2,-0.2013091,0.05234066,0.537084,-0.2801577,0.6358222,0.5056992,-0.2737836,0.299399,0.4824076,-0.2818008,0.5121377,0.4662165,-0.226553,0.3714574,0.4180795,-0.2012576,0.3802336,0.423025,-0.29008,0.6672094,0.4908289,-0.1489355,0.5024798,0.4759397,-0.1750533,0.3488968,0.4621963,-0.1839991,0.3024243,0.4639371,-0.2065484,0.04582253,0.5030137,-0.1886504,-0.1206913,0.6490883,-0.1800006,-0.2753437,0.7949466,-0.181412,0.08271509,0.5247979,-0.3450909,0.2296917,0.4562075,-0.5420461,0.3919833,0.3958545,-0.2624325,0.6241982,0.5084115
72057594037941341,0,1.988741,9891.202,-0.2013091,0.05234066,0.537084,-0.2801577,0.6358222,0.5056992,-0.2737836,0.299399,0.4824076,-0.2818008,0.5121377,0.4662165,-0.226553,0.3714574,0.4180795,-0.2012576,0.3802336,0.423025,-0.29008,0.6672094,0.4908289,-0.1489355,0.5024798,0.4759397,-0.1750533,0.3488968,0.4621963,-0.1839991,0.3024243,0.4639371,-0.2065484,0.04582253,0.5030137,-0.1886504,-0.1206913,0.6490883,-0.1800006,-0.2753437,0.7949466,-0.181412,0.08271509,0.5247979,-0.3450909,0.2296917,0.4562075,-0.5420461,0.3919833,0.3958545,-0.2624325,0.6241982,0.5084115
72057594037941341,0,1.988741,9891.203,-0.2013091,0.05234066,0.537084,-0.2801577,0.6358222,0.5056992,-0.2737836,0.299399,0.4824076,-0.2818008,0.5121377,0.4662165,-0.226553,0.3714574,0.4180795,-0.2012576,0.3802336,0.423025,-0.29008,0.6672094,0.4908289,-0.1489355,0.5024798,0.4759397,-0.1750533,0.3488968,0.4621963,-0.1839991,0.3024243,0.4639371,-0.2065484,0.04582253,0.5030137,-0.1886504,-0.1206913,0.6490883,-0.1800006,-0.2753437,0.7949466,-0.181412,0.08271509,0.5247979,-0.3450909,0.2296917,0.4562075,-0.5420461,0.3919833,0.3958545,-0.2624325,0.6241982,0.5084115
72057594037941341,0,1.988741,9891.205,-0.2013091,0.05234066,0.537084,-0.2801577,0.6358222,0.5056992,-0.2737836,0.299399,0.4824076,-0.2818008,0.5121377,0.4662165,-0.226553,0.3714574,0.4180795,-0.2012576,0.3802336,0.423025,-0.29008,0.6672094,0.4908289,-0.1489355,0.5024798,0.4759397,-0.1750533,0.3488968,0.4621963,-0.1839991,0.3024243,0.4639371,-0.2065484,0.04582253,0.5030137,-0.1886504,-0.1206913,0.6490883,-0.1800006,-0.2753437,0.7949466,-0.181412,0.08271509,0.5247979,-0.3450909,0.2296917,0.4562075,-0.5420461,0.3919833,0.3958545,-0.2624325,0.6241982,0.5084115
72057594037941341,0,1.988741,9891.206,-0.2013091,0.05234066,0.537084,-0.2801577,0.6358222,0.5056992,-0.2737836,0.299399,0.4824076,-0.2818008,0.5121377,0.4662165,-0.226553,0.3714574,0.4180795,-0.2012576,0.3802336,0.423025,-0.29008,0.6672094,0.4908289,-0.1489355,0.5024798,0.4759397,-0.1750533,0.3488968,0.4621963,-0.1839991,0.3024243,0.4639371,-0.2065484,0.04582253,0.5030137,-0.1886504,-0.1206913,0.6490883,-0.1800006,-0.2753437,0.7949466,-0.181412,0.08271509,0.5247979,-0.3450909,0.2296917,0.4562075,-0.5420461,0.3919833,0.3958545,-0.2624325,0.6241982,0.5084115
72057594037941341,0,1.988741,9891.208,-0.2013091,0.05234066,0.537084,-0.2801577,0.6358222,0.5056992,-0.2737836,0.299399,0.4824076,-0.2818008,0.5121377,0.4662165,-0.226553,0.3714574,0.4180795,-0.2012576,0.3802336,0.423025,-0.29008,0.6672094,0.4908289,-0.1489355,0.5024798,0.4759397,-0.1750533,0.3488968,0.4621963,-0.1839991,0.3024243,0.4639371,-0.2065484,0.04582253,0.5030137,-0.1886504,-0.1206913,0.6490883,-0.1800006,-0.2753437,0.7949466,-0.181412,0.08271509,0.5247979,-0.3450909,0.2296917,0.4562075,-0.5420461,0.3919833,0.3958545,-0.2624325,0.6241982,0.5084115
72057594037941341,0,1.988741,9891.21,-0.2013091,0.05234066,0.537084,-0.2801577,0.6358222,0.5056992,-0.2737836,0.299399,0.4824076,-0.2818008,0.5121377,0.4662165,-0.226553,0.3714574,0.4180795,-0.2012576,0.3802336,0.423025,-0.29008,0.6672094,0.4908289,-0.1489355,0.5024798,0.4759397,-0.1750533,0.3488968,0.4621963,-0.1839991,0.3024243,0.4639371,-0.2065484,0.04582253,0.5030137,-0.1886504,-0.1206913,0.6490883,-0.1800006,-0.2753437,0.7949466,-0.181412,0.08271509,0.5247979,-0.3450909,0.2296917,0.4562075,-0.5420461,0.3919833,0.3958545,-0.2624325,0.6241982,0.5084115
72057594037941341,0,1.988741,9891.211,-0.2013091,0.05234066,0.537084,-0.2801577,0.6358222,0.5056992,-0.2737836,0.299399,0.4824076,-0.2818008,0.5121377,0.4662165,-0.226553,0.3714574,0.4180795,-0.2012576,0.3802336,0.423025,-0.29008,0.6672094,0.4908289,-0.1489355,0.5024798,0.4759397,-0.1750533,0.3488968,0.4621963,-0.1839991,0.3024243,0.4639371,-0.2065484,0.04582253,0.5030137,-0.1886504,-0.1206913,0.6490883,-0.1800006,-0.2753437,0.7949466,-0.181412,0.08271509,0.5247979,-0.3450909,0.2296917,0.4562075,-0.5420461,0.3919833,0.3958545,-0.2624325,0.6241982,0.5084115
72057594037941341,0,1.988741,9891.213,-0.2013091,0.05234066,0.537084,-0.2801577,0.6358222,0.5056992,-0.2737836,0.299399,0.4824076,-0.2818008,0.5121377,0.4662165,-0.226553,0.3714574,0.4180795,-0.2012576,0.3802336,0.423025,-0.29008,0.6672094,0.4908289,-0.1489355,0.5024798,0.4759397,-0.1750533,0.3488968,0.4621963,-0.1839991,0.3024243,0.4639371,-0.2065484,0.04582253,0.5030137,-0.1886504,-0.1206913,0.6490883,-0.1800006,-0.2753437,0.7949466,-0.181412,0.08271509,0.5247979,-0.3450909,0.2296917,0.4562075,-0.5420461,0.3919833,0.3958545,-0.2624325,0.6241982,0.5084115
72057594037941341,0,1.988741,9891.215,-0.2013091,0.05234066,0.537084,-0.2801577,0.6358222,0.5056992,-0.2737836,0.299399,0.4824076,-0.2818008,0.5121377,0.4662165,-0.226553,0.3714574,0.4180795,-0.2012576,0.3802336,0.423025,-0.29008,0.6672094,0.4908289,-0.1489355,0.5024798,0.4759397,-0.1750533,0.3488968,0.4621963,-0.1839991,0.3024243,0.4639371,-0.2065484,0.04582253,0.5030137,-0.1886504,-0.1206913,0.6490883,-0.1800006,-0.2753437,0.7949466,-0.181412,0.08271509,0.5247979,-0.3450909,0.2296917,0.4562075,-0.5420461,0.3919833,0.3958545,-0.2624325,0.6241982,0.5084115
72057594037941341,0,1.988741,9891.218,-0.2013091,0.05234066,0.537084,-0.2801577,0.6358222,0.5056992,-0.2737836,0.299399,0.4824076,-0.2818008,0.5121377,0.4662165,-0.226553,0.3714574,0.4180795,-0.2012576,0.3802336,0.423025,-0.29008,0.6672094,0.4908289,-0.1489355,0.5024798,0.4759397,-0.1750533,0.3488968,0.4621963,-0.1839991,0.3024243,0.4639371,-0.2065484,0.04582253,0.5030137,-0.1886504,-0.1206913,0.6490883,-0.1800006,-0.2753437,0.7949466,-0.181412,0.08271509,0.5247979,-0.3450909,0.2296917,0.4562075,-0.5420461,0.3919833,0.3958545,-0.2624325,0.6241982,0.5084115
72057594037941341,0,1.988741,9891.22,-0.2013091,0.05234066,0.537084,-0.2801577,0.6358222,0.5056992,-0.2737836,0.299399,0.4824076,-0.2818008,0.5121377,0.4662165,-0.226553,0.3714574,0.4180795,-0.2012576,0.3802336,0.423025,-0.29008,0.6672094,0.4908289,-0.1489355,0.5024798,0.4759397,-0.1750533,0.3488968,0.4621963,-0.1839991,0.3024243,0.4639371,-0.2065484,0.04582253,0.5030137,-0.1886504,-0.1206913,0.6490883,-0.1800006,-0.2753437,0.7949466,-0.181412,0.08271509,0.5247979,-0.3450909,0.2296917,0.4562075,-0.5420461,0.3919833,0.3958545,-0.2624325,0.6241982,0.5084115
72057594037941341,0,1.988741,9891.223,-0.2013091,0.05234066,0.537084,-0.2801577,0.6358222,0.5056992,-0.2737836,0.299399,0.4824076,-0.2818008,0.5121377,0.4662165,-0.226553,0.3714574,0.4180795,-0.2012576,0.3802336,0.423025,-0.29008,0.6672094,0.4908289,-0.1489355,0.5024798,0.4759397,-0.1750533,0.3488968,0.4621963,-0.1839991,0.3024243,0.4639371,-0.2065484,0.04582253,0.5030137,-0.1886504,-0.1206913,0.6490883,-0.1800006,-0.2753437,0.7949466,-0.181412,0.08271509,0.5247979,-0.3450909,0.2296917,0.4562075,-0.5420461,0.3919833,0.3958545,-0.2624325,0.6241982,0.5084115
72057594037941341,0,1.988741,9891.225,-0.2013091,0.05234066,0.537084,-0.2801577,0.6358222,0.5056992,-0.2737836,0.299399,0.4824076,-0.2818008,0.5121377,0.4662165,-0.226553,0.3714574,0.4180795,-0.2012576,0.3802336,0.423025,-0.29008,0.6672094,0.4908289,-0.1489355,0.5024798,0.4759397,-0.1750533,0.3488968,0.4621963,-0.1839991,0.3024243,0.4639371,-0.2065484,0.04582253,0.5030137,-0.1886504,-0.1206913,0.6490883,-0.1800006,-0.2753437,0.7949466,-0.181412,0.08271509,0.5247979,-0.3450909,0.2296917,0.4562075,-0.5420461,0.3919833,0.3958545,-0.2624325,0.6241982,0.5084115
72057594037941341,0,1.988741,9891.228,-0.2013091,0.05234066,0.537084,-0.2801577,0.6358222,0.5056992,-0.2737836,0.299399,0.4824076,-0.2818008,0.5121377,0.4662165,-0.226553,0.3714574,0.4180795,-0.2012576,0.3802336,0.423025,-0.29008,0.6672094,0.4908289,-0.1489355,0.5024798,0.4759397,-0.1750533,0.3488968,0.4621963,-0.1839991,0.3024243,0.4639371,-0.2065484,0.04582253,0.5030137,-0.1886504,-0.1206913,0.6490883,-0.1800006,-0.2753437,0.7949466,-0.181412,0.08271509,0.5247979,-0.3450909,0.2296917,0.4562075,-0.5420461,0.3919833,0.3958545,-0.2624325,0.6241982,0.5084115
72057594037941341,0,1.988741,9891.229,-0.2013091,0.05234066,0.537084,-0.2801577,0.6358222,0.5056992,-0.2737836,0.299399,0.4824076,-0.2818008,0.5121377,0.4662165,-0.226553,0.3714574,0.4180795,-0.2012576,0.3802336,0.423025,-0.29008,0.6672094,0.4908289,-0.1489355,0.5024798,0.4759397,-0.1750533,0.3488968,0.4621963,-0.1839991,0.3024243,0.4639371,-0.2065484,0.04582253,0.5030137,-0.1886504,-0.1206913,0.6490883,-0.1800006,-0.2753437,0.7949466,-0.181412,0.08271509,0.5247979,-0.3450909,0.2296917,0.4562075,-0.5420461,0.3919833,0.3958545,-0.2624325,0.6241982,0.5084115
72057594037941341,0,1.988741,9891.231,-0.2013091,0.05234066,0.537084,-0.2801577,0.6358222,0.5056992,-0.2737836,0.299399,0.4824076,-0.2818008,0.5121377,0.4662165,-0.226553,0.3714574,0.4180795,-0.2012576,0.3802336,0.423025,-0.29008,0.6672094,0.4908289,-0.1489355,0.5024798,0.4759397,-0.1750533,0.3488968,0.4621963,-0.1839991,0.3024243,0.4639371,-0.2065484,0.04582253,0.5030137,-0.1886504,-0.1206913,0.6490883,-0.1800006,-0.2753437,0.7949466,-0.181412,0.08271509,0.5247979,-0.3450909,0.2296917,0.4562075,-0.5420461,0.3919833,0.3958545,-0.2624325,0.6241982,0.5084115
72057594037941341,0,2.039007,9891.234,-0.2038579,-0.0231826,0.5175135,-0.1737426,0.2799966,0.5205206,-0.2689019,0.2985443,0.479731,-0.2858014,0.5103606,0.4558869,-0.2423665,0.6571668,0.4542688,-0.2454454,0.6797254,0.4694788,-0.1892057,0.339303,0.5021246,-0.1266374,0.489727,0.4814458,-0.1459705,0.6384207,0.4453017,-0.1733958,0.627651,0.4292692,-0.2818929,-0.02697769,0.4864933,-0.1987886,-0.1624259,0.6498259,-0.1352684,-0.2914764,0.8082636,-0.1106753,0.009587795,0.5043956,-0.3020607,0.1918799,0.4643608,-0.4732426,0.3455295,0.4409482,-0.1746186,0.3249949,0.5118895
72057594037941341,0,2.039007,9891.236,-0.2038579,-0.0231826,0.5175135,-0.1737426,0.2799966,0.5205206,-0.2689019,0.2985443,0.479731,-0.2858014,0.5103606,0.4558869,-0.2423665,0.6571668,0.4542688,-0.2454454,0.6797254,0.4694788,-0.1892057,0.339303,0.5021246,-0.1266374,0.489727,0.4814458,-0.1459705,0.6384207,0.4453017,-0.1733958,0.627651,0.4292692,-0.2818929,-0.02697769,0.4864933,-0.1987886,-0.1624259,0.6498259,-0.1352684,-0.2914764,0.8082636,-0.1106753,0.009587795,0.5043956,-0.3020607,0.1918799,0.4643608,-0.4732426,0.3455295,0.4409482,-0.1746186,0.3249949,0.5118895
72057594037941341,0,2.039007,9891.238,-0.2038579,-0.0231826,0.5175135,-0.1737426,0.2799966,0.5205206,-0.2689019,0.2985443,0.479731,-0.2858014,0.5103606,0.4558869,-0.2423665,0.6571668,0.4542688,-0.2454454,0.6797254,0.4694788,-0.1892057,0.339303,0.5021246,-0.1266374,0.489727,0.4814458,-0.1459705,0.6384207,0.4453017,-0.1733958,0.627651,0.4292692,-0.2818929,-0.02697769,0.4864933,-0.1987886,-0.1624259,0.6498259,-0.1352684,-0.2914764,0.8082636,-0.1106753,0.009587795,0.5043956,-0.3020607,0.1918799,0.4643608,-0.4732426,0.3455295,0.4409482,-0.1746186,0.3249949,0.5118895
72057594037941341,0,2.039007,9891.24,-0.2038579,-0.0231826,0.5175135,-0.1737426,0.2799966,0.5205206,-0.2689019,0.2985443,0.479731,-0.2858014,0.5103606,0.4558869,-0.2423665,0.6571668,0.4542688,-0.2454454,0.6797254,0.4694788,-0.1892057,0.339303,0.5021246,-0.1266374,0.489727,0.4814458,-0.1459705,0.6384207,0.4453017,-0.1733958,0.627651,0.4292692,-0.2818929,-0.02697769,0.4864933,-0.1987886,-0.1624259,0.6498259,-0.1352684,-0.2914764,0.8082636,-0.1106753,0.009587795,0.5043956,-0.3020607,0.1918799,0.4643608,-0.4732426,0.3455295,0.4409482,-0.1746186,0.3249949,0.5118895
72057594037941341,0,2.039007,9891.242,-0.2038579,-0.0231826,0.5175135,-0.1737426,0.2799966,0.5205206,-0.2689019,0.2985443,0.479731,-0.2858014,0.5103606,0.4558869,-0.2423665,0.6571668,0.4542688,-0.2454454,0.6797254,0.4694788,-0.1892057,0.339303,0.5021246,-0.1266374,0.489727,0.4814458,-0.1459705,0.6384207,0.4453017,-0.1733958,0.627651,0.4292692,-0.2818929,-0.02697769,0.4864933,-0.1987886,-0.1624259,0.6498259,-0.1352684,-0.2914764,0.8082636,-0.1106753,0.009587795,0.5043956,-0.3020607,0.1918799,0.4643608,-0.4732426,0.3455295,0.4409482,-0.1746186,0.3249949,0.5118895
72057594037941341,0,2.039007,9891.244,-0.2038579,-0.0231826,0.5175135,-0.1737426,0.2799966,0.5205206,-0.2689019,0.2985443,0.479731,-0.2858014,0.5103606,0.4558869,-0.2423665,0.6571668,0.4542688,-0.2454454,0.6797254,0.4694788,-0.1892057,0.339303,0.5021246,-0.1266374,0.489727,0.4814458,-0.1459705,0.6384207,0.4453017,-0.1733958,0.627651,0.4292692,-0.2818929,-0.02697769,0.4864933,-0.1987886,-0.1624259,0.6498259,-0.1352684,-0.2914764,0.8082636,-0.1106753,0.009587795,0.5043956,-0.3020607,0.1918799,0.4643608,-0.4732426,0.3455295,0.4409482,-0.1746186,0.3249949,0.5118895
72057594037941341,0,2.039007,9891.246,-0.2038579,-0.0231826,0.5175135,-0.1737426,0.2799966,0.5205206,-0.2689019,0.2985443,0.479731,-0.2858014,0.5103606,0.4558869,-0.2423665,0.6571668,0.4542688,-0.2454454,0.6797254,0.4694788,-0.1892057,0.339303,0.5021246,-0.1266374,0.489727,0.4814458,-0.1459705,0.6384207,0.4453017,-0.1733958,0.627651,0.4292692,-0.2818929,-0.02697769,0.4864933,-0.1987886,-0.1624259,0.6498259,-0.1352684,-0.2914764,0.8082636,-0.1106753,0.009587795,0.5043956,-0.3020607,0.1918799,0.4643608,-0.4732426,0.3455295,0.4409482,-0.1746186,0.3249949,0.5118895
72057594037941341,0,2.039007,9891.247,-0.2038579,-0.0231826,0.5175135,-0.1737426,0.2799966,0.5205206,-0.2689019,0.2985443,0.479731,-0.2858014,0.5103606,0.4558869,-0.2423665,0.6571668,0.4542688,-0.2454454,0.6797254,0.4694788,-0.1892057,0.339303,0.5021246,-0.1266374,0.489727,0.4814458,-0.1459705,0.6384207,0.4453017,-0.1733958,0.627651,0.4292692,-0.2818929,-0.02697769,0.4864933,-0.1987886,-0.1624259,0.6498259,-0.1352684,-0.2914764,0.8082636,-0.1106753,0.009587795,0.5043956,-0.3020607,0.1918799,0.4643608,-0.4732426,0.3455295,0.4409482,-0.1746186,0.3249949,0.5118895
72057594037941341,0,2.039007,9891.249,-0.2038579,-0.0231826,0.5175135,-0.1737426,0.2799966,0.5205206,-0.2689019,0.2985443,0.479731,-0.2858014,0.5103606,0.4558869,-0.2423665,0.6571668,0.4542688,-0.2454454,0.6797254,0.4694788,-0.1892057,0.339303,0.5021246,-0.1266374,0.489727,0.4814458,-0.1459705,0.6384207,0.4453017,-0.1733958,0.627651,0.4292692,-0.2818929,-0.02697769,0.4864933,-0.1987886,-0.1624259,0.6498259,-0.1352684,-0.2914764,0.8082636,-0.1106753,0.009587795,0.5043956,-0.3020607,0.1918799,0.4643608,-0.4732426,0.3455295,0.4409482,-0.1746186,0.3249949,0.5118895
72057594037941341,0,2.039007,9891.25,-0.2038579,-0.0231826,0.5175135,-0.1737426,0.2799966,0.5205206,-0.2689019,0.2985443,0.479731,-0.2858014,0.5103606,0.4558869,-0.2423665,0.6571668,0.4542688,-0.2454454,0.6797254,0.4694788,-0.1892057,0.339303,0.5021246,-0.1266374,0.489727,0.4814458,-0.1459705,0.6384207,0.4453017,-0.1733958,0.627651,0.4292692,-0.2818929,-0.02697769,0.4864933,-0.1987886,-0.1624259,0.6498259,-0.1352684,-0.2914764,0.8082636,-0.1106753,0.009587795,0.5043956,-0.3020607,0.1918799,0.4643608,-0.4732426,0.3455295,0.4409482,-0.1746186,0.3249949,0.5118895
72057594037941341,0,2.039007,9891.252,-0.2038579,-0.0231826,0.5175135,-0.1737426,0.2799966,0.5205206,-0.2689019,0.2985443,0.479731,-0.2858014,0.5103606,0.4558869,-0.2423665,0.6571668,0.4542688,-0.2454454,0.6797254,0.4694788,-0.1892057,0.339303,0.5021246,-0.1266374,0.489727,0.4814458,-0.1459705,0.6384207,0.4453017,-0.1733958,0.627651,0.4292692,-0.2818929,-0.02697769,0.4864933,-0.1987886,-0.1624259,0.6498259,-0.1352684,-0.2914764,0.8082636,-0.1106753,0.009587795,0.5043956,-0.3020607,0.1918799,0.4643608,-0.4732426,0.3455295,0.4409482,-0.1746186,0.3249949,0.5118895
72057594037941341,0,2.039007,9891.254,-0.2038579,-0.0231826,0.5175135,-0.1737426,0.2799966,0.5205206,-0.2689019,0.2985443,0.479731,-0.2858014,0.5103606,0.4558869,-0.2423665,0.6571668,0.4542688,-0.2454454,0.6797254,0.4694788,-0.1892057,0.339303,0.5021246,-0.1266374,0.489727,0.4814458,-0.1459705,0.6384207,0.4453017,-0.1733958,0.627651,0.4292692,-0.2818929,-0.02697769,0.4864933,-0.1987886,-0.1624259,0.6498259,-0.1352684,-0.2914764,0.8082636,-0.1106753,0.009587795,0.5043956,-0.3020607,0.1918799,0.4643608,-0.4732426,0.3455295,0.4409482,-0.1746186,0.3249949,0.5118895
72057594037941341,0,2.039007,9891.256,-0.2038579,-0.0231826,0.5175135,-0.1737426,0.2799966,0.5205206,-0.2689019,0.2985443,0.479731,-0.2858014,0.5103606,0.4558869,-0.2423665,0.6571668,0.4542688,-0.2454454,0.6797254,0.4694788,-0.1892057,0.339303,0.5021246,-0.1266374,0.489727,0.4814458,-0.1459705,0.6384207,0.4453017,-0.1733958,0.627651,0.4292692,-0.2818929,-0.02697769,0.4864933,-0.1987886,-0.1624259,0.6498259,-0.1352684,-0.2914764,0.8082636,-0.1106753,0.009587795,0.5043956,-0.3020607,0.1918799,0.4643608,-0.4732426,0.3455295,0.4409482,-0.1746186,0.3249949,0.5118895
72057594037941341,0,2.039007,9891.259,-0.2038579,-0.0231826,0.5175135,-0.1737426,0.2799966,0.5205206,-0.2689019,0.2985443,0.479731,-0.2858014,0.5103606,0.4558869,-0.2423665,0.6571668,0.4542688,-0.2454454,0.6797254,0.4694788,-0.1892057,0.339303,0.5021246,-0.1266374,0.489727,0.4814458,-0.1459705,0.6384207,0.4453017,-0.1733958,0.627651,0.4292692,-0.2818929,-0.02697769,0.4864933,-0.1987886,-0.1624259,0.6498259,-0.1352684,-0.2914764,0.8082636,-0.1106753,0.009587795,0.5043956,-0.3020607,0.1918799,0.4643608,-0.4732426,0.3455295,0.4409482,-0.1746186,0.3249949,0.5118895
72057594037941341,0,2.039007,9891.262,-0.2038579,-0.0231826,0.5175135,-0.1737426,0.2799966,0.5205206,-0.2689019,0.2985443,0.479731,-0.2858014,0.5103606,0.4558869,-0.2423665,0.6571668,0.4542688,-0.2454454,0.6797254,0.4694788,-0.1892057,0.339303,0.5021246,-0.1266374,0.489727,0.4814458,-0.1459705,0.6384207,0.4453017,-0.1733958,0.627651,0.4292692,-0.2818929,-0.02697769,0.4864933,-0.1987886,-0.1624259,0.6498259,-0.1352684,-0.2914764,0.8082636,-0.1106753,0.009587795,0.5043956,-0.3020607,0.1918799,0.4643608,-0.4732426,0.3455295,0.4409482,-0.1746186,0.3249949,0.5118895
72057594037941341,0,2.039007,9891.264,-0.2038579,-0.0231826,0.5175135,-0.1737426,0.2799966,0.5205206,-0.2689019,0.2985443,0.479731,-0.2858014,0.5103606,0.4558869,-0.2423665,0.6571668,0.4542688,-0.2454454,0.6797254,0.4694788,-0.1892057,0.339303,0.5021246,-0.1266374,0.489727,0.4814458,-0.1459705,0.6384207,0.4453017,-0.1733958,0.627651,0.4292692,-0.2818929,-0.02697769,0.4864933,-0.1987886,-0.1624259,0.6498259,-0.1352684,-0.2914764,0.8082636,-0.1106753,0.009587795,0.5043956,-0.3020607,0.1918799,0.4643608,-0.4732426,0.3455295,0.4409482,-0.1746186,0.3249949,0.5118895
72057594037941341,0,2.039007,9891.266,-0.2038579,-0.0231826,0.5175135,-0.1737426,0.2799966,0.5205206,-0.2689019,0.2985443,0.479731,-0.2858014,0.5103606,0.4558869,-0.2423665,0.6571668,0.4542688,-0.2454454,0.6797254,0.4694788,-0.1892057,0.339303,0.5021246,-0.1266374,0.489727,0.4814458,-0.1459705,0.6384207,0.4453017,-0.1733958,0.627651,0.4292692,-0.2818929,-0.02697769,0.4864933,-0.1987886,-0.1624259,0.6498259,-0.1352684,-0.2914764,0.8082636,-0.1106753,0.009587795,0.5043956,-0.3020607,0.1918799,0.4643608,-0.4732426,0.3455295,0.4409482,-0.1746186,0.3249949,0.5118895
72057594037941341,0,2.034506,9891.269,-0.2304107,-0.02535281,0.5265792,-0.1729764,0.3298674,0.4716302,-0.267938,0.3003516,0.4794117,-0.2915851,0.5104843,0.4448318,-0.3002679,0.6607887,0.4178898,-0.2818241,0.6753622,0.4481853,-0.1887592,0.3410746,0.502071,-0.1287229,0.4944093,0.4858921,-0.1497537,0.6409416,0.4408925,-0.1797272,0.6367708,0.4345764,-0.2975319,-0.02506566,0.4906776,-0.232405,-0.1785976,0.644188,-0.1848043,-0.3232029,0.7942083,-0.1502235,0.0003169179,0.5207999,-0.30302,0.1891314,0.4607864,-0.4652565,0.3762371,0.4131476,-0.1746696,0.3300374,0.5122313
72057594037941341,0,2.034506,9891.271,-0.2304107,-0.02535281,0.5265792,-0.1729764,0.3298674,0.4716302,-0.267938,0.3003516,0.4794117,-0.2915851,0.5104843,0.4448318,-0.3002679,0.6607887,0.4178898,-0.2818241,0.6753622,0.4481853,-0.1887592,0.3410746,0.502071,-0.1287229,0.4944093,0.4858921,-0.1497537,0.6409416,0.4408925,-0.1797272,0.6367708,0.4345764,-0.2975319,-0.02506566,0.4906776,-0.232405,-0.1785976,0.644188,-0.1848043,-0.3232029,0.7942083,-0.1502235,0.0003169179,0.5207999,-0.30302,0.1891314,0.4607864,-0.4652565,0.3762371,0.4131476,-0.1746696,0.3300374,0.5122313
72057594037941341,0,2.034506,9891.272,-0.2304107,-0.02535281,0.5265792,-0.1729764,0.3298674,0.4716302,-0.267938,0.3003516,0.4794117,-0.2915851,0.5104843,0.4448318,-0.3002679,0.6607887,0.4178898,-0.2818241,0.6753622,0.4481853,-0.1887592,0.3410746,0.502071,-0.1287229,0.4944093,0.4858921,-0.1497537,0.6409416,0.4408925,-0.1797272,0.6367708,0.4345764,-0.2975319,-0.02506566,0.4906776,-0.232405,-0.1785976,0.644188,-0.1848043,-0.3232029,0.7942083,-0.1502235,0.0003169179,0.5207999,-0.30302,0.1891314,0.4607864,-0.4652565,0.3762371,0.4131476,-0.1746696,0.3300374,0.5122313
72057594037941341,0,2.034506,9891.274,-0.2304107,-0.02535281,0.5265792,-0.1729764,0.3298674,0.4716302,-0.267938,0.3003516,0.4794117,-0.2915851,0.5104843,0.4448318,-0.3002679,0.6607887,0.4178898,-0.2818241,0.6753622,0.4481853,-0.1887592,0.3410746,0.502071,-0.1287229,0.4944093,0.4858921,-0.1497537,0.6409416,0.4408925,-0.1797272,0.6367708,0.4345764,-0.2975319,-0.02506566,0.4906776,-0.232405,-0.1785976,0.644188,-0.1848043,-0.3232029,0.7942083,-0.1502235,0.0003169179,0.5207999,-0.30302,0.1891314,0.4607864,-0.4652565,0.3762371,0.4131476,-0.1746696,0.3300374,0.5122313
72057594037941341,0,2.034506,9891.276,-0.2304107,-0.02535281,0.5265792,-0.1729764,0.3298674,0.4716302,-0.267938,0.3003516,0.4794117,-0.2915851,0.5104843,0.4448318,-0.3002679,0.6607887,0.4178898,-0.2818241,0.6753622,0.4481853,-0.1887592,0.3410746,0.502071,-0.1287229,0.4944093,0.4858921,-0.1497537,0.6409416,0.4408925,-0.1797272,0.6367708,0.4345764,-0.2975319,-0.02506566,0.4906776,-0.232405,-0.1785976,0.644188,-0.1848043,-0.3232029,0.7942083,-0.1502235,0.0003169179,0.5207999,-0.30302,0.1891314,0.4607864,-0.4652565,0.3762371,0.4131476,-0.1746696,0.3300374,0.5122313
72057594037941341,0,2.034506,9891.278,-0.2304107,-0.02535281,0.5265792,-0.1729764,0.3298674,0.4716302,-0.267938,0.3003516,0.4794117,-0.2915851,0.5104843,0.4448318,-0.3002679,0.6607887,0.4178898,-0.2818241,0.6753622,0.4481853,-0.1887592,0.3410746,0.502071,-0.1287229,0.4944093,0.4858921,-0.1497537,0.6409416,0.4408925,-0.1797272,0.6367708,0.4345764,-0.2975319,-0.02506566,0.4906776,-0.232405,-0.1785976,0.644188,-0.1848043,-0.3232029,0.7942083,-0.1502235,0.0003169179,0.5207999,-0.30302,0.1891314,0.4607864,-0.4652565,0.3762371,0.4131476,-0.1746696,0.3300374,0.5122313
72057594037941341,0,2.034506,9891.28,-0.2304107,-0.02535281,0.5265792,-0.1729764,0.3298674,0.4716302,-0.267938,0.3003516,0.4794117,-0.2915851,0.5104843,0.4448318,-0.3002679,0.6607887,0.4178898,-0.2818241,0.6753622,0.4481853,-0.1887592,0.3410746,0.502071,-0.1287229,0.4944093,0.4858921,-0.1497537,0.6409416,0.4408925,-0.1797272,0.6367708,0.4345764,-0.2975319,-0.02506566,0.4906776,-0.232405,-0.1785976,0.644188,-0.1848043,-0.3232029,0.7942083,-0.1502235,0.0003169179,0.5207999,-0.30302,0.1891314,0.4607864,-0.4652565,0.3762371,0.4131476,-0.1746696,0.3300374,0.5122313
72057594037941341,0,2.034506,9891.282,-0.2304107,-0.02535281,0.5265792,-0.1729764,0.3298674,0.4716302,-0.267938,0.3003516,0.4794117,-0.2915851,0.5104843,0.4448318,-0.3002679,0.6607887,0.4178898,-0.2818241,0.6753622,0.4481853,-0.1887592,0.3410746,0.502071,-0.1287229,0.4944093,0.4858921,-0.1497537,0.6409416,0.4408925,-0.1797272,0.6367708,0.4345764,-0.2975319,-0.02506566,0.4906776,-0.232405,-0.1785976,0.644188,-0.1848043,-0.3232029,0.7942083,-0.1502235,0.0003169179,0.5207999,-0.30302,0.1891314,0.4607864,-0.4652565,0.3762371,0.4131476,-0.1746696,0.3300374,0.5122313
72057594037941341,0,2.034506,9891.284,-0.2304107,-0.02535281,0.5265792,-0.1729764,0.3298674,0.4716302,-0.267938,0.3003516,0.4794117,-0.2915851,0.5104843,0.4448318,-0.3002679,0.6607887,0.4178898,-0.2818241,0.6753622,0.4481853,-0.1887592,0.3410746,0.502071,-0.1287229,0.4944093,0.4858921,-0.1497537,0.6409416,0.4408925,-0.1797272,0.6367708,0.4345764,-0.2975319,-0.02506566,0.4906776,-0.232405,-0.1785976,0.644188,-0.1848043,-0.3232029,0.7942083,-0.1502235,0.0003169179,0.5207999,-0.30302,0.1891314,0.4607864,-0.4652565,0.3762371,0.4131476,-0.1746696,0.3300374,0.5122313
72057594037941341,0,2.034506,9891.285,-0.2304107,-0.02535281,0.5265792,-0.1729764,0.3298674,0.4716302,-0.267938,0.3003516,0.4794117,-0.2915851,0.5104843,0.4448318,-0.3002679,0.6607887,0.4178898,-0.2818241,0.6753622,0.4481853,-0.1887592,0.3410746,0.502071,-0.1287229,0.4944093,0.4858921,-0.1497537,0.6409416,0.4408925,-0.1797272,0.6367708,0.4345764,-0.2975319,-0.02506566,0.4906776,-0.232405,-0.1785976,0.644188,-0.1848043,-0.3232029,0.7942083,-0.1502235,0.0003169179,0.5207999,-0.30302,0.1891314,0.4607864,-0.4652565,0.3762371,0.4131476,-0.1746696,0.3300374,0.5122313
72057594037941341,0,2.034506,9891.288,-0.2304107,-0.02535281,0.5265792,-0.1729764,0.3298674,0.4716302,-0.267938,0.3003516,0.4794117,-0.2915851,0.5104843,0.4448318,-0.3002679,0.6607887,0.4178898,-0.2818241,0.6753622,0.4481853,-0.1887592,0.3410746,0.502071,-0.1287229,0.4944093,0.4858921,-0.1497537,0.6409416,0.4408925,-0.1797272,0.6367708,0.4345764,-0.2975319,-0.02506566,0.4906776,-0.232405,-0.1785976,0.644188,-0.1848043,-0.3232029,0.7942083,-0.1502235,0.0003169179,0.5207999,-0.30302,0.1891314,0.4607864,-0.4652565,0.3762371,0.4131476,-0.1746696,0.3300374,0.5122313
72057594037941341,0,2.034506,9891.29,-0.2304107,-0.02535281,0.5265792,-0.1729764,0.3298674,0.4716302,-0.267938,0.3003516,0.4794117,-0.2915851,0.5104843,0.4448318,-0.3002679,0.6607887,0.4178898,-0.2818241,0.6753622,0.4481853,-0.1887592,0.3410746,0.502071,-0.1287229,0.4944093,0.4858921,-0.1497537,0.6409416,0.4408925,-0.1797272,0.6367708,0.4345764,-0.2975319,-0.02506566,0.4906776,-0.232405,-0.1785976,0.644188,-0.1848043,-0.3232029,0.7942083,-0.1502235,0.0003169179,0.5207999,-0.30302,0.1891314,0.4607864,-0.4652565,0.3762371,0.4131476,-0.1746696,0.3300374,0.5122313
72057594037941341,0,2.034506,9891.292,-0.2304107,-0.02535281,0.5265792,-0.1729764,0.3298674,0.4716302,-0.267938,0.3003516,0.4794117,-0.2915851,0.5104843,0.4448318,-0.3002679,0.6607887,0.4178898,-0.2818241,0.6753622,0.4481853,-0.1887592,0.3410746,0.502071,-0.1287229,0.4944093,0.4858921,-0.1497537,0.6409416,0.4408925,-0.1797272,0.6367708,0.4345764,-0.2975319,-0.02506566,0.4906776,-0.232405,-0.1785976,0.644188,-0.1848043,-0.3232029,0.7942083,-0.1502235,0.0003169179,0.5207999,-0.30302,0.1891314,0.4607864,-0.4652565,0.3762371,0.4131476,-0.1746696,0.3300374,0.5122313
72057594037941341,0,2.034506,9891.294,-0.2304107,-0.02535281,0.5265792,-0.1729764,0.3298674,0.4716302,-0.267938,0.3003516,0.4794117,-0.2915851,0.5104843,0.4448318,-0.3002679,0.6607887,0.4178898,-0.2818241,0.6753622,0.4481853,-0.1887592,0.3410746,0.502071,-0.1287229,0.4944093,0.4858921,-0.1497537,0.6409416,0.4408925,-0.1797272,0.6367708,0.4345764,-0.2975319,-0.02506566,0.4906776,-0.232405,-0.1785976,0.644188,-0.1848043,-0.3232029,0.7942083,-0.1502235,0.0003169179,0.5207999,-0.30302,0.1891314,0.4607864,-0.4652565,0.3762371,0.4131476,-0.1746696,0.3300374,0.5122313
72057594037941341,0,2.034506,9891.296,-0.2304107,-0.02535281,0.5265792,-0.1729764,0.3298674,0.4716302,-0.267938,0.3003516,0.4794117,-0.2915851,0.5104843,0.4448318,-0.3002679,0.6607887,0.4178898,-0.2818241,0.6753622,0.4481853,-0.1887592,0.3410746,0.502071,-0.1287229,0.4944093,0.4858921,-0.1497537,0.6409416,0.4408925,-0.1797272,0.6367708,0.4345764,-0.2975319,-0.02506566,0.4906776,-0.232405,-0.1785976,0.644188,-0.1848043,-0.3232029,0.7942083,-0.1502235,0.0003169179,0.5207999,-0.30302,0.1891314,0.4607864,-0.4652565,0.3762371,0.4131476,-0.1746696,0.3300374,0.5122313
72057594037941341,0,2.034506,9891.299,-0.2304107,-0.02535281,0.5265792,-0.1729764,0.3298674,0.4716302,-0.267938,0.3003516,0.4794117,-0.2915851,0.5104843,0.4448318,-0.3002679,0.6607887,0.4178898,-0.2818241,0.6753622,0.4481853,-0.1887592,0.3410746,0.502071,-0.1287229,0.4944093,0.4858921,-0.1497537,0.6409416,0.4408925,-0.1797272,0.6367708,0.4345764,-0.2975319,-0.02506566,0.4906776,-0.232405,-0.1785976,0.644188,-0.1848043,-0.3232029,0.7942083,-0.1502235,0.0003169179,0.5207999,-0.30302,0.1891314,0.4607864,-0.4652565,0.3762371,0.4131476,-0.1746696,0.3300374,0.5122313
72057594037941341,0,2.014575,9891.304,-0.2762725,-0.01764455,0.5511968,-0.1843441,0.329458,0.5011741,-0.1154202,0.4180808,0.4763156,-0.2871132,0.5142137,0.4360841,-0.3117691,0.6630502,0.4264757,-0.2920155,0.6773052,0.438928,-0.1825788,0.3688113,0.4949022,-0.1299945,0.5175012,0.4692989,-0.1834444,0.6587378,0.4552296,-0.2145923,0.6674458,0.4391455,-0.2191507,-0.02091599,0.5223843,-0.2457974,-0.1950417,0.6543757,-0.2755126,-0.3578395,0.7874721,-0.3159809,0.01236758,0.5370946,-0.2895086,0.2340246,0.4513271,-0.1023003,0.2933728,0.4155065,-0.1738759,0.3578506,0.508779
72057594037941341,0,2.014575,9891.307,-0.2762725,-0.01764455,0.5511968,-0.1843441,0.329458,0.5011741,-0.1154202,0.4180808,0.4763156,-0.2871132,0.5142137,0.4360841,-0.3117691,0.6630502,0.4264757,-0.2920155,0.6773052,0.438928,-0.1825788,0.3688113,0.4949022,-0.1299945,0.5175012,0.4692989,-0.1834444,0.6587378,0.4552296,-0.2145923,0.6674458,0.4391455,-0.2191507,-0.02091599,0.5223843,-0.2457974,-0.1950417,0.6543757,-0.2755126,-0.3578395,0.7874721,-0.3159809,0.01236758,0.5370946,-0.2895086,0.2340246,0.4513271,-0.1023003,0.2933728,0.4155065,-0.1738759,0.3578506,0.508779
72057594037941341,0,2.014575,9891.309,-0.2762725,-0.01764455,0.5511968,-0.1843441,0.329458,0.5011741,-0.1154202,0.4180808,0.4763156,-0.2871132,0.5142137,0.4360841,-0.3117691,0.6630502,0.4264757,-0.2920155,0.6773052,0.438928,-0.1825788,0.3688113,0.4949022,-0.1299945,0.5175012,0.4692989,-0.1834444,0.6587378,0.4552296,-0.2145923,0.6674458,0.4391455,-0.2191507,-0.02091599,0.5223843,-0.2457974,-0.1950417,0.6543757,-0.2755126,-0.3578395,0.7874721,-0.3159809,0.01236758,0.5370946,-0.2895086,0.2340246,0.4513271,-0.1023003,0.2933728,0.4155065,-0.1738759,0.3578506,0.508779
72057594037941341,0,2.014575,9891.311,-0.2762725,-0.01764455,0.5511968,-0.1843441,0.329458,0.5011741,-0.1154202,0.4180808,0.4763156,-0.2871132,0.5142137,0.4360841,-0.3117691,0.6630502,0.4264757,-0.2920155,0.6773052,0.438928,-0.1825788,0.3688113,0.4949022,-0.1299945,0.5175012,0.4692989,-0.1834444,0.6587378,0.4552296,-0.2145923,0.6674458,0.4391455,-0.2191507,-0.02091599,0.5223843,-0.2457974,-0.1950417,0.6543757,-0.2755126,-0.3578395,0.7874721,-0.3159809,0.01236758,0.5370946,-0.2895086,0.2340246,0.4513271,-0.1023003,0.2933728,0.4155065,-0.1738759,0.3578506,0.508779
72057594037941341,0,2.014575,9891.313,-0.2762725,-0.01764455,0.5511968,-0.1843441,0.329458,0.5011741,-0.1154202,0.4180808,0.4763156,-0.2871132,0.5142137,0.4360841,-0.3117691,0.6630502,0.4264757,-0.2920155,0.6773052,0.438928,-0.1825788,0.3688113,0.4949022,-0.1299945,0.5175012,0.4692989,-0.1834444,0.6587378,0.4552296,-0.2145923,0.6674458,0.4391455,-0.2191507,-0.02091599,0.5223843,-0.2457974,-0.1950417,0.6543757,-0.2755126,-0.3578395,0.7874721,-0.3159809,0.01236758,0.5370946,-0.2895086,0.2340246,0.4513271,-0.1023003,0.2933728,0.4155065,-0.1738759,0.3578506,0.508779
72057594037941341,0,2.014575,9891.314,-0.2762725,-0.01764455,0.5511968,-0.1843441,0.329458,0.5011741,-0.1154202,0.4180808,0.4763156,-0.2871132,0.5142137,0.4360841,-0.3117691,0.6630502,0.4264757,-0.2920155,0.6773052,0.438928,-0.1825788,0.3688113,0.4949022,-0.1299945,0.5175012,0.4692989,-0.1834444,0.6587378,0.4552296,-0.2145923,0.6674458,0.4391455,-0.2191507,-0.02091599,0.5223843,-0.2457974,-0.1950417,0.6543757,-0.2755126,-0.3578395,0.7874721,-0.3159809,0.01236758,0.5370946,-0.2895086,0.2340246,0.4513271,-0.1023003,0.2933728,0.4155065,-0.1738759,0.3578506,0.508779
72057594037941341,0,2.014575,9891.315,-0.2762725,-0.01764455,0.5511968,-0.1843441,0.329458,0.5011741,-0.1154202,0.4180808,0.4763156,-0.2871132,0.5142137,0.4360841,-0.3117691,0.6630502,0.4264757,-0.2920155,0.6773052,0.438928,-0.1825788,0.3688113,0.4949022,-0.1299945,0.5175012,0.4692989,-0.1834444,0.6587378,0.4552296,-0.2145923,0.6674458,0.4391455,-0.2191507,-0.02091599,0.5223843,-0.2457974,-0.1950417,0.6543757,-0.2755126,-0.3578395,0.7874721,-0.3159809,0.01236758,0.5370946,-0.2895086,0.2340246,0.4513271,-0.1023003,0.2933728,0.4155065,-0.1738759,0.3578506,0.508779
72057594037941341,0,2.014575,9891.317,-0.2762725,-0.01764455,0.5511968,-0.1843441,0.329458,0.5011741,-0.1154202,0.4180808,0.4763156,-0.2871132,0.5142137,0.4360841,-0.3117691,0.6630502,0.4264757,-0.2920155,0.6773052,0.438928,-0.1825788,0.3688113,0.4949022,-0.1299945,0.5175012,0.4692989,-0.1834444,0.6587378,0.4552296,-0.2145923,0.6674458,0.4391455,-0.2191507,-0.02091599,0.5223843,-0.2457974,-0.1950417,0.6543757,-0.2755126,-0.3578395,0.7874721,-0.3159809,0.01236758,0.5370946,-0.2895086,0.2340246,0.4513271,-0.1023003,0.2933728,0.4155065,-0.1738759,0.3578506,0.508779
72057594037941341,0,2.014575,9891.318,-0.2762725,-0.01764455,0.5511968,-0.1843441,0.329458,0.5011741,-0.1154202,0.4180808,0.4763156,-0.2871132,0.5142137,0.4360841,-0.3117691,0.6630502,0.4264757,-0.2920155,0.6773052,0.438928,-0.1825788,0.3688113,0.4949022,-0.1299945,0.5175012,0.4692989,-0.1834444,0.6587378,0.4552296,-0.2145923,0.6674458,0.4391455,-0.2191507,-0.02091599,0.5223843,-0.2457974,-0.1950417,0.6543757,-0.2755126,-0.3578395,0.7874721,-0.3159809,0.01236758,0.5370946,-0.2895086,0.2340246,0.4513271,-0.1023003,0.2933728,0.4155065,-0.1738759,0.3578506,0.508779
72057594037941341,0,2.014575,9891.32,-0.2762725,-0.01764455,0.5511968,-0.1843441,0.329458,0.5011741,-0.1154202,0.4180808,0.4763156,-0.2871132,0.5142137,0.4360841,-0.3117691,0.6630502,0.4264757,-0.2920155,0.6773052,0.438928,-0.1825788,0.3688113,0.4949022,-0.1299945,0.5175012,0.4692989,-0.1834444,0.6587378,0.4552296,-0.2145923,0.6674458,0.4391455,-0.2191507,-0.02091599,0.5223843,-0.2457974,-0.1950417,0.6543757,-0.2755126,-0.3578395,0.7874721,-0.3159809,0.01236758,0.5370946,-0.2895086,0.2340246,0.4513271,-0.1023003,0.2933728,0.4155065,-0.1738759,0.3578506,0.508779
72057594037941341,0,2.014575,9891.323,-0.2762725,-0.01764455,0.5511968,-0.1843441,0.329458,0.5011741,-0.1154202,0.4180808,0.4763156,-0.2871132,0.5142137,0.4360841,-0.3117691,0.6630502,0.4264757,-0.2920155,0.6773052,0.438928,-0.1825788,0.3688113,0.4949022,-0.1299945,0.5175012,0.4692989,-0.1834444,0.6587378,0.4552296,-0.2145923,0.6674458,0.4391455,-0.2191507,-0.02091599,0.5223843,-0.2457974,-0.1950417,0.6543757,-0.2755126,-0.3578395,0.7874721,-0.3159809,0.01236758,0.5370946,-0.2895086,0.2340246,0.4513271,-0.1023003,0.2933728,0.4155065,-0.1738759,0.3578506,0.508779
72057594037941341,0,2.014575,9891.324,-0.2762725,-0.01764455,0.5511968,-0.1843441,0.329458,0.5011741,-0.1154202,0.4180808,0.4763156,-0.2871132,0.5142137,0.4360841,-0.3117691,0.6630502,0.4264757,-0.2920155,0.6773052,0.438928,-0.1825788,0.3688113,0.4949022,-0.1299945,0.5175012,0.4692989,-0.1834444,0.6587378,0.4552296,-0.2145923,0.6674458,0.4391455,-0.2191507,-0.02091599,0.5223843,-0.2457974,-0.1950417,0.6543757,-0.2755126,-0.3578395,0.7874721,-0.3159809,0.01236758,0.5370946,-0.2895086,0.2340246,0.4513271,-0.1023003,0.2933728,0.4155065,-0.1738759,0.3578506,0.508779
72057594037941341,0,2.014575,9891.326,-0.2762725,-0.01764455,0.5511968,-0.1843441,0.329458,0.5011741,-0.1154202,0.4180808,0.4763156,-0.2871132,0.5142137,0.4360841,-0.3117691,0.6630502,0.4264757,-0.2920155,0.6773052,0.438928,-0.1825788,0.3688113,0.4949022,-0.1299945,0.5175012,0.4692989,-0.1834444,0.6587378,0.4552296,-0.2145923,0.6674458,0.4391455,-0.2191507,-0.02091599,0.5223843,-0.2457974,-0.1950417,0.6543757,-0.2755126,-0.3578395,0.7874721,-0.3159809,0.01236758,0.5370946,-0.2895086,0.2340246,0.4513271,-0.1023003,0.2933728,0.4155065,-0.1738759,0.3578506,0.508779
72057594037941341,0,2.014575,9891.327,-0.2762725,-0.01764455,0.5511968,-0.1843441,0.329458,0.5011741,-0.1154202,0.4180808,0.4763156,-0.2871132,0.5142137,0.4360841,-0.3117691,0.6630502,0.4264757,-0.2920155,0.6773052,0.438928,-0.1825788,0.3688113,0.4949022,-0.1299945,0.5175012,0.4692989,-0.1834444,0.6587378,0.4552296,-0.2145923,0.6674458,0.4391455,-0.2191507,-0.02091599,0.5223843,-0.2457974,-0.1950417,0.6543757,-0.2755126,-0.3578395,0.7874721,-0.3159809,0.01236758,0.5370946,-0.2895086,0.2340246,0.4513271,-0.1023003,0.2933728,0.4155065,-0.1738759,0.3578506,0.508779
72057594037941341,0,2.014575,9891.329,-0.2762725,-0.01764455,0.5511968,-0.1843441,0.329458,0.5011741,-0.1154202,0.4180808,0.4763156,-0.2871132,0.5142137,0.4360841,-0.3117691,0.6630502,0.4264757,-0.2920155,0.6773052,0.438928,-0.1825788,0.3688113,0.4949022,-0.1299945,0.5175012,0.4692989,-0.1834444,0.6587378,0.4552296,-0.2145923,0.6674458,0.4391455,-0.2191507,-0.02091599,0.5223843,-0.2457974,-0.1950417,0.6543757,-0.2755126,-0.3578395,0.7874721,-0.3159809,0.01236758,0.5370946,-0.2895086,0.2340246,0.4513271,-0.1023003,0.2933728,0.4155065,-0.1738759,0.3578506,0.508779
72057594037941341,0,2.014575,9891.331,-0.2762725,-0.01764455,0.5511968,-0.1843441,0.329458,0.5011741,-0.1154202,0.4180808,0.4763156,-0.2871132,0.5142137,0.4360841,-0.3117691,0.6630502,0.4264757,-0.2920155,0.6773052,0.438928,-0.1825788,0.3688113,0.4949022,-0.1299945,0.5175012,0.4692989,-0.1834444,0.6587378,0.4552296,-0.2145923,0.6674458,0.4391455,-0.2191507,-0.02091599,0.5223843,-0.2457974,-0.1950417,0.6543757,-0.2755126,-0.3578395,0.7874721,-0.3159809,0.01236758,0.5370946,-0.2895086,0.2340246,0.4513271,-0.1023003,0.2933728,0.4155065,-0.1738759,0.3578506,0.508779
72057594037941341,0,2.008689,9891.333,-0.2553514,-0.02114737,0.5566875,-0.1950755,0.3364415,0.4868939,-0.1191745,0.4170142,0.4702162,-0.2767717,0.278406,0.4433987,-0.3412979,0.4171619,0.4191781,-0.3639854,0.4628584,0.4135329,-0.1858809,0.3715883,0.487018,-0.1633333,0.5379823,0.4875923,-0.1585957,0.6737911,0.4103377,-0.1577222,0.7197015,0.3871425,-0.1789113,-0.01838332,0.5198354,-0.2022513,-0.1884123,0.6570531,-0.2279948,-0.3477318,0.7949306,-0.3044742,0.004271626,0.5482053,-0.2969179,0.2203735,0.4453198,-0.1134413,0.2815114,0.3965076,-0.1753969,0.3603851,0.5038678
72057594037941341,0,2.008689,9891.335,-0.2553514,-0.02114737,0.5566875,-0.1950755,0.3364415,0.4868939,-0.1191745,0.4170142,0.4702162,-0.2767717,0.278406,0.4433987,-0.3412979,0.4171619,0.4191781,-0.3639854,0.4628584,0.4135329,-0.1858809,0.3715883,0.487018,-0.1633333,0.5379823,0.4875923,-0.1585957,0.6737911,0.4103377,-0.1577222,0.7197015,0.3871425,-0.1789113,-0.01838332,0.5198354,-0.2022513,-0.1884123,0.6570531,-0.2279948,-0.3477318,0.7949306,-0.3044742,0.004271626,0.5482053,-0.2969179,0.2203735,0.4453198,-0.1134413,0.2815114,0.3965076,-0.1753969,0.3603851,0.5038678
72057594037941341,0,2.008689,9891.337,-0.2553514,-0.02114737,0.5566875,-0.1950755,0.3364415,0.4868939,-0.1191745,0.4170142,0.4702162,-0.2767717,0.278406,0.4433987,-0.3412979,0.4171619,0.4191781,-0.3639854,0.4628584,0.4135329,-0.1858809,0.3715883,0.487018,-0.1633333,0.5379823,0.4875923,-0.1585957,0.6737911,0.4103377,-0.1577222,0.7197015,0.3871425,-0.1789113,-0.01838332,0.5198354,-0.2022513,-0.1884123,0.6570531,-0.2279948,-0.3477318,0.7949306,-0.3044742,0.004271626,0.5482053,-0.2969179,0.2203735,0.4453198,-0.1134413,0.2815114,0.3965076,-0.1753969,0.3603851,0.5038678
72057594037941341,0,2.008689,9891.341,-0.2553514,-0.02114737,0.5566875,-0.1950755,0.3364415,0.4868939,-0.1191745,0.4170142,0.4702162,-0.2767717,0.278406,0.4433987,-0.3412979,0.4171619,0.4191781,-0.3639854,0.4628584,0.4135329,-0.1858809,0.3715883,0.487018,-0.1633333,0.5379823,0.4875923,-0.1585957,0.6737911,0.4103377,-0.1577222,0.7197015,0.3871425,-0.1789113,-0.01838332,0.5198354,-0.2022513,-0.1884123,0.6570531,-0.2279948,-0.3477318,0.7949306,-0.3044742,0.004271626,0.5482053,-0.2969179,0.2203735,0.4453198,-0.1134413,0.2815114,0.3965076,-0.1753969,0.3603851,0.5038678
72057594037941341,0,2.008689,9891.343,-0.2553514,-0.02114737,0.5566875,-0.1950755,0.3364415,0.4868939,-0.1191745,0.4170142,0.4702162,-0.2767717,0.278406,0.4433987,-0.3412979,0.4171619,0.4191781,-0.3639854,0.4628584,0.4135329,-0.1858809,0.3715883,0.487018,-0.1633333,0.5379823,0.4875923,-0.1585957,0.6737911,0.4103377,-0.1577222,0.7197015,0.3871425,-0.1789113,-0.01838332,0.5198354,-0.2022513,-0.1884123,0.6570531,-0.2279948,-0.3477318,0.7949306,-0.3044742,0.004271626,0.5482053,-0.2969179,0.2203735,0.4453198,-0.1134413,0.2815114,0.3965076,-0.1753969,0.3603851,0.5038678
72057594037941341,0,2.008689,9891.345,-0.2553514,-0.02114737,0.5566875,-0.1950755,0.3364415,0.4868939,-0.1191745,0.4170142,0.4702162,-0.2767717,0.278406,0.4433987,-0.3412979,0.4171619,0.4191781,-0.3639854,0.4628584,0.4135329,-0.1858809,0.3715883,0.487018,-0.1633333,0.5379823,0.4875923,-0.1585957,0.6737911,0.4103377,-0.1577222,0.7197015,0.3871425,-0.1789113,-0.01838332,0.5198354,-0.2022513,-0.1884123,0.6570531,-0.2279948,-0.3477318,0.7949306,-0.3044742,0.004271626,0.5482053,-0.2969179,0.2203735,0.4453198,-0.1134413,0.2815114,0.3965076,-0.1753969,0.3603851,0.5038678
72057594037941341,0,2.008689,9891.348,-0.2553514,-0.02114737,0.5566875,-0.1950755,0.3364415,0.4868939,-0.1191745,0.4170142,0.4702162,-0.2767717,0.278406,0.4433987,-0.3412979,0.4171619,0.4191781,-0.3639854,0.4628584,0.4135329,-0.1858809,0.3715883,0.487018,-0.1633333,0.5379823,0.4875923,-0.1585957,0.6737911,0.4103377,-0.1577222,0.7197015,0.3871425,-0.1789113,-0.01838332,0.5198354,-0.2022513,-0.1884123,0.6570531,-0.2279948,-0.3477318,0.7949306,-0.3044742,0.004271626,0.5482053,-0.2969179,0.2203735,0.4453198,-0.1134413,0.2815114,0.3965076,-0.1753969,0.3603851,0.5038678
72057594037941341,0,2.008689,9891.35,-0.2553514,-0.02114737,0.5566875,-0.1950755,0.3364415,0.4868939,-0.1191745,0.4170142,0.4702162,-0.2767717,0.278406,0.4433987,-0.3412979,0.4171619,0.4191781,-0.3639854,0.4628584,0.4135329,-0.1858809,0.3715883,0.487018,-0.1633333,0.5379823,0.4875923,-0.1585957,0.6737911,0.4103377,-0.1577222,0.7197015,0.3871425,-0.1789113,-0.01838332,0.5198354,-0.2022513,-0.1884123,0.6570531,-0.2279948,-0.3477318,0.7949306,-0.3044742,0.004271626,0.5482053,-0.2969179,0.2203735,0.4453198,-0.1134413,0.2815114,0.3965076,-0.1753969,0.3603851,0.5038678
72057594037941341,0,2.008689,9891.352,-0.2553514,-0.02114737,0.5566875,-0.1950755,0.3364415,0.4868939,-0.1191745,0.4170142,0.4702162,-0.2767717,0.278406,0.4433987,-0.3412979,0.4171619,0.4191781,-0.3639854,0.4628584,0.4135329,-0.1858809,0.3715883,0.487018,-0.1633333,0.5379823,0.4875923,-0.1585957,0.6737911,0.4103377,-0.1577222,0.7197015,0.3871425,-0.1789113,-0.01838332,0.5198354,-0.2022513,-0.1884123,0.6570531,-0.2279948,-0.3477318,0.7949306,-0.3044742,0.004271626,0.5482053,-0.2969179,0.2203735,0.4453198,-0.1134413,0.2815114,0.3965076,-0.1753969,0.3603851,0.5038678
72057594037941341,0,2.008689,9891.353,-0.2553514,-0.02114737,0.5566875,-0.1950755,0.3364415,0.4868939,-0.1191745,0.4170142,0.4702162,-0.2767717,0.278406,0.4433987,-0.3412979,0.4171619,0.4191781,-0.3639854,0.4628584,0.4135329,-0.1858809,0.3715883,0.487018,-0.1633333,0.5379823,0.4875923,-0.1585957,0.6737911,0.4103377,-0.1577222,0.7197015,0.3871425,-0.1789113,-0.01838332,0.5198354,-0.2022513,-0.1884123,0.6570531,-0.2279948,-0.3477318,0.7949306,-0.3044742,0.004271626,0.5482053,-0.2969179,0.2203735,0.4453198,-0.1134413,0.2815114,0.3965076,-0.1753969,0.3603851,0.5038678
72057594037941341,0,2.008689,9891.354,-0.2553514,-0.02114737,0.5566875,-0.1950755,0.3364415,0.4868939,-0.1191745,0.4170142,0.4702162,-0.2767717,0.278406,0.4433987,-0.3412979,0.4171619,0.4191781,-0.3639854,0.4628584,0.4135329,-0.1858809,0.3715883,0.487018,-0.1633333,0.5379823,0.4875923,-0.1585957,0.6737911,0.4103377,-0.1577222,0.7197015,0.3871425,-0.1789113,-0.01838332,0.5198354,-0.2022513,-0.1884123,0.6570531,-0.2279948,-0.3477318,0.7949306,-0.3044742,0.004271626,0.5482053,-0.2969179,0.2203735,0.4453198,-0.1134413,0.2815114,0.3965076,-0.1753969,0.3603851,0.5038678
72057594037941341,0,2.008689,9891.356,-0.2553514,-0.02114737,0.5566875,-0.1950755,0.3364415,0.4868939,-0.1191745,0.4170142,0.4702162,-0.2767717,0.278406,0.4433987,-0.3412979,0.4171619,0.4191781,-0.3639854,0.4628584,0.4135329,-0.1858809,0.3715883,0.487018,-0.1633333,0.5379823,0.4875923,-0.1585957,0.6737911,0.4103377,-0.1577222,0.7197015,0.3871425,-0.1789113,-0.01838332,0.5198354,-0.2022513,-0.1884123,0.6570531,-0.2279948,-0.3477318,0.7949306,-0.3044742,0.004271626,0.5482053,-0.2969179,0.2203735,0.4453198,-0.1134413,0.2815114,0.3965076,-0.1753969,0.3603851,0.5038678
72057594037941341,0,2.008689,9891.358,-0.2553514,-0.02114737,0.5566875,-0.1950755,0.3364415,0.4868939,-0.1191745,0.4170142,0.4702162,-0.2767717,0.278406,0.4433987,-0.3412979,0.4171619,0.4191781,-0.3639854,0.4628584,0.4135329,-0.1858809,0.3715883,0.487018,-0.1633333,0.5379823,0.4875923,-0.1585957,0.6737911,0.4103377,-0.1577222,0.7197015,0.3871425,-0.1789113,-0.01838332,0.5198354,-0.2022513,-0.1884123,0.6570531,-0.2279948,-0.3477318,0.7949306,-0.3044742,0.004271626,0.5482053,-0.2969179,0.2203735,0.4453198,-0.1134413,0.2815114,0.3965076,-0.1753969,0.3603851,0.5038678
72057594037941341,0,2.008689,9891.36,-0.2553514,-0.02114737,0.5566875,-0.1950755,0.3364415,0.4868939,-0.1191745,0.4170142,0.4702162,-0.2767717,0.278406,0.4433987,-0.3412979,0.4171619,0.4191781,-0.3639854,0.4628584,0.4135329,-0.1858809,0.3715883,0.487018,-0.1633333,0.5379823,0.4875923,-0.1585957,0.6737911,0.4103377,-0.1577222,0.7197015,0.3871425,-0.1789113,-0.01838332,0.5198354,-0.2022513,-0.1884123,0.6570531,-0.2279948,-0.3477318,0.7949306,-0.3044742,0.004271626,0.5482053,-0.2969179,0.2203735,0.4453198,-0.1134413,0.2815114,0.3965076,-0.1753969,0.3603851,0.5038678
72057594037941341,0,2.008689,9891.363,-0.2553514,-0.02114737,0.5566875,-0.1950755,0.3364415,0.4868939,-0.1191745,0.4170142,0.4702162,-0.2767717,0.278406,0.4433987,-0.3412979,0.4171619,0.4191781,-0.3639854,0.4628584,0.4135329,-0.1858809,0.3715883,0.487018,-0.1633333,0.5379823,0.4875923,-0.1585957,0.6737911,0.4103377,-0.1577222,0.7197015,0.3871425,-0.1789113,-0.01838332,0.5198354,-0.2022513,-0.1884123,0.6570531,-0.2279948,-0.3477318,0.7949306,-0.3044742,0.004271626,0.5482053,-0.2969179,0.2203735,0.4453198,-0.1134413,0.2815114,0.3965076,-0.1753969,0.3603851,0.5038678
72057594037941341,0,2.008689,9891.366,-0.2553514,-0.02114737,0.5566875,-0.1950755,0.3364415,0.4868939,-0.1191745,0.4170142,0.4702162,-0.2767717,0.278406,0.4433987,-0.3412979,0.4171619,0.4191781,-0.3639854,0.4628584,0.4135329,-0.1858809,0.3715883,0.487018,-0.1633333,0.5379823,0.4875923,-0.1585957,0.6737911,0.4103377,-0.1577222,0.7197015,0.3871425,-0.1789113,-0.01838332,0.5198354,-0.2022513,-0.1884123,0.6570531,-0.2279948,-0.3477318,0.7949306,-0.3044742,0.004271626,0.5482053,-0.2969179,0.2203735,0.4453198,-0.1134413,0.2815114,0.3965076,-0.1753969,0.3603851,0.5038678
72057594037941341,0,2.001561,9891.368,-0.2608357,-0.02799222,0.568985,-0.2166646,0.2886638,0.534032,-0.1397019,0.3667931,0.5181777,-0.26706,0.2547519,0.4555255,-0.4073854,0.251001,0.3936321,-0.4552077,0.2491977,0.375532,-0.2043288,0.3274611,0.5341036,-0.1668275,0.5344376,0.4872312,-0.1798836,0.6719213,0.4151444,-0.2414567,0.674497,0.43524,-0.2124157,-0.03125811,0.5665037,-0.2190686,-0.2080728,0.6990702,-0.2308782,-0.3728533,0.8328154,-0.303591,0.000806272,0.5480617,-0.3301773,0.19457,0.4093641,-0.3702244,0.4157127,0.2613458,-0.1933481,0.3212583,0.5471348
72057594037941341,0,2.001561,9891.37,-0.2608357,-0.02799222,0.568985,-0.2166646,0.2886638,0.534032,-0.1397019,0.3667931,0.5181777,-0.26706,0.2547519,0.4555255,-0.4073854,0.251001,0.3936321,-0.4552077,0.2491977,0.375532,-0.2043288,0.3274611,0.5341036,-0.1668275,0.5344376,0.4872312,-0.1798836,0.6719213,0.4151444,-0.2414567,0.674497,0.43524,-0.2124157,-0.03125811,0.5665037,-0.2190686,-0.2080728,0.6990702,-0.2308782,-0.3728533,0.8328154,-0.303591,0.000806272,0.5480617,-0.3301773,0.19457,0.4093641,-0.3702244,0.4157127,0.2613458,-0.1933481,0.3212583,0.5471348
72057594037941341,0,2.001561,9891.372,-0.2608357,-0.02799222,0.568985,-0.2166646,0.2886638,0.534032,-0.1397019,0.3667931,0.5181777,-0.26706,0.2547519,0.4555255,-0.4073854,0.251001,0.3936321,-0.4552077,0.2491977,0.375532,-0.2043288,0.3274611,0.5341036,-0.1668275,0.5344376,0.4872312,-0.1798836,0.6719213,0.4151444,-0.2414567,0.674497,0.43524,-0.2124157,-0.03125811,0.5665037,-0.2190686,-0.2080728,0.6990702,-0.2308782,-0.3728533,0.8328154,-0.303591,0.000806272,0.5480617,-0.3301773,0.19457,0.4093641,-0.3702244,0.4157127,0.2613458,-0.1933481,0.3212583,0.5471348
72057594037941341,0,2.001561,9891.374,-0.2608357,-0.02799222,0.568985,-0.2166646,0.2886638,0.534032,-0.1397019,0.3667931,0.5181777,-0.26706,0.2547519,0.4555255,-0.4073854,0.251001,0.3936321,-0.4552077,0.2491977,0.375532,-0.2043288,0.3274611,0.5341036,-0.1668275,0.5344376,0.4872312,-0.1798836,0.6719213,0.4151444,-0.2414567,0.674497,0.43524,-0.2124157,-0.03125811,0.5665037,-0.2190686,-0.2080728,0.6990702,-0.2308782,-0.3728533,0.8328154,-0.303591,0.000806272,0.5480617,-0.3301773,0.19457,0.4093641,-0.3702244,0.4157127,0.2613458,-0.1933481,0.3212583,0.5471348
72057594037941341,0,2.001561,9891.376,-0.2608357,-0.02799222,0.568985,-0.2166646,0.2886638,0.534032,-0.1397019,0.3667931,0.5181777,-0.26706,0.2547519,0.4555255,-0.4073854,0.251001,0.3936321,-0.4552077,0.2491977,0.375532,-0.2043288,0.3274611,0.5341036,-0.1668275,0.5344376,0.4872312,-0.1798836,0.6719213,0.4151444,-0.2414567,0.674497,0.43524,-0.2124157,-0.03125811,0.5665037,-0.2190686,-0.2080728,0.6990702,-0.2308782,-0.3728533,0.8328154,-0.303591,0.000806272,0.5480617,-0.3301773,0.19457,0.4093641,-0.3702244,0.4157127,0.2613458,-0.1933481,0.3212583,0.5471348
72057594037941341,0,2.001561,9891.379,-0.2608357,-0.02799222,0.568985,-0.2166646,0.2886638,0.534032,-0.1397019,0.3667931,0.5181777,-0.26706,0.2547519,0.4555255,-0.4073854,0.251001,0.3936321,-0.4552077,0.2491977,0.375532,-0.2043288,0.3274611,0.5341036,-0.1668275,0.5344376,0.4872312,-0.1798836,0.6719213,0.4151444,-0.2414567,0.674497,0.43524,-0.2124157,-0.03125811,0.5665037,-0.2190686,-0.2080728,0.6990702,-0.2308782,-0.3728533,0.8328154,-0.303591,0.000806272,0.5480617,-0.3301773,0.19457,0.4093641,-0.3702244,0.4157127,0.2613458,-0.1933481,0.3212583,0.5471348
72057594037941341,0,2.001561,9891.381,-0.2608357,-0.02799222,0.568985,-0.2166646,0.2886638,0.534032,-0.1397019,0.3667931,0.5181777,-0.26706,0.2547519,0.4555255,-0.4073854,0.251001,0.3936321,-0.4552077,0.2491977,0.375532,-0.2043288,0.3274611,0.5341036,-0.1668275,0.5344376,0.4872312,-0.1798836,0.6719213,0.4151444,-0.2414567,0.674497,0.43524,-0.2124157,-0.03125811,0.5665037,-0.2190686,-0.2080728,0.6990702,-0.2308782,-0.3728533,0.8328154,-0.303591,0.000806272,0.5480617,-0.3301773,0.19457,0.4093641,-0.3702244,0.4157127,0.2613458,-0.1933481,0.3212583,0.5471348
72057594037941341,0,2.001561,9891.384,-0.2608357,-0.02799222,0.568985,-0.2166646,0.2886638,0.534032,-0.1397019,0.3667931,0.5181777,-0.26706,0.2547519,0.4555255,-0.4073854,0.251001,0.3936321,-0.4552077,0.2491977,0.375532,-0.2043288,0.3274611,0.5341036,-0.1668275,0.5344376,0.4872312,-0.1798836,0.6719213,0.4151444,-0.2414567,0.674497,0.43524,-0.2124157,-0.03125811,0.5665037,-0.2190686,-0.2080728,0.6990702,-0.2308782,-0.3728533,0.8328154,-0.303591,0.000806272,0.5480617,-0.3301773,0.19457,0.4093641,-0.3702244,0.4157127,0.2613458,-0.1933481,0.3212583,0.5471348
72057594037941341,0,2.001561,9891.386,-0.2608357,-0.02799222,0.568985,-0.2166646,0.2886638,0.534032,-0.1397019,0.3667931,0.5181777,-0.26706,0.2547519,0.4555255,-0.4073854,0.251001,0.3936321,-0.4552077,0.2491977,0.375532,-0.2043288,0.3274611,0.5341036,-0.1668275,0.5344376,0.4872312,-0.1798836,0.6719213,0.4151444,-0.2414567,0.674497,0.43524,-0.2124157,-0.03125811,0.5665037,-0.2190686,-0.2080728,0.6990702,-0.2308782,-0.3728533,0.8328154,-0.303591,0.000806272,0.5480617,-0.3301773,0.19457,0.4093641,-0.3702244,0.4157127,0.2613458,-0.1933481,0.3212583,0.5471348
72057594037941341,0,2.001561,9891.388,-0.2608357,-0.02799222,0.568985,-0.2166646,0.2886638,0.534032,-0.1397019,0.3667931,0.5181777,-0.26706,0.2547519,0.4555255,-0.4073854,0.251001,0.3936321,-0.4552077,0.2491977,0.375532,-0.2043288,0.3274611,0.5341036,-0.1668275,0.5344376,0.4872312,-0.1798836,0.6719213,0.4151444,-0.2414567,0.674497,0.43524,-0.2124157,-0.03125811,0.5665037,-0.2190686,-0.2080728,0.6990702,-0.2308782,-0.3728533,0.8328154,-0.303591,0.000806272,0.5480617,-0.3301773,0.19457,0.4093641,-0.3702244,0.4157127,0.2613458,-0.1933481,0.3212583,0.5471348
72057594037941341,0,2.001561,9891.39,-0.2608357,-0.02799222,0.568985,-0.2166646,0.2886638,0.534032,-0.1397019,0.3667931,0.5181777,-0.26706,0.2547519,0.4555255,-0.4073854,0.251001,0.3936321,-0.4552077,0.2491977,0.375532,-0.2043288,0.3274611,0.5341036,-0.1668275,0.5344376,0.4872312,-0.1798836,0.6719213,0.4151444,-0.2414567,0.674497,0.43524,-0.2124157,-0.03125811,0.5665037,-0.2190686,-0.2080728,0.6990702,-0.2308782,-0.3728533,0.8328154,-0.303591,0.000806272,0.5480617,-0.3301773,0.19457,0.4093641,-0.3702244,0.4157127,0.2613458,-0.1933481,0.3212583,0.5471348
72057594037941341,0,2.001561,9891.393,-0.2608357,-0.02799222,0.568985,-0.2166646,0.2886638,0.534032,-0.1397019,0.3667931,0.5181777,-0.26706,0.2547519,0.4555255,-0.4073854,0.251001,0.3936321,-0.4552077,0.2491977,0.375532,-0.2043288,0.3274611,0.5341036,-0.1668275,0.5344376,0.4872312,-0.1798836,0.6719213,0.4151444,-0.2414567,0.674497,0.43524,-0.2124157,-0.03125811,0.5665037,-0.2190686,-0.2080728,0.6990702,-0.2308782,-0.3728533,0.8328154,-0.303591,0.000806272,0.5480617,-0.3301773,0.19457,0.4093641,-0.3702244,0.4157127,0.2613458,-0.1933481,0.3212583,0.5471348
72057594037941341,0,2.001561,9891.395,-0.2608357,-0.02799222,0.568985,-0.2166646,0.2886638,0.534032,-0.1397019,0.3667931,0.5181777,-0.26706,0.2547519,0.4555255,-0.4073854,0.251001,0.3936321,-0.4552077,0.2491977,0.375532,-0.2043288,0.3274611,0.5341036,-0.1668275,0.5344376,0.4872312,-0.1798836,0.6719213,0.4151444,-0.2414567,0.674497,0.43524,-0.2124157,-0.03125811,0.5665037,-0.2190686,-0.2080728,0.6990702,-0.2308782,-0.3728533,0.8328154,-0.303591,0.000806272,0.5480617,-0.3301773,0.19457,0.4093641,-0.3702244,0.4157127,0.2613458,-0.1933481,0.3212583,0.5471348
72057594037941341,0,2.001561,9891.396,-0.2608357,-0.02799222,0.568985,-0.2166646,0.2886638,0.534032,-0.1397019,0.3667931,0.5181777,-0.26706,0.2547519,0.4555255,-0.4073854,0.251001,0.3936321,-0.4552077,0.2491977,0.375532,-0.2043288,0.3274611,0.5341036,-0.1668275,0.5344376,0.4872312,-0.1798836,0.6719213,0.4151444,-0.2414567,0.674497,0.43524,-0.2124157,-0.03125811,0.5665037,-0.2190686,-0.2080728,0.6990702,-0.2308782,-0.3728533,0.8328154,-0.303591,0.000806272,0.5480617,-0.3301773,0.19457,0.4093641,-0.3702244,0.4157127,0.2613458,-0.1933481,0.3212583,0.5471348
72057594037941341,0,2.001561,9891.398,-0.2608357,-0.02799222,0.568985,-0.2166646,0.2886638,0.534032,-0.1397019,0.3667931,0.5181777,-0.26706,0.2547519,0.4555255,-0.4073854,0.251001,0.3936321,-0.4552077,0.2491977,0.375532,-0.2043288,0.3274611,0.5341036,-0.1668275,0.5344376,0.4872312,-0.1798836,0.6719213,0.4151444,-0.2414567,0.674497,0.43524,-0.2124157,-0.03125811,0.5665037,-0.2190686,-0.2080728,0.6990702,-0.2308782,-0.3728533,0.8328154,-0.303591,0.000806272,0.5480617,-0.3301773,0.19457,0.4093641,-0.3702244,0.4157127,0.2613458,-0.1933481,0.3212583,0.5471348
72057594037941341,0,1.927976,9891.4,-0.2980096,0.02212432,0.6324227,-0.2461233,0.3391695,0.5830011,-0.1686263,0.4134792,0.5667343,-0.183965,0.2365184,0.4414302,-0.3388255,0.2658019,0.4216664,-0.3494283,0.2596378,0.4209652,-0.2329606,0.3741911,0.5828345,-0.1788461,0.4240204,0.4372,-0.1987061,0.5704765,0.465671,-0.1942207,0.6029611,0.4451366,-0.2434886,0.02720159,0.6423825,-0.2487201,-0.1633481,0.7609935,-0.2596307,-0.3378034,0.8832725,-0.3340172,0.03945726,0.5765384,-0.3581443,0.253323,0.4761442,-0.3953339,0.4979085,0.3746429,-0.2226071,0.369551,0.5960253
72057594037941341,0,1.927976,9891.402,-0.2980096,0.02212432,0.6324227,-0.2461233,0.3391695,0.5830011,-0.1686263,0.4134792,0.5667343,-0.183965,0.2365184,0.4414302,-0.3388255,0.2658019,0.4216664,-0.3494283,0.2596378,0.4209652,-0.2329606,0.3741911,0.5828345,-0.1788461,0.4240204,0.4372,-0.1987061,0.5704765,0.465671,-0.1942207,0.6029611,0.4451366,-0.2434886,0.02720159,0.6423825,-0.2487201,-0.1633481,0.7609935,-0.2596307,-0.3378034,0.8832725,-0.3340172,0.03945726,0.5765384,-0.3581443,0.253323,0.4761442,-0.3953339,0.4979085,0.3746429,-0.2226071,0.369551,0.5960253
72057594037941341,0,1.927976,9891.404,-0.2980096,0.02212432,0.6324227,-0.2461233,0.3391695,0.5830011,-0.1686263,0.4134792,0.5667343,-0.183965,0.2365184,0.4414302,-0.3388255,0.2658019,0.4216664,-0.3494283,0.2596378,0.4209652,-0.2329606,0.3741911,0.5828345,-0.1788461,0.4240204,0.4372,-0.1987061,0.5704765,0.465671,-0.1942207,0.6029611,0.4451366,-0.2434886,0.02720159,0.6423825,-0.2487201,-0.1633481,0.7609935,-0.2596307,-0.3378034,0.8832725,-0.3340172,0.03945726,0.5765384,-0.3581443,0.253323,0.4761442,-0.3953339,0.4979085,0.3746429,-0.2226071,0.369551,0.5960253
72057594037941341,0,1.927976,9891.405,-0.2980096,0.02212432,0.6324227,-0.2461233,0.3391695,0.5830011,-0.1686263,0.4134792,0.5667343,-0.183965,0.2365184,0.4414302,-0.3388255,0.2658019,0.4216664,-0.3494283,0.2596378,0.4209652,-0.2329606,0.3741911,0.5828345,-0.1788461,0.4240204,0.4372,-0.1987061,0.5704765,0.465671,-0.1942207,0.6029611,0.4451366,-0.2434886,0.02720159,0.6423825,-0.2487201,-0.1633481,0.7609935,-0.2596307,-0.3378034,0.8832725,-0.3340172,0.03945726,0.5765384,-0.3581443,0.253323,0.4761442,-0.3953339,0.4979085,0.3746429,-0.2226071,0.369551,0.5960253
72057594037941341,0,1.927976,9891.408,-0.2980096,0.02212432,0.6324227,-0.2461233,0.3391695,0.5830011,-0.1686263,0.4134792,0.5667343,-0.183965,0.2365184,0.4414302,-0.3388255,0.2658019,0.4216664,-0.3494283,0.2596378,0.4209652,-0.2329606,0.3741911,0.5828345,-0.1788461,0.4240204,0.4372,-0.1987061,0.5704765,0.465671,-0.1942207,0.6029611,0.4451366,-0.2434886,0.02720159,0.6423825,-0.2487201,-0.1633481,0.7609935,-0.2596307,-0.3378034,0.8832725,-0.3340172,0.03945726,0.5765384,-0.3581443,0.253323,0.4761442,-0.3953339,0.4979085,0.3746429,-0.2226071,0.369551,0.5960253
72057594037941341,0,1.927976,9891.41,-0.2980096,0.02212432,0.6324227,-0.2461233,0.3391695,0.5830011,-0.1686263,0.4134792,0.5667343,-0.183965,0.2365184,0.4414302,-0.3388255,0.2658019,0.4216664,-0.3494283,0.2596378,0.4209652,-0.2329606,0.3741911,0.5828345,-0.1788461,0.4240204,0.4372,-0.1987061,0.5704765,0.465671,-0.1942207,0.6029611,0.4451366,-0.2434886,0.02720159,0.6423825,-0.2487201,-0.1633481,0.7609935,-0.2596307,-0.3378034,0.8832725,-0.3340172,0.03945726,0.5765384,-0.3581443,0.253323,0.4761442,-0.3953339,0.4979085,0.3746429,-0.2226071,0.369551,0.5960253
72057594037941341,0,1.927976,9891.411,-0.2980096,0.02212432,0.6324227,-0.2461233,0.3391695,0.5830011,-0.1686263,0.4134792,0.5667343,-0.183965,0.2365184,0.4414302,-0.3388255,0.2658019,0.4216664,-0.3494283,0.2596378,0.4209652,-0.2329606,0.3741911,0.5828345,-0.1788461,0.4240204,0.4372,-0.1987061,0.5704765,0.465671,-0.1942207,0.6029611,0.4451366,-0.2434886,0.02720159,0.6423825,-0.2487201,-0.1633481,0.7609935,-0.2596307,-0.3378034,0.8832725,-0.3340172,0.03945726,0.5765384,-0.3581443,0.253323,0.4761442,-0.3953339,0.4979085,0.3746429,-0.2226071,0.369551,0.5960253
72057594037941341,0,1.927976,9891.413,-0.2980096,0.02212432,0.6324227,-0.2461233,0.3391695,0.5830011,-0.1686263,0.4134792,0.5667343,-0.183965,0.2365184,0.4414302,-0.3388255,0.2658019,0.4216664,-0.3494283,0.2596378,0.4209652,-0.2329606,0.3741911,0.5828345,-0.1788461,0.4240204,0.4372,-0.1987061,0.5704765,0.465671,-0.1942207,0.6029611,0.4451366,-0.2434886,0.02720159,0.6423825,-0.2487201,-0.1633481,0.7609935,-0.2596307,-0.3378034,0.8832725,-0.3340172,0.03945726,0.5765384,-0.3581443,0.253323,0.4761442,-0.3953339,0.4979085,0.3746429,-0.2226071,0.369551,0.5960253
72057594037941341,0,1.927976,9891.414,-0.2980096,0.02212432,0.6324227,-0.2461233,0.3391695,0.5830011,-0.1686263,0.4134792,0.5667343,-0.183965,0.2365184,0.4414302,-0.3388255,0.2658019,0.4216664,-0.3494283,0.2596378,0.4209652,-0.2329606,0.3741911,0.5828345,-0.1788461,0.4240204,0.4372,-0.1987061,0.5704765,0.465671,-0.1942207,0.6029611,0.4451366,-0.2434886,0.02720159,0.6423825,-0.2487201,-0.1633481,0.7609935,-0.2596307,-0.3378034,0.8832725,-0.3340172,0.03945726,0.5765384,-0.3581443,0.253323,0.4761442,-0.3953339,0.4979085,0.3746429,-0.2226071,0.369551,0.5960253
72057594037941341,0,1.927976,9891.416,-0.2980096,0.02212432,0.6324227,-0.2461233,0.3391695,0.5830011,-0.1686263,0.4134792,0.5667343,-0.183965,0.2365184,0.4414302,-0.3388255,0.2658019,0.4216664,-0.3494283,0.2596378,0.4209652,-0.2329606,0.3741911,0.5828345,-0.1788461,0.4240204,0.4372,-0.1987061,0.5704765,0.465671,-0.1942207,0.6029611,0.4451366,-0.2434886,0.02720159,0.6423825,-0.2487201,-0.1633481,0.7609935,-0.2596307,-0.3378034,0.8832725,-0.3340172,0.03945726,0.5765384,-0.3581443,0.253323,0.4761442,-0.3953339,0.4979085,0.3746429,-0.2226071,0.369551,0.5960253
72057594037941341,0,1.927976,9891.419,-0.2980096,0.02212432,0.6324227,-0.2461233,0.3391695,0.5830011,-0.1686263,0.4134792,0.5667343,-0.183965,0.2365184,0.4414302,-0.3388255,0.2658019,0.4216664,-0.3494283,0.2596378,0.4209652,-0.2329606,0.3741911,0.5828345,-0.1788461,0.4240204,0.4372,-0.1987061,0.5704765,0.465671,-0.1942207,0.6029611,0.4451366,-0.2434886,0.02720159,0.6423825,-0.2487201,-0.1633481,0.7609935,-0.2596307,-0.3378034,0.8832725,-0.3340172,0.03945726,0.5765384,-0.3581443,0.253323,0.4761442,-0.3953339,0.4979085,0.3746429,-0.2226071,0.369551,0.5960253
72057594037941341,0,1.927976,9891.421,-0.2980096,0.02212432,0.6324227,-0.2461233,0.3391695,0.5830011,-0.1686263,0.4134792,0.5667343,-0.183965,0.2365184,0.4414302,-0.3388255,0.2658019,0.4216664,-0.3494283,0.2596378,0.4209652,-0.2329606,0.3741911,0.5828345,-0.1788461,0.4240204,0.4372,-0.1987061,0.5704765,0.465671,-0.1942207,0.6029611,0.4451366,-0.2434886,0.02720159,0.6423825,-0.2487201,-0.1633481,0.7609935,-0.2596307,-0.3378034,0.8832725,-0.3340172,0.03945726,0.5765384,-0.3581443,0.253323,0.4761442,-0.3953339,0.4979085,0.3746429,-0.2226071,0.369551,0.5960253
72057594037941341,0,1.927976,9891.423,-0.2980096,0.02212432,0.6324227,-0.2461233,0.3391695,0.5830011,-0.1686263,0.4134792,0.5667343,-0.183965,0.2365184,0.4414302,-0.3388255,0.2658019,0.4216664,-0.3494283,0.2596378,0.4209652,-0.2329606,0.3741911,0.5828345,-0.1788461,0.4240204,0.4372,-0.1987061,0.5704765,0.465671,-0.1942207,0.6029611,0.4451366,-0.2434886,0.02720159,0.6423825,-0.2487201,-0.1633481,0.7609935,-0.2596307,-0.3378034,0.8832725,-0.3340172,0.03945726,0.5765384,-0.3581443,0.253323,0.4761442,-0.3953339,0.4979085,0.3746429,-0.2226071,0.369551,0.5960253
72057594037941341,0,1.927976,9891.425,-0.2980096,0.02212432,0.6324227,-0.2461233,0.3391695,0.5830011,-0.1686263,0.4134792,0.5667343,-0.183965,0.2365184,0.4414302,-0.3388255,0.2658019,0.4216664,-0.3494283,0.2596378,0.4209652,-0.2329606,0.3741911,0.5828345,-0.1788461,0.4240204,0.4372,-0.1987061,0.5704765,0.465671,-0.1942207,0.6029611,0.4451366,-0.2434886,0.02720159,0.6423825,-0.2487201,-0.1633481,0.7609935,-0.2596307,-0.3378034,0.8832725,-0.3340172,0.03945726,0.5765384,-0.3581443,0.253323,0.4761442,-0.3953339,0.4979085,0.3746429,-0.2226071,0.369551,0.5960253
72057594037941341,0,1.927976,9891.427,-0.2980096,0.02212432,0.6324227,-0.2461233,0.3391695,0.5830011,-0.1686263,0.4134792,0.5667343,-0.183965,0.2365184,0.4414302,-0.3388255,0.2658019,0.4216664,-0.3494283,0.2596378,0.4209652,-0.2329606,0.3741911,0.5828345,-0.1788461,0.4240204,0.4372,-0.1987061,0.5704765,0.465671,-0.1942207,0.6029611,0.4451366,-0.2434886,0.02720159,0.6423825,-0.2487201,-0.1633481,0.7609935,-0.2596307,-0.3378034,0.8832725,-0.3340172,0.03945726,0.5765384,-0.3581443,0.253323,0.4761442,-0.3953339,0.4979085,0.3746429,-0.2226071,0.369551,0.5960253
72057594037941341,0,1.927976,9891.429,-0.2980096,0.02212432,0.6324227,-0.2461233,0.3391695,0.5830011,-0.1686263,0.4134792,0.5667343,-0.183965,0.2365184,0.4414302,-0.3388255,0.2658019,0.4216664,-0.3494283,0.2596378,0.4209652,-0.2329606,0.3741911,0.5828345,-0.1788461,0.4240204,0.4372,-0.1987061,0.5704765,0.465671,-0.1942207,0.6029611,0.4451366,-0.2434886,0.02720159,0.6423825,-0.2487201,-0.1633481,0.7609935,-0.2596307,-0.3378034,0.8832725,-0.3340172,0.03945726,0.5765384,-0.3581443,0.253323,0.4761442,-0.3953339,0.4979085,0.3746429,-0.2226071,0.369551,0.5960253
72057594037941341,0,1.927976,9891.431,-0.2980096,0.02212432,0.6324227,-0.2461233,0.3391695,0.5830011,-0.1686263,0.4134792,0.5667343,-0.183965,0.2365184,0.4414302,-0.3388255,0.2658019,0.4216664,-0.3494283,0.2596378,0.4209652,-0.2329606,0.3741911,0.5828345,-0.1788461,0.4240204,0.4372,-0.1987061,0.5704765,0.465671,-0.1942207,0.6029611,0.4451366,-0.2434886,0.02720159,0.6423825,-0.2487201,-0.1633481,0.7609935,-0.2596307,-0.3378034,0.8832725,-0.3340172,0.03945726,0.5765384,-0.3581443,0.253323,0.4761442,-0.3953339,0.4979085,0.3746429,-0.2226071,0.369551,0.5960253
